prov_name,kab_name,kec_name,link_sekolah_kita,link_referensi,nama,npsn,alamat,desa/kelurahan,kecamatan/kota_(ln),kab.-kota/negara_(ln),propinsi/luar_negeri_(ln),status_sekolah,bentuk_pendidikan,kementerian_pembina,naungan,npyp,no._sk._pendirian,tanggal_sk._pendirian,nomor_sk_operasional,tanggal_sk_operasional,file_sk_operasional,tanggal_upload_sk_op.,akreditasi,luas_tanah,akses_internet,akses_internet_2,sumber_listrik,fax,telepon,email,website,lintang,bujur,guru,siswa_laki_laki,siswa_perempuan,rombongan_belajar,penyelenggaraan,manajemen_berbasis_sekolah,semester_data,daya_listrik,ruang_kelas,laboratorium,perpustakaan,sanitasi_siswa,guru_pns,guru_gtt,guru_gty,guru_honor,guru_gol_i,guru_gol_ii,guru_gol_iii,guru_gol_iv,guru_sertifikasi,guru_belum_sertifikasi,guru_kurang_dari_s1,guru_s1_atau_lebih,guru_data_kosong,guru_kurang_dari_30_tahun,guru_31_35_tahun,guru_36_40,guru_41_45_tahun,guru_46_50_tahun,guru_51_55_tahun,guru_lebih_dari_55_tahun,guru_laki_laki,guru_perempuan,program_/_layanan,kurikulum,akses_internet_sekolah_kita,rombel_tingkat_1,rombel_tingkat_2,rombel_tingkat_3,rombel_tingkat_4,rombel_tingkat_5,rombel_tingkat_6,rombel_tingkat_7,rombel_tingkat_8,rombel_tingkat_9,rombel_tingkat_10,rombel_tingkat_11,rombel_tingkat_12,rombel_tingkat_13
Sumatera Utara,Kab. Deli Serdang,Sunggal,https://sekolah.data.kemdikbud.go.id/index.php/Chome/profil/DC3B23D3-F530-4B09-82E2-7DB99FFF67FA,https://referensi.data.kemdikbud.go.id/pendidikan/npsn/70028242,MA MUTIARA SUNGGAL,70028242,Jalan Jati Dusun II A Sei Mencirim,SEI MENCIRIM,KEC. SUNGGAL,KAB. DELI SERDANG,PROV. SUMATERA UTARA,SWASTA,MA,Kementerian Agama,,,,,154 TAHUN 2022,31-01-2022,Silakan Upload SK (link file tidak valid) => [200989-724464-https,2022-04-19 09,,"2,200",,2.,,,,,,.000000000000,.000000000000,0,2,1,0,,,2022/2023-2,,0,0,0,0,0,0,0,0,0,0,0,0,0,0,0,0,0,0,0,0,0,0,0,0,,,,,,,,,,,,,,,,,,
Sumatera Utara,Kab. Deli Serdang,Sunggal,https://sekolah.data.kemdikbud.go.id/index.php/Chome/profil/7F804598-51C7-43C9-9DF0-D3573A4AEEA1,https://referensi.data.kemdikbud.go.id/pendidikan/npsn/69963524,MAS Al Asy ariyah,69963524,JL. SEI SERAYU MEDAN KRIO NO. 18,MEDAN KRIO,KEC. SUNGGAL,KAB. DELI SERDANG,PROV. SUMATERA UTARA,SWASTA,MA,Kementerian Agama,Lainnya,,1773 Tahun 2016,12-10-2016,1773 Tahun 2016,12-10-2016,Lihat SK Operasional,2020-01-30 15,B,0,,2.,,,,,,.000000000000,.000000000000,0,300,370,0,,,2022/2023-2,,0,0,0,0,0,0,0,0,0,0,0,0,0,0,0,0,0,0,0,0,0,0,0,0,,,,,,,,,,,,,,,,,,
Sumatera Utara,Kab. Deli Serdang,Sunggal,https://sekolah.data.kemdikbud.go.id/index.php/Chome/profil/F9187BE8-90D7-4A23-8481-EFBE6DF536E9,https://referensi.data.kemdikbud.go.id/pendidikan/npsn/10264737,MAS AMALIYAH,10264737,TANJUNG GUSTA SUNGGAL,TANJUNG GUSTA,KEC. SUNGGAL,KAB. DELI SERDANG,PROV. SUMATERA UTARA,SWASTA,MA,Kementerian Agama,,,,,,,Silakan Upload SK,,B,0,,2.,,,,,,3.643800000000,98.598200000000,0,254,311,0,,,2022/2023-2,,0,0,0,0,0,0,0,0,0,0,0,0,0,0,0,0,0,0,0,0,0,0,0,0,,,,,,,,,,,,,,,,,,
Sumatera Utara,Kab. Deli Serdang,Sunggal,https://sekolah.data.kemdikbud.go.id/index.php/Chome/profil/13DC893C-2F65-4735-A3A3-D58EAA15FF34,https://referensi.data.kemdikbud.go.id/pendidikan/npsn/70006919,MAS FARHAN SYARIF HIDAYAH,70006919,JL. ORDE BARU GG.PIPIT,MULYOREJO,KEC. SUNGGAL,KAB. DELI SERDANG,PROV. SUMATERA UTARA,SWASTA,MA,Kementerian Agama,,,67,30-09-2019,132,22-01-2020,Lihat SK Operasional,2021-01-13 12,,"2,750",,2.,,,,,,.000000000000,.000000000000,0,60,55,0,,,2022/2023-2,,0,0,0,0,0,0,0,0,0,0,0,0,0,0,0,0,0,0,0,0,0,0,0,0,,,,,,,,,,,,,,,,,,
Sumatera Utara,Kab. Deli Serdang,Sunggal,https://sekolah.data.kemdikbud.go.id/index.php/Chome/profil/545204A0-0BE0-48C4-B8CC-6007C20F5022,https://referensi.data.kemdikbud.go.id/pendidikan/npsn/69941578,MAS Istiqomah Sri Gunting,69941578,Perum Sri Gunting II,SEI BERAS SEKATA,KEC. SUNGGAL,KAB. DELI SERDANG,PROV. SUMATERA UTARA,SWASTA,MA,Kementerian Agama,Lainnya,,B-1427/Kk.02.01/05.PP.00/03/2020,15-07-2015,B-1427/Kk.02.01/05.PP.00/03/2020,15-07-2019,Lihat SK Operasional,2021-05-25 09,B,0,,2.,,,,,,3.558300000000,98.604600000000,0,30,26,0,,,2022/2023-2,,0,0,0,0,0,0,0,0,0,0,0,0,0,0,0,0,0,0,0,0,0,0,0,0,,,,,,,,,,,,,,,,,,
Sumatera Utara,Kab. Deli Serdang,Sunggal,https://sekolah.data.kemdikbud.go.id/index.php/Chome/profil/D100EDCA-F870-4AFC-9C62-F3DC07806A68,https://referensi.data.kemdikbud.go.id/pendidikan/npsn/69983387,MAS NUR ADIA,69983387,JL. BESAR TANJUNG SELAMAT NO. 100 KEC. SUNGGAL KAB. DELI SERDANG,TANJUNG SELAMAT,KEC. SUNGGAL,KAB. DELI SERDANG,PROV. SUMATERA UTARA,SWASTA,MA,Kementerian Agama,,,913 TAHUN 2017,25-09-2017,913 TAHUN 2017,25-09-2017,Lihat SK Operasional,2022-07-07 08,B,"3,100",,2.,,,,,,.000000000000,.000000000000,0,21,11,0,,,2022/2023-2,,0,0,0,0,0,0,0,0,0,0,0,0,0,0,0,0,0,0,0,0,0,0,0,0,,,,,,,,,,,,,,,,,,
Sumatera Utara,Kab. Deli Serdang,Sunggal,https://sekolah.data.kemdikbud.go.id/index.php/Chome/profil/EB531711-A880-4ACE-AAD9-445B18D38085,https://referensi.data.kemdikbud.go.id/pendidikan/npsn/10264736,MAS YASPEND EL-HIDAYAH,10264736,"JL. BINJAI KM 9,1",KAMPUNG LALANG,KEC. SUNGGAL,KAB. DELI SERDANG,PROV. SUMATERA UTARA,SWASTA,MA,Kementerian Agama,,,AHU-10871.50.10.2014,14-12-2014,121 tahun 2016,15-02-2016,Lihat SK Operasional,2020-02-13 10,B,0,,2.,,,,,,3.605700000000,98.602100000000,0,34,19,0,,,2022/2023-2,,0,0,0,0,0,0,0,0,0,0,0,0,0,0,0,0,0,0,0,0,0,0,0,0,,,,,,,,,,,,,,,,,,
Sumatera Utara,Kab. Deli Serdang,Sunggal,https://sekolah.data.kemdikbud.go.id/index.php/Chome/profil/01FF8463-9287-4BA9-AB9B-5C2882DA6982,https://referensi.data.kemdikbud.go.id/pendidikan/npsn/69849524,MIFTAHUL FALAH DISKI,69849524,PAYABAKUNG NO 24 DISKI,TELAGA SARI,KEC. SUNGGAL,KAB. DELI SERDANG,PROV. SUMATERA UTARA,SWASTA,MA,Kementerian Agama,Lainnya,,NO 29 tanggan 19 Januari 2013,19-01-2013,307 TAHUN 2019,31-01-2019,Lihat SK Operasional,2021-01-05 13,B,0,,2.,,,,,,3.619186000000,98.588708000000,0,23,32,0,,,2022/2023-2,,0,0,0,0,0,0,0,0,0,0,0,0,0,0,0,0,0,0,0,0,0,0,0,0,,,,,,,,,,,,,,,,,,
Sumatera Utara,Kab. Deli Serdang,Sunggal,https://sekolah.data.kemdikbud.go.id/index.php/Chome/profil/6CC7A236-CD62-44BA-B4B4-7FB971AF887B,https://referensi.data.kemdikbud.go.id/pendidikan/npsn/69996168,SLB PONDOK ANUGERAH,69996168,Jl. Stasiun Gg. Munawar,TANJUNG GUSTA,KEC. SUNGGAL,KAB. DELI SERDANG,PROV. SUMATERA UTARA,SWASTA,SLB,"Kementerian Pendidikan, Kebudayaan, Riset, dan Teknologi",,,421.5/1291/DIS PM PPTSP/6/VIII/2019,05-05-2017,421.5/1291/DIS PM PPTSP/6/VIII/2019,13-08-2019,Silakan Upload SK (link file tidak valid) => [389092-887870--],2020-10-12 13,B,440,1. Telkom Astinet,2. Telkomsel Flash,PLN,,,slbpondokanugerah@gmail.com,http,.000000000000,.000000000000,8,59,36,16,Pagi/6 hari,,2022/2023-2,"3,500",9,0,1,1,0,0,6,3,8,0,0,0,0,8,0,2,6,7,0,0,1,0,0,0,2,6,"SDLB, SMPLB,  dan SMLB",Pendidikan Khusus SMALB 2013,Telkom Astinet,1,1,1,2,2,2,2,2,1,1,1,0,
Sumatera Utara,Kab. Deli Serdang,Sunggal,https://sekolah.data.kemdikbud.go.id/index.php/Chome/profil/6FD4293B-B0E6-4884-940D-C33764E3A0FC,https://referensi.data.kemdikbud.go.id/pendidikan/npsn/69981782,SMA IT JABAL NOOR,69981782,Jl. Sei Mencirim Gg. Abadi,MEDAN KRIO,KEC. SUNGGAL,KAB. DELI SERDANG,PROV. SUMATERA UTARA,SWASTA,SMA,"Kementerian Pendidikan, Kebudayaan, Riset, dan Teknologi",YAYASAN JABAL NOOR UTAMA,AK3919,420/1234/CABDIS.SUNGGAL/X/2018,15-10-2018,420/1234/CABDIS.SUNGGAL/X/2018,15-10-2018,Lihat SK Operasional,2018-11-01 22,B,300,1. Telkomsel Flash,2. Telkom Speedy,PLN,,,smaitjabalnoor@gmail.com,http,3.574465800000,98.590806900000,17,113,87,7,Sehari Penuh/6 hari,,2022/2023-2,"2,300",11,1,1,2,0,0,17,2,17,0,0,0,0,17,0,9,8,11,2,2,1,1,0,0,2,15,,SMA 2013 MIPA,Telkomsel Flash,,,,,,,,,,2,3,2,
Sumatera Utara,Kab. Deli Serdang,Sunggal,https://sekolah.data.kemdikbud.go.id/index.php/Chome/profil/E10A3E98-51B1-4E02-867A-8B337637755C,https://referensi.data.kemdikbud.go.id/pendidikan/npsn/69815453,SMA PRESTASI UTAMA,69815453,Jl. Kalirejo Ujung Dusun II Sidodadi,SEI SEMAYANG,KEC. SUNGGAL,KAB. DELI SERDANG,PROV. SUMATERA UTARA,SWASTA,SMA,"Kementerian Pendidikan, Kebudayaan, Riset, dan Teknologi",Yayasan PENDIDIKAN PRESTASI UTAMA,AK3836,19,31-10-2008,421/11627/PDM/2013,10-09-2013,Lihat SK Operasional,2020-08-28 15,B,"3,000",1. Axis,2. Telkom Speedy,PLN,0,,prestasiutama@gmail.com,http,3.594900000000,98.548100000000,20,86,122,6,Pagi/6 hari,,2022/2023-2,900,6,0,0,1,6,0,11,4,14,0,3,3,6,14,0,19,1,7,5,0,0,3,3,2,11,9,,SMA 2013 IPS,Axis,,,,,,,,,,2,3,1,
Sumatera Utara,Kab. Deli Serdang,Sunggal,https://sekolah.data.kemdikbud.go.id/index.php/Chome/profil/8BF04731-1F5B-47C4-BD2F-1641AB3758F5,https://referensi.data.kemdikbud.go.id/pendidikan/npsn/69969094,SMA SWASTA AMANAH TAHFIDZ,69969094,Jl. Pelita Sei Mencirim Dusun VII,MEDAN KRIO,KEC. SUNGGAL,KAB. DELI SERDANG,PROV. SUMATERA UTARA,SWASTA,SMA,"Kementerian Pendidikan, Kebudayaan, Riset, dan Teknologi",Yayasan Pendidikan dan Sosial Helvetia,AL9643,01,28-09-2016,421/8361/PDM/2016,03-10-2016,Lihat SK Operasional,2017-11-01 18,B,"1,260",1. Firstmedia,2. Firstmedia,PLN,,,info@amanahtahfiz.sch.id,http,3.595816000000,98.567855100000,10,60,74,5,Pagi/6 hari,,2022/2023-2,"6,600",6,0,1,2,0,0,8,3,10,0,0,0,0,10,0,9,1,7,1,1,0,1,0,0,3,7,,SMA 2013 MIPA,Firstmedia,,,,,,,,,,1,2,2,
Sumatera Utara,Kab. Deli Serdang,Sunggal,https://sekolah.data.kemdikbud.go.id/index.php/Chome/profil/DB272E16-A963-458B-927F-B1723AEA2DA9,https://referensi.data.kemdikbud.go.id/pendidikan/npsn/69948504,SMA SWASTA KINGSTON SCHOOL,69948504,Jl. Kapten Sumarsono Komp. Graha Metropolitan Blok E No. 25/26,HELVETIA,KEC. SUNGGAL,KAB. DELI SERDANG,PROV. SUMATERA UTARA,SWASTA,SMA,"Kementerian Pendidikan, Kebudayaan, Riset, dan Teknologi",YAYASAN PENDIDIKAN LATIHAN KESENIAN WULAN,AW8311,20,25-01-2016,421/9284/PDM/2015,23-11-2015,Lihat SK Operasional,2016-09-01 09,A,"1,200",1. Lainnya (Serat Optik),2. Lainnya (Serat Optik),PLN,0618458555,0618458555,kingstonschoolmedan@gmail.com,http,3.547095700000,98.585985900000,13,23,34,6,Sehari Penuh/5 hari,,2022/2023-2,"12,000",6,4,1,2,0,0,12,2,13,0,0,0,0,13,0,10,3,4,6,2,1,0,0,0,2,11,,SMA 2013 MIPA,Lainnya (Serat Optik),,,,,,,,,,2,2,2,
Sumatera Utara,Kab. Deli Serdang,Sunggal,https://sekolah.data.kemdikbud.go.id/index.php/Chome/profil/A1BF00EA-5B08-4C11-A61A-CFA14D2C9B9D,https://referensi.data.kemdikbud.go.id/pendidikan/npsn/10262125,SMA SWASTA MAHAD MUHAMMAD SAMAN,10262125,JL. DISKI GLUGUR RIMBUN DUSUN V,TELAGA SARI,KEC. SUNGGAL,KAB. DELI SERDANG,PROV. SUMATERA UTARA,SWASTA,SMA,"Kementerian Pendidikan, Kebudayaan, Riset, dan Teknologi",Yayasan Pendidikan Hajjah Nyak Kaoy (YAPINKA),AL9633,25,12-07-2002,421.3/1587,21-10-2020,Lihat SK Operasional,2021-04-02 09,B,"54,720",1. Telkomsel Flash,2. Telkom Speedy,PLN,,,alirmantanjung@gmail.com,http,3.540000000000,98.548800000000,16,66,63,5,Sehari Penuh/6 hari,,2022/2023-2,"5,500",8,4,1,2,0,1,12,4,16,0,0,0,1,15,0,12,4,4,4,1,2,1,4,0,5,11,,SMA 2013 MIPA,Telkomsel Flash,,,,,,,,,,2,2,1,
Sumatera Utara,Kab. Deli Serdang,Sunggal,https://sekolah.data.kemdikbud.go.id/index.php/Chome/profil/75EC34A8-EDC8-460D-A065-416CCA13C392,https://referensi.data.kemdikbud.go.id/pendidikan/npsn/69934650,SMA SWASTA WIRA KARYA MANDIRI,69934650,JL PERJUANGAN NO 215,TANJUNG SELAMAT,KEC. SUNGGAL,KAB. DELI SERDANG,PROV. SUMATERA UTARA,SWASTA,SMA,"Kementerian Pendidikan, Kebudayaan, Riset, dan Teknologi",,,71,18-03-2013,421/1374/PDM/2015,30-12-2015,Lihat SK Operasional,2016-02-17 22,,18,,2.,,,,,,3.572577100000,98.597639000000,0,0,0,0,,,2022/2023-2,,0,0,0,0,0,0,0,0,0,0,0,0,0,0,0,0,0,0,0,0,0,0,0,0,,,,,,,,,,,,,,,,,,
Sumatera Utara,Kab. Deli Serdang,Sunggal,https://sekolah.data.kemdikbud.go.id/index.php/Chome/profil/90736F83-D416-4D6F-B05D-090FFA98BF09,https://referensi.data.kemdikbud.go.id/pendidikan/npsn/70031446,SMAK KASIH KARUNIA,70031446,Jalan Helvetia By Pass Gg. Aronta Nomor 78,HELVETIA,KEC. SUNGGAL,KAB. DELI SERDANG,PROV. SUMATERA UTARA,SWASTA,SMAK,Kementerian Agama,YAYASAN HARAPAN BARU YAHARBA,AK3872,Nomor,17-12-2020,Nomor,05-07-2022,Lihat SK Operasional,2022-07-26 10,,"1,547",1. XL (GSM),2. Telkom Speedy,PLN,,,,,3.616700000000,98.635900000000,17,4,8,2,Sehari Penuh/5 hari,,2022/2023-2,"33,000",3,0,1,2,0,1,15,1,17,0,0,0,0,17,0,14,3,6,2,5,1,2,0,1,8,9,,SMA 2013 IPS,XL (GSM),,,,,,,,,,,,,
Sumatera Utara,Kab. Deli Serdang,Sunggal,https://sekolah.data.kemdikbud.go.id/index.php/Chome/profil/94FE84BE-5DEB-4F1C-B355-8F44680F3B63,https://referensi.data.kemdikbud.go.id/pendidikan/npsn/10220218,SMAN 1 SUNGGAL,10220218,JL. Sei Mencirim - Sei Semayang,SEI SEMAYANG,KEC. SUNGGAL,KAB. DELI SERDANG,PROV. SUMATERA UTARA,NEGERI,SMA,"Kementerian Pendidikan, Kebudayaan, Riset, dan Teknologi",Pemerintah Daerah,,11.0/X/272/VII/2005,11-10-2005,421.3/784/Cabdis-Sunggal/VI/2022,23-06-2022,Lihat SK Operasional,2022-07-08 13,A,0,1. Lainnya (Wavelan),2. Telkom Speedy,PLN,,77809619,sman1sunggal@gmail.com,http,3.591400000000,98.551400000000,63,485,706,34,Pagi/6 hari,,2022/2023-2,"22,000",33,4,1,2,46,0,0,17,20,0,40,3,45,18,0,58,5,5,5,6,12,15,11,9,19,44,,SMA 2013 Bhs&Budaya,Lainnya (Wavelan),,,,,,,,,,13,11,10,
Sumatera Utara,Kab. Deli Serdang,Sunggal,https://sekolah.data.kemdikbud.go.id/index.php/Chome/profil/2091FC68-D125-45BE-9178-11A01DE3ED91,https://referensi.data.kemdikbud.go.id/pendidikan/npsn/10214105,SMAS ANDREAS SUNGGAL,10214105,JL. PENDAWA NO.50,PURWODADI,KEC. SUNGGAL,KAB. DELI SERDANG,PROV. SUMATERA UTARA,SWASTA,SMA,"Kementerian Pendidikan, Kebudayaan, Riset, dan Teknologi",Yayasan Perguruan Kristen Andreas,AK3920,56,,,,Silakan Upload SK,,B,"5,050",1. -,2. Telkom Speedy,PLN,,,ypkaandreas@yahoo.co.id,,3.610100000000,98.583900000000,12,33,30,3,Pagi/6 hari,,2022/2023-2,"1,198",5,5,1,2,1,0,11,1,11,0,1,0,3,9,1,9,2,3,3,2,2,0,1,1,3,9,,SMA 2013 MIPA,Tidak Ada,,,,,,,,,,1,1,1,
Sumatera Utara,Kab. Deli Serdang,Sunggal,https://sekolah.data.kemdikbud.go.id/index.php/Chome/profil/816241D2-512A-4D40-8133-A4FD5FA50499,https://referensi.data.kemdikbud.go.id/pendidikan/npsn/10214107,SMAS BAYU PERTIWI,10214107,JL. INPRES KM 16,SEI SEMAYANG,KEC. SUNGGAL,KAB. DELI SERDANG,PROV. SUMATERA UTARA,SWASTA,SMA,"Kementerian Pendidikan, Kebudayaan, Riset, dan Teknologi",,,NO 1230/105/KEP/2001,30-10-2001,421.3/405/DIS PM PPTSP/6/XVII.3/III/2018,16-03-2018,Lihat SK Operasional,2020-08-24 19,Sertifikat Kedaluwarsa,"7,119",1. -,2. Telkom Speedy,PLN,,8823891,sma.bayupertiwi@gmail.com,,3.591400000000,98.518000000000,8,18,24,3,Pagi/6 hari,,2022/2023-2,"1,300",4,1,1,1,1,0,8,0,7,0,1,0,8,0,0,8,0,0,0,1,1,1,2,3,4,4,,SMA 2013 IPS,Tidak Ada,,,,,,,,,,1,1,1,
Sumatera Utara,Kab. Deli Serdang,Sunggal,https://sekolah.data.kemdikbud.go.id/index.php/Chome/profil/E3C41B5C-F242-475E-8BD3-551C1EB8CA80,https://referensi.data.kemdikbud.go.id/pendidikan/npsn/10214128,SMAS MUHAMMADIYAH 18 SUNGGAL,10214128,JL. SEI MENCIRIM NO. 60,MEDAN KRIO,KEC. SUNGGAL,KAB. DELI SERDANG,PROV. SUMATERA UTARA,SWASTA,SMA,"Kementerian Pendidikan, Kebudayaan, Riset, dan Teknologi",Yayasan Pimpinan Wilayah Muhammadiyah (PWM) Prov. Sumatera Utara,AM0308,1749/KEP/I.0/B/2019,20-11-2020,421.3/1167,28-07-2022,Lihat SK Operasional,2022-02-11 23,B,"4,932",1. Telkomsel Flash,2. Telkomsel Flash,PLN,,,smamuhammadiyahsunggal@yahoo.co.id,http,3.578300000000,98.589000000000,20,117,146,9,Sehari Penuh/5 hari,,2022/2023-2,"5,700",11,1,1,4,3,0,16,4,17,0,3,0,12,8,0,16,4,5,3,5,2,1,1,3,11,9,,SMA 2013 IPS,Telkomsel Flash,,,,,,,,,,3,3,3,
Sumatera Utara,Kab. Deli Serdang,Sunggal,https://sekolah.data.kemdikbud.go.id/index.php/Chome/profil/B68DDC28-CD2C-4F0F-B7BE-D083693E15AA,https://referensi.data.kemdikbud.go.id/pendidikan/npsn/10214140,SMAS NILA HARAPAN SUNGGAL,10214140,JL. BINJAI KM. 11.2,MULYOREJO,KEC. SUNGGAL,KAB. DELI SERDANG,PROV. SUMATERA UTARA,SWASTA,SMA,"Kementerian Pendidikan, Kebudayaan, Riset, dan Teknologi",Yayasan Perguruan Nila Harapan,AK3853,26,,,,Silakan Upload SK,,C,"10,011",1. -,2. Telkom Speedy,PLN,,0,smanilaharapan@yahoo.co.id,,3.602200000000,98.586600000000,18,32,49,3,Pagi/6 hari,,2022/2023-2,"2,200",3,2,1,2,4,0,11,5,14,0,0,4,7,11,0,13,5,7,0,2,2,1,4,2,3,15,,SMA 2013 MIPA,Tidak Ada,,,,,,,,,,1,1,1,
Sumatera Utara,Kab. Deli Serdang,Sunggal,https://sekolah.data.kemdikbud.go.id/index.php/Chome/profil/23353EF2-0B4B-4572-8E72-D1CB68ABDB57,https://referensi.data.kemdikbud.go.id/pendidikan/npsn/10214154,SMAS PERSIAPAN SUNGGAL,10214154,JL. JOHOR SEI MENCIRIM,SEI MENCIRIM,KEC. SUNGGAL,KAB. DELI SERDANG,PROV. SUMATERA UTARA,SWASTA,SMA,"Kementerian Pendidikan, Kebudayaan, Riset, dan Teknologi",YAYASAN KARYA BANGSA SUNGGAL,AX0353,,,,,Silakan Upload SK,,C,"3,000",1. Telkomsel Flash,2. Telkom Speedy,PLN,,,smapersiapankebangsaansunggal@gmail.com,http,3.561200000000,98.564100000000,3,27,20,3,Pagi/6 hari,,2022/2023-2,"2,200",3,1,1,2,1,0,2,1,2,0,1,0,1,2,0,2,1,0,0,1,0,1,1,0,0,3,,SMA 2013 IPS,Telkomsel Flash,,,,,,,,,,1,1,1,
Sumatera Utara,Kab. Deli Serdang,Sunggal,https://sekolah.data.kemdikbud.go.id/index.php/Chome/profil/39F711F1-EF82-4D60-83B0-EBCE50885578,https://referensi.data.kemdikbud.go.id/pendidikan/npsn/10214160,SMAS RK DELI MURNI DISKI SUNGGAL,10214160,"JL. BINJAI KM. 14,5 DISKI",SUMBER MELATI DISKI,KEC. SUNGGAL,KAB. DELI SERDANG,PROV. SUMATERA UTARA,SWASTA,SMA,"Kementerian Pendidikan, Kebudayaan, Riset, dan Teknologi",YAYASAN PERGURUAN KATOLIK DON BOSCO KEUSKUPAN AGUNG MEDAN,AB7849,12/14-6-1971,07-01-1971,421/14208/PDM/2013,20-11-2013,Lihat SK Operasional,2017-09-22 07,B,"3,600",1. Telkomsel Flash,2. Telkom Speedy,PLN,,,smarkdiski@yahoo.com,www.smarkdiski.sch.id,3.599700000000,98.556600000000,16,77,89,6,Pagi/6 hari,,2022/2023-2,"1,500",6,3,1,2,0,0,13,7,15,0,1,0,7,9,0,12,4,8,1,2,0,0,3,2,6,10,,SMA 2013 IPS,Telkomsel Flash,,,,,,,,,,2,2,2,
Sumatera Utara,Kab. Deli Serdang,Sunggal,https://sekolah.data.kemdikbud.go.id/index.php/Chome/profil/4EFFF69F-96DA-4D5A-840B-691D466CEC3F,https://referensi.data.kemdikbud.go.id/pendidikan/npsn/10261406,SMAS VALENTINE,10261406,JL.PERINTIS NO.105,SEI SEMAYANG,KEC. SUNGGAL,KAB. DELI SERDANG,PROV. SUMATERA UTARA,SWASTA,SMA,"Kementerian Pendidikan, Kebudayaan, Riset, dan Teknologi",Yayasan Pendidikan Valentine,AL9622,421/3522/PDM/2016,27-04-2016,421/3522/PDM/2016,27-04-2016,Lihat SK Operasional,2020-08-28 07,C,"2,479",1. Telkom Speedy,2. Telkom Speedy,PLN,,,SMA.SWASTA.VALENTINE@GMAIL.COM,,3.634000000000,98.579500000000,14,40,18,4,Pagi/6 hari,,2022/2023-2,900,4,4,1,1,5,0,9,1,9,0,2,3,5,9,0,10,4,4,2,1,1,0,4,2,6,8,,SMA 2013 IPS,Telkom Speedy,,,,,,,,,,1,2,1,
Sumatera Utara,Kab. Deli Serdang,Sunggal,https://sekolah.data.kemdikbud.go.id/index.php/Chome/profil/0794D98E-53D1-4472-AFB3-63AA339DAE4B,https://referensi.data.kemdikbud.go.id/pendidikan/npsn/69974365,SMK SWASTA AL FAJAR SEI MENCIRIM,69974365,Jl. Jati Pasar IV Dusun II Gg. Sekolah,SEI MENCIRIM,KEC. SUNGGAL,KAB. DELI SERDANG,PROV. SUMATERA UTARA,SWASTA,SMK,"Kementerian Pendidikan, Kebudayaan, Riset, dan Teknologi",YAYASAN AL FAJAR SEI MENCIRIM,AL9617,421.5/289/DIS PM PPTSP/6/XVII.1/II/2018,23-02-2018,421.5/289/DIS PM PPTSP/6/XVII.1/II/2018,23-02-2018,Silakan Upload SK (link file tidak valid) => [733338-980478--],2022-11-10 08,B,"3,812",1. -,2. Telkom Speedy,PLN,,,alfajarseimencirim@yahoo.com,,3.565500000000,98.558200000000,9,58,49,4,Pagi/6 hari,,2022/2023-2,"32,000",4,0,0,2,0,0,7,3,9,0,0,0,2,7,0,9,0,3,3,1,1,1,0,0,3,6,,SMK 2013 REV. Teknik Komputer dan Jaringan,Tidak Ada,,,,,,,,,,1,2,1,0
Sumatera Utara,Kab. Deli Serdang,Sunggal,https://sekolah.data.kemdikbud.go.id/index.php/Chome/profil/A0A0725C-1782-402B-8CFD-712863EA5C8C,https://referensi.data.kemdikbud.go.id/pendidikan/npsn/69733897,SMK SWASTA BUDI SETIA,69733897,JL. MEDAN BINJAI KM. 12/JL. PEMBANGUNAN NO. 40,PURWODADI,KEC. SUNGGAL,KAB. DELI SERDANG,PROV. SUMATERA UTARA,SWASTA,SMK,"Kementerian Pendidikan, Kebudayaan, Riset, dan Teknologi",YAYASAN PENDIDIKAN BUDI SETIA,AL9614,13,21-04-2010,421/998/PDM/2013,18-01-2013,Lihat SK Operasional,2020-08-28 07,B,"7,400",1. -,2. Telkom Speedy,PLN,,0618446159,smkbudisetia@yahoo.co.id,,3.614200000000,98.580900000000,24,197,160,13,Double Shift/6 hari,,2022/2023-2,"7,200",13,0,0,2,0,0,19,8,24,0,0,0,5,19,1,20,3,10,8,1,0,0,4,1,8,16,,SMK 2013 REV. Teknik dan Bisnis Sepeda Motor,Tidak Ada,,,,,,,,,,5,4,4,0
Sumatera Utara,Kab. Deli Serdang,Sunggal,https://sekolah.data.kemdikbud.go.id/index.php/Chome/profil/A6F08C18-7A8E-45CD-923F-817223540AC7,https://referensi.data.kemdikbud.go.id/pendidikan/npsn/69924168,SMK SWASTA PRESTASI UTAMA,69924168,JL. KALI REJO UJUNG,SEI SEMAYANG,KEC. SUNGGAL,KAB. DELI SERDANG,PROV. SUMATERA UTARA,SWASTA,SMK,"Kementerian Pendidikan, Kebudayaan, Riset, dan Teknologi",Lainnya,,19,31-10-2008,421/8765/PDM/2015,06-11-2015,Lihat SK Operasional,2020-08-24 19,B,"5,000",1. -,2. Telkom Speedy,PLN,,,smksprestasiutama@gmail.com,,3.575373900000,98.573711300000,7,97,117,6,Pagi/6 hari,,2022/2023-2,"1,300",5,0,0,1,0,0,6,1,7,0,0,0,0,7,0,6,1,3,2,1,0,0,1,0,3,4,,SMK 2013 REV. Teknik Komputer dan Jaringan,Tidak Ada,,,,,,,,,,2,3,1,0
Sumatera Utara,Kab. Deli Serdang,Sunggal,https://sekolah.data.kemdikbud.go.id/index.php/Chome/profil/47B32C9E-13B1-442F-B13F-3530EFD2AF40,https://referensi.data.kemdikbud.go.id/pendidikan/npsn/10214066,SMK SWASTA TD PARDEDE FOUNDATION,10214066,"BINJAI KM 10,8",KAMPUNG LALANG,KEC. SUNGGAL,KAB. DELI SERDANG,PROV. SUMATERA UTARA,SWASTA,SMK,"Kementerian Pendidikan, Kebudayaan, Riset, dan Teknologi",YAYASAN  TD PARDEDE FOUNDATION,AM0388,465/I05/A 1989,27-12-1989,421/8771/PDM/2015,06-11-2015,Lihat SK Operasional,2016-03-28 13,C,"14,000",1. Telkomsel Flash,2. Telkom Speedy,PLN,061,061,smktdpardede@yahoo.co.id,http,3.600000000000,98.592100000000,21,65,30,9,Pagi/6 hari,,2022/2023-2,"14,000",11,2,1,2,0,0,21,4,20,0,0,1,17,4,1,17,3,1,3,0,2,7,2,6,7,14,,SMK 2013 REV. Teknik Kendaraan Ringan Otomotif,Telkomsel Flash,,,,,,,,,,3,3,3,0
Sumatera Utara,Kab. Deli Serdang,Sunggal,https://sekolah.data.kemdikbud.go.id/index.php/Chome/profil/D7C9901B-B010-4168-9F53-7768DBE8B04C,https://referensi.data.kemdikbud.go.id/pendidikan/npsn/10214067,SMK SWASTA TRI KARYA SUNGGAL,10214067,Jalan Pertanian No.1,KAMPUNG LALANG,KEC. SUNGGAL,KAB. DELI SERDANG,PROV. SUMATERA UTARA,SWASTA,SMK,"Kementerian Pendidikan, Kebudayaan, Riset, dan Teknologi",YAYASAN PERGURUAN TRI KARYA,AO5989,17,16-07-2019,421.5/1441/DIS PM PPTS/6/IX/2019,03-09-2019,Lihat SK Operasional,2019-09-06 10,Sertifikat Kedaluwarsa,"4,176",1. -,2. Telkom Speedy,PLN,,0618468569,SMK_SWASTA_TRI_KARYA@yahoo.com,http,3.602200000000,98.603000000000,50,338,175,21,Double Shift/6 hari,,2022/2023-2,"23,000",13,1,1,0,0,0,46,11,50,0,0,0,13,37,2,38,10,23,13,8,3,2,1,0,17,33,,SMK 2013 REV.  Otomatisasi dan Tata Kelola Perkantoran,Tidak Ada,,,,,,,,,,7,7,7,0
Sumatera Utara,Kab. Deli Serdang,Sunggal,https://sekolah.data.kemdikbud.go.id/index.php/Chome/profil/CE16EB86-1009-4A2F-968E-144B1522F782,https://referensi.data.kemdikbud.go.id/pendidikan/npsn/69888437,SMK SWASTA WIRA KARYA MANDIRI,69888437,Jl. Perjuangan Ujung No. 215,TANJUNG SELAMAT,KEC. SUNGGAL,KAB. DELI SERDANG,PROV. SUMATERA UTARA,SWASTA,SMK,"Kementerian Pendidikan, Kebudayaan, Riset, dan Teknologi",Yayasan Pendidikan Fathih Az-Zahra,AK3867,71,18-04-2013,421/4557/PDM/2014,13-05-2014,Lihat SK Operasional,2015-08-29 14,B,"17,548",1. Telkom Speedy,2. Telkom Speedy,PLN,,,smk.wirakaryamandiri@gmail.com,http,3.527100000000,98.583900000000,5,9,12,3,Pagi/6 hari,,2022/2023-2,"13,000",18,1,1,2,0,0,3,3,5,0,0,0,0,5,0,5,0,2,1,2,0,0,0,0,0,5,,SMK 2013 REV. Multimedia,Telkom Speedy,,,,,,,,,,1,1,1,0
Sumatera Utara,Kab. Deli Serdang,Sunggal,https://sekolah.data.kemdikbud.go.id/index.php/Chome/profil/2167B1C4-1CFB-49A2-B353-E4B8EE8E8578,https://referensi.data.kemdikbud.go.id/pendidikan/npsn/70006599,SMK Terpadu Al-Farabi,70006599,Jl. Perjuangan No. 177,TANJUNG SELAMAT,KEC. SUNGGAL,KAB. DELI SERDANG,PROV. SUMATERA UTARA,SWASTA,SMK,"Kementerian Pendidikan, Kebudayaan, Riset, dan Teknologi",YAYASAN PENDIDIKAN MUTTAQIN AL-FARABI,AK3860,421.5/1860,15-12-2020,421.5/1860,15-12-2020,Lihat SK Operasional,2021-01-05 08,,"3,625",1. -,2. Telkom Astinet,PLN,,,smkterpadualfarabi@gmail.com,http,.000000000000,.000000000000,5,104,102,6,Siang/6 hari,,2022/2023-2,"2,200",6,1,1,2,0,0,7,1,5,0,0,0,0,5,0,4,1,4,1,0,0,0,0,0,4,1,,SMK 2013 REV. Teknik Komputer dan Jaringan,Tidak Ada,,,,,,,,,,2,2,2,0
Sumatera Utara,Kab. Deli Serdang,Sunggal,https://sekolah.data.kemdikbud.go.id/index.php/Chome/profil/6D029DBC-29B9-40A7-8949-459CE612C034,https://referensi.data.kemdikbud.go.id/pendidikan/npsn/60725262,SMKS AL MUHAJIRIN,60725262,KOMPLEK PERUM ANGGOTA   DPRD II DELI SERDANG,PURWODADI,KEC. SUNGGAL,KAB. DELI SERDANG,PROV. SUMATERA UTARA,SWASTA,SMK,"Kementerian Pendidikan, Kebudayaan, Riset, dan Teknologi",Yayasan PERGURUAN AL MUHAJIRIN,AK3859,19,,421/12399/PDM/2012,,Silakan Upload SK,,C,56,1. Telkomsel Flash,2. Telkom Speedy,PLN,,,smk.almuhajirin60@gmail.com,http,3.607700000000,98.597100000000,11,57,32,3,Pagi/6 hari,,2022/2023-2,"2,200",4,0,1,2,0,0,12,0,11,0,0,0,0,11,0,10,1,5,2,2,1,1,0,0,5,6,,SMK 2013 REV. Teknik Komputer dan Jaringan,Telkomsel Flash,,,,,,,,,,1,1,1,0
Sumatera Utara,Kab. Deli Serdang,Sunggal,https://sekolah.data.kemdikbud.go.id/index.php/Chome/profil/1F137345-BA6E-4D6A-8FE6-6665976099F2,https://referensi.data.kemdikbud.go.id/pendidikan/npsn/10214078,SMKS BAYU PERTIWI 2 TR SUNGGAL,10214078,INPRES KM 16 MEDAN BINJAI,SEI SEMAYANG,KEC. SUNGGAL,KAB. DELI SERDANG,PROV. SUMATERA UTARA,SWASTA,SMK,"Kementerian Pendidikan, Kebudayaan, Riset, dan Teknologi",Yayasan Pendidikan Bayu Pertiwi,AB7720,4,25-01-2001,421/3531/PDM/2016,30-09-2016,Lihat SK Operasional,2020-08-24 19,Sertifikat Kedaluwarsa,"7,425",1. -,2. Telkom Speedy,PLN,618823891,618823891,bayu.pertiwi.sunggal@gmail.com,,3.597200000000,98.540800000000,13,160,63,12,Pagi/6 hari,,2022/2023-2,"2,200",16,0,1,2,0,0,14,1,13,0,0,0,11,2,0,13,0,1,2,1,3,0,1,5,6,7,,SMK 2013 REV.  Otomatisasi dan Tata Kelola Perkantoran,Tidak Ada,,,,,,,,,,4,4,4,0
Sumatera Utara,Kab. Deli Serdang,Sunggal,https://sekolah.data.kemdikbud.go.id/index.php/Chome/profil/F8FE0C70-37FB-42E6-9635-6622B5AC1D3F,https://referensi.data.kemdikbud.go.id/pendidikan/npsn/69775676,SMKS Gusti Wijaya,69775676,Jl. Setia Makmur No. 63,SUNGGAL KANAN,KEC. SUNGGAL,KAB. DELI SERDANG,PROV. SUMATERA UTARA,SWASTA,SMK,"Kementerian Pendidikan, Kebudayaan, Riset, dan Teknologi",YAYASAN PERGURUAN GUSTI WIJAYA,AK3874,12,19-05-2005,421/2896/PDM/2013,11-03-2013,Lihat SK Operasional,2017-03-06 06,Sertifikat Kedaluwarsa,"2,650",1. Telkomsel Flash,2. Telkom Speedy,PLN,,0618751479,smkgustiwijaya@gmail.com,http,3.541300000000,98.768200000000,15,132,121,8,Pagi/6 hari,,2022/2023-2,"10,600",8,0,1,2,1,1,11,3,14,0,0,1,1,14,0,10,5,8,3,1,0,1,0,2,6,9,,SMK 2013 REV. Teknik Komputer dan Jaringan,Telkomsel Flash,,,,,,,,,,3,3,2,0
Sumatera Utara,Kab. Deli Serdang,Sunggal,https://sekolah.data.kemdikbud.go.id/index.php/Chome/profil/319A6A61-8871-4827-AF59-47F040BCFDFE,https://referensi.data.kemdikbud.go.id/pendidikan/npsn/10260602,SMKS NILA HARAPAN TIK SUNGGAL,10260602,"BINJAI KM 11,2",MULYOREJO,KEC. SUNGGAL,KAB. DELI SERDANG,PROV. SUMATERA UTARA,SWASTA,SMK,"Kementerian Pendidikan, Kebudayaan, Riset, dan Teknologi",Yayasan Perguruan Nila Harapan,AK3853,26,21-05-2002,421/10224/PDM/2014,24-11-2014,Lihat SK Operasional,2016-03-22 08,B,"10,011",1. -,2. Telkom Speedy,PLN,,0618457561,smknilaharapan@yahoo.com,,3.602200000000,98.586600000000,26,141,83,7,Pagi/6 hari,,2022/2023-2,"2,200",7,1,1,2,3,0,17,8,23,0,0,3,8,18,1,19,6,8,1,3,5,3,3,3,9,17,,SMK 2013 REV. Teknik dan Bisnis Sepeda Motor,Tidak Ada,,,,,,,,,,3,2,2,0
Sumatera Utara,Kab. Deli Serdang,Sunggal,https://sekolah.data.kemdikbud.go.id/index.php/Chome/profil/9CCB5429-1ADF-41F2-B690-8B7BBDED49E2,https://referensi.data.kemdikbud.go.id/pendidikan/npsn/10261185,SMKS TAMAN SISWA DISKI TR,10261185,JL. BINJAI KM 15. NO. 118 SEI SEMAYANG,SEI SEMAYANG,KEC. SUNGGAL,KAB. DELI SERDANG,PROV. SUMATERA UTARA,SWASTA,SMK,"Kementerian Pendidikan, Kebudayaan, Riset, dan Teknologi",Yayasan Persatuan Perguruan Tamansiswa Cabang Diski,AK3832,421/3997/PDM/2014,22-04-2014,421/3997/PDM/2014,22-04-2014,Lihat SK Operasional,2015-08-10 09,B,"1,500",1. -,2. Telkom Speedy,PLN,,0618825271,smk_tamansiswa_diski@ymail.com,,3.597900000000,98.551000000000,30,284,193,16,Double Shift/6 hari,,2022/2023-2,"6,000",24,2,1,2,0,0,25,9,30,0,0,0,5,25,2,24,4,6,2,6,7,0,5,4,18,12,,SMK 2013 REV. Teknik dan Bisnis Sepeda Motor,Tidak Ada,,,,,,,,,,6,5,5,0
