prov_name,kab_name,kec_name,link_sekolah_kita,link_referensi,nama,npsn,alamat,desa/kelurahan,kecamatan/kota_(ln),kab.-kota/negara_(ln),propinsi/luar_negeri_(ln),status_sekolah,bentuk_pendidikan,program_/_layanan,kementerian_pembina,naungan,npyp,no._sk._pendirian,tanggal_sk._pendirian,nomor_sk_operasional,tanggal_sk_operasional,file_sk_operasional,tanggal_upload_sk_op.,akreditasi,luas_tanah,akses_internet,akses_internet_2,sumber_listrik,fax,telepon,email,website,lintang,bujur,guru,siswa_laki_laki,siswa_perempuan,rombongan_belajar,kurikulum,penyelenggaraan,manajemen_berbasis_sekolah,semester_data,akses_internet_sekolah_kita,daya_listrik,ruang_kelas,laboratorium,perpustakaan,sanitasi_siswa,guru_pns,guru_gtt,guru_gty,guru_honor,guru_gol_i,guru_gol_ii,guru_gol_iii,guru_gol_iv,guru_sertifikasi,guru_belum_sertifikasi,guru_kurang_dari_s1,guru_s1_atau_lebih,guru_data_kosong,guru_kurang_dari_30_tahun,guru_31_35_tahun,guru_36_40,guru_41_45_tahun,guru_46_50_tahun,guru_51_55_tahun,guru_lebih_dari_55_tahun,guru_laki_laki,guru_perempuan,ruang_kelas_baik,ruang_kelas_rusak_ringan,ruang_kelas_rusak_sedang,ruang_kelas_rusak_berat,perpustakaan_baik,perpustakaan_rusak_ringan,perpustakaan_rusak_sedang,perpustakaan_rusak_berat
Aceh,Kab. Aceh Selatan,Kluet Selatan,https://sekolah.data.kemdikbud.go.id/index.php/Chome/profil/2AD13E93-20D2-471D-8DBC-82FFADDDDC90,https://referensi.data.kemdikbud.go.id/pendidikan/npsn/P9956924,PKBM MAKMUR BERSAMA,P9956924,Desa Geulumbuk,GELUMBUK,KEC. KLUET SELATAN,KAB. ACEH SELATAN,PROV. ACEH,SWASTA,PKBM,Paket C,"Kementerian Pendidikan, Kebudayaan, Riset dan Teknologi",Lainnya,,893.3/PNF/077/2019,24-07-2019,893.3/PNF/077/2019,24-07-2019,Lihat SK Operasional,2020-04-27 01,,100,1. Telkomsel Flash,2. Telkomsel Flash,PLN,,,muzakirtanjung1962@gmail.com,,3.050978100000,97.387564200000,0,0,0,1,2013,Sehari Penuh/5 hari,,2022/2023-2,Telkomsel Flash,"2,200",5,0,0,3,0,0,0,0,0,0,0,0,0,0,0,0,0,0,0,0,0,0,0,0,0,0,5,0,0,0,0,0,0,0
