prov_name,kab_name,kec_name,link_sekolah_kita,link_referensi,nama,npsn,alamat,desa/kelurahan,kecamatan/kota_(ln),kab.-kota/negara_(ln),propinsi/luar_negeri_(ln),status_sekolah,bentuk_pendidikan,kementerian_pembina,naungan,npyp,no._sk._pendirian,tanggal_sk._pendirian,nomor_sk_operasional,tanggal_sk_operasional,file_sk_operasional,tanggal_upload_sk_op.,akreditasi,luas_tanah,akses_internet,akses_internet_2,sumber_listrik,fax,telepon,email,website,lintang,bujur,guru,siswa_laki_laki,siswa_perempuan,rombongan_belajar,penyelenggaraan,manajemen_berbasis_sekolah,semester_data,daya_listrik,ruang_kelas,laboratorium,perpustakaan,sanitasi_siswa,guru_pns,guru_gtt,guru_gty,guru_honor,guru_gol_i,guru_gol_ii,guru_gol_iii,guru_gol_iv,guru_sertifikasi,guru_belum_sertifikasi,guru_kurang_dari_s1,guru_s1_atau_lebih,guru_data_kosong,guru_kurang_dari_30_tahun,guru_31_35_tahun,guru_36_40,guru_41_45_tahun,guru_46_50_tahun,guru_51_55_tahun,guru_lebih_dari_55_tahun,guru_laki_laki,guru_perempuan,rombel_tingkat_1,rombel_tingkat_2,rombel_tingkat_3,rombel_tingkat_4,rombel_tingkat_5,rombel_tingkat_6,kurikulum,akses_internet_sekolah_kita,rombel_tingkat_7,rombel_tingkat_8,rombel_tingkat_9
Sumatera Utara,Kota Medan,Medan Tembung,https://sekolah.data.kemdikbud.go.id/index.php/Chome/profil/82DA7E4F-2FBC-4E69-BE2F-27F6CD671142,https://referensi.data.kemdikbud.go.id/pendidikan/npsn/69956089,Addini,69956089,"Jl.Wilem Iskandar, Gg.Pamio, No.110 F",INDRA KASIH,KEC. MEDAN TEMBUNG,KOTA MEDAN,PROV. SUMATERA UTARA,SWASTA,MI,Kementerian Agama,Lainnya,,750,02-05-2016,750,02-05-2016,Lihat SK Operasional,2021-06-13 21,C,0,,2.,,,,,,-.000200000000,.000000000000,0,44,52,0,,,2022/2023-2,,0,0,0,0,0,0,0,0,0,0,0,0,0,0,0,0,0,0,0,0,0,0,0,0,,,,,,,,,,,,,
Sumatera Utara,Kota Medan,Medan Tembung,https://sekolah.data.kemdikbud.go.id/index.php/Chome/profil/0FA62244-59F9-4367-80E9-C4DB0E45DBCB,https://referensi.data.kemdikbud.go.id/pendidikan/npsn/69994212,MI KHAIRIN,69994212,JALAN TUAMANG NO. 85,BANTAN TIMUR,KEC. MEDAN TEMBUNG,KOTA MEDAN,PROV. SUMATERA UTARA,SWASTA,MI,Kementerian Agama,Lainnya,,,,,,Silakan Upload SK,,,0,,2.,,,,,,.000000000000,.000000000000,0,53,49,0,,,2022/2023-2,,0,0,0,0,0,0,0,0,0,0,0,0,0,0,0,0,0,0,0,0,0,0,0,0,,,,,,,,,,,,,
Sumatera Utara,Kota Medan,Medan Tembung,https://sekolah.data.kemdikbud.go.id/index.php/Chome/profil/1DBDC073-3FE1-4759-8083-2D3704CFDA80,https://referensi.data.kemdikbud.go.id/pendidikan/npsn/60729428,MIN 1 KOTA MEDAN,60729428,JL. WILLIEM ISKANDAR NO. 7 C,SIDOREJO,KEC. MEDAN TEMBUNG,KOTA MEDAN,PROV. SUMATERA UTARA,NEGERI,MI,Kementerian Agama,Pemerintah Daerah,,305/BAP-SM/PROVSU/LL/XI/2,01-01-1900,,,Silakan Upload SK,,A,3,,2.,,,,,,3.614089000000,98.700629000000,0,423,511,0,,,2022/2023-2,,0,0,0,0,0,0,0,0,0,0,0,0,0,0,0,0,0,0,0,0,0,0,0,0,,,,,,,,,,,,,
Sumatera Utara,Kota Medan,Medan Tembung,https://sekolah.data.kemdikbud.go.id/index.php/Chome/profil/027E270B-CEA3-4E89-8ED9-36882B122F31,https://referensi.data.kemdikbud.go.id/pendidikan/npsn/60728821,MIN 12 KOTA MEDAN,60728821,JL. PERTIWI UJUNG,B A N T A N,KEC. MEDAN TEMBUNG,KOTA MEDAN,PROV. SUMATERA UTARA,SWASTA,MI,Kementerian Agama,,,Dd.033267,01-01-1900,,,Silakan Upload SK,,A,3,,2.,,,,,,3.593983000000,98.709552000000,0,466,483,0,,,2022/2023-2,,0,0,0,0,0,0,0,0,0,0,0,0,0,0,0,0,0,0,0,0,0,0,0,0,,,,,,,,,,,,,
Sumatera Utara,Kota Medan,Medan Tembung,https://sekolah.data.kemdikbud.go.id/index.php/Chome/profil/1552D062-30DD-4E9B-AE8F-D4A2F0F8AFA8,https://referensi.data.kemdikbud.go.id/pendidikan/npsn/69982860,MIS AL-ANWAR,69982860,JL. WILLEM ISKANDAR/PANCING 2 KOMPLEK PERUMAHAN IAIN-SU,KEC. MEDAN TEMBUNG,KOTA MEDAN,PROV. SUMATERA UTARA,INDONESIA,SWASTA,MI,Kementerian Agama,,,153 TAHUN 2017,02-02-2017,153 TAHUN 2017,02-02-2017,Silakan Upload SK (link file tidak valid) => [-],2018-12-07 14,C,0,,2.,,,,,,.000000000000,.000000000000,0,92,89,0,,,2022/2023-2,,0,0,0,0,0,0,0,0,0,0,0,0,0,0,0,0,0,0,0,0,0,0,0,0,,,,,,,,,,,,,
Sumatera Utara,Kota Medan,Medan Tembung,https://sekolah.data.kemdikbud.go.id/index.php/Chome/profil/4B8956EF-968C-4D8D-90ED-18F6F6F24CFA,https://referensi.data.kemdikbud.go.id/pendidikan/npsn/60727270,MIS AL-MUKHLISHIN,60727270,Jl. Sosro Gg.Mesjid No.1 Medan,B A N T A N,KEC. MEDAN TEMBUNG,KOTA MEDAN,PROV. SUMATERA UTARA,SWASTA,MI,Kementerian Agama,,,05,14-08-2009,kd.02.15/4/PP.03.2/638/2010,29-10-2010,Lihat SK Operasional,2015-10-02 12,B,689,,2.,,,,,,3.594500000000,98.721300000000,0,33,34,0,,,2022/2023-2,,0,0,0,0,0,0,0,0,0,0,0,0,0,0,0,0,0,0,0,0,0,0,0,0,,,,,,,,,,,,,
Sumatera Utara,Kota Medan,Medan Tembung,https://sekolah.data.kemdikbud.go.id/index.php/Chome/profil/EC87B1EC-6214-4E81-869D-EC8BB50BAE1B,https://referensi.data.kemdikbud.go.id/pendidikan/npsn/60704098,MIS ALI IMRON,60704098,JL. BERSAMA NO. 272 A,B A N T A N,KEC. MEDAN TEMBUNG,KOTA MEDAN,PROV. SUMATERA UTARA,SWASTA,MI,Kementerian Agama,,,,01-01-1900,,,Silakan Upload SK,,B,500,,2.,,,,,,3.595639000000,98.719643000000,0,43,83,0,,,2022/2023-2,,0,0,0,0,0,0,0,0,0,0,0,0,0,0,0,0,0,0,0,0,0,0,0,0,,,,,,,,,,,,,
Sumatera Utara,Kota Medan,Medan Tembung,https://sekolah.data.kemdikbud.go.id/index.php/Chome/profil/E45C9289-2329-447D-BA09-3A8F92105E7A,https://referensi.data.kemdikbud.go.id/pendidikan/npsn/60727271,MIS BINA KELUARGA,60727271,JL. SETIA BUDI NO. 18,INDRA KASIH,KEC. MEDAN TEMBUNG,KOTA MEDAN,PROV. SUMATERA UTARA,SWASTA,MI,Kementerian Agama,,,1439,22-08-2016,1439,22-08-2016,Lihat SK Operasional,2021-05-29 12,B,409,,2.,,,,,,3.621900000000,98.696200000000,0,78,82,0,,,2022/2023-2,,0,0,0,0,0,0,0,0,0,0,0,0,0,0,0,0,0,0,0,0,0,0,0,0,,,,,,,,,,,,,
Sumatera Utara,Kota Medan,Medan Tembung,https://sekolah.data.kemdikbud.go.id/index.php/Chome/profil/02D57691-3CF7-459C-B9D6-D7738D3DB58E,https://referensi.data.kemdikbud.go.id/pendidikan/npsn/60729443,MIS ELSUSI MELDINA,60729443,JL. KAPT. M. JAMIL LUBIS,T E M B U N G,KEC. MEDAN TEMBUNG,KOTA MEDAN,PROV. SUMATERA UTARA,SWASTA,MI,Kementerian Agama,,,14x A-2003,01-01-1900,,,Silakan Upload SK,,B,4,,2.,,,,,,3.598800000000,98.732600000000,0,203,211,0,,,2022/2023-2,,0,0,0,0,0,0,0,0,0,0,0,0,0,0,0,0,0,0,0,0,0,0,0,0,,,,,,,,,,,,,
Sumatera Utara,Kota Medan,Medan Tembung,https://sekolah.data.kemdikbud.go.id/index.php/Chome/profil/E6EFAA50-5698-44E7-9B4B-0A3FE4008912,https://referensi.data.kemdikbud.go.id/pendidikan/npsn/69854440,MIS Ikhlasiyah Tuamang,69854440,Jln Tuamang No. 134,SIDOREJO HILIR,KEC. MEDAN TEMBUNG,KOTA MEDAN,PROV. SUMATERA UTARA,SWASTA,MI,Kementerian Agama,Lainnya,,582,24-05-2019,580,24-05-2019,Lihat SK Operasional,2020-01-13 11,B,410,,2.,,,,,,3.592849000000,98.722372000000,0,165,143,0,,,2022/2023-2,,0,0,0,0,0,0,0,0,0,0,0,0,0,0,0,0,0,0,0,0,0,0,0,0,,,,,,,,,,,,,
Sumatera Utara,Kota Medan,Medan Tembung,https://sekolah.data.kemdikbud.go.id/index.php/Chome/profil/9D45C210-3EF4-4836-8B0B-7D7E80485D3B,https://referensi.data.kemdikbud.go.id/pendidikan/npsn/69725286,MIS MARDLIATUL ISLAMIYAH,69725286,JL. BERSAMA NO. 19/21,BANDAR SELAMAT,KEC. MEDAN TEMBUNG,KOTA MEDAN,PROV. SUMATERA UTARA,SWASTA,MI,Kementerian Agama,,,Dd.033276,01-01-1900,,,Silakan Upload SK,,B,700,,2.,,,,,,3.612780000000,98.702651000000,0,126,100,0,,,2022/2023-2,,0,0,0,0,0,0,0,0,0,0,0,0,0,0,0,0,0,0,0,0,0,0,0,0,,,,,,,,,,,,,
Sumatera Utara,Kota Medan,Medan Tembung,https://sekolah.data.kemdikbud.go.id/index.php/Chome/profil/77016FE3-BB48-4350-9AB9-7F23EB853A37,https://referensi.data.kemdikbud.go.id/pendidikan/npsn/69725285,MIS TARBIYAH ISLAMIYAH AL-MUSTHAFAWIYAH,69725285,JL. TAUD NO. 27 A,SIDOREJO,KEC. MEDAN TEMBUNG,KOTA MEDAN,PROV. SUMATERA UTARA,SWASTA,MI,Kementerian Agama,,,1992,04-08-2009,1152 Tahun 2017,24-11-2017,Lihat SK Operasional,2021-03-17 11,B,481,,2.,,,,,,3.605880000000,98.701818000000,0,89,96,0,,,2022/2023-2,,0,0,0,0,0,0,0,0,0,0,0,0,0,0,0,0,0,0,0,0,0,0,0,0,,,,,,,,,,,,,
Sumatera Utara,Kota Medan,Medan Tembung,https://sekolah.data.kemdikbud.go.id/index.php/Chome/profil/A492D0A0-903C-4FE3-878A-32F0F58577F5,https://referensi.data.kemdikbud.go.id/pendidikan/npsn/70034379,MTs AL - HIJRAH NU,70034379,JL. PUKAT I NO 37 BANTAN TIMUR RT/RW 000/000,BANTAN TIMUR,KEC. MEDAN TEMBUNG,KOTA MEDAN,PROV. SUMATERA UTARA,SWASTA,MTs,Kementerian Agama,,,,,357 TAHUN 2022,13-04-2022,Silakan Upload SK (link file tidak valid) => [239461-375078-https,2022-10-13 10,,0,,2.,,,,,,.000000000000,.000000000000,0,21,15,0,,,2022/2023-2,,0,0,0,0,0,0,0,0,0,0,0,0,0,0,0,0,0,0,0,0,0,0,0,0,,,,,,,,,,,,,
Sumatera Utara,Kota Medan,Medan Tembung,https://sekolah.data.kemdikbud.go.id/index.php/Chome/profil/8BFEBE83-5CF8-411A-82D1-49B2F4A0F13F,https://referensi.data.kemdikbud.go.id/pendidikan/npsn/70027412,MTs PROYEK TELADAN GUPPI MEDAN,70027412,Jalan Baru No 4 Medan,T E M B U N G,KEC. MEDAN TEMBUNG,KOTA MEDAN,PROV. SUMATERA UTARA,SWASTA,MTs,Kementerian Agama,,,,,549 TAHUN 2020,22-12-2020,Silakan Upload SK (link file tidak valid) => [198328-505450-https,2022-03-29 23,,"14,292",,2.,,,,,,.000000000000,.000000000000,0,30,6,0,,,2022/2023-2,,0,0,0,0,0,0,0,0,0,0,0,0,0,0,0,0,0,0,0,0,0,0,0,0,,,,,,,,,,,,,
Sumatera Utara,Kota Medan,Medan Tembung,https://sekolah.data.kemdikbud.go.id/index.php/Chome/profil/3CD12755-2ACA-44BA-950D-2CCA51AE4F56,https://referensi.data.kemdikbud.go.id/pendidikan/npsn/60725141,MTSN 2 MEDAN,60725141,Jl.Peratun No. 3,SIDOREJO HILIR,KEC. MEDAN TEMBUNG,KOTA MEDAN,PROV. SUMATERA UTARA,NEGERI,MTs,Kementerian Agama,Pemerintah Daerah,,,01-01-1900,,,Silakan Upload SK,,A,7,,2.,,,,,,3.610934000000,98.714115000000,0,502,670,0,,,2022/2023-2,,0,0,0,0,0,0,0,0,0,0,0,0,0,0,0,0,0,0,0,0,0,0,0,0,,,,,,,,,,,,,
Sumatera Utara,Kota Medan,Medan Tembung,https://sekolah.data.kemdikbud.go.id/index.php/Chome/profil/D8CD21D3-1E43-42AB-B3F4-5C1E91CC0157,https://referensi.data.kemdikbud.go.id/pendidikan/npsn/70009597,MTSS AL-BARAKAH,70009597,JL. PANCING 2 NO. 27 A MEDAN,INDRA KASIH,KEC. MEDAN TEMBUNG,KOTA MEDAN,PROV. SUMATERA UTARA,SWASTA,MTs,Kementerian Agama,,,870,31-07-2019,870,31-07-2019,Lihat SK Operasional,2021-04-15 07,B,"1,587",,2.,,,,,,.000000000000,.000000000000,0,19,18,0,,,2022/2023-2,,0,0,0,0,0,0,0,0,0,0,0,0,0,0,0,0,0,0,0,0,0,0,0,0,,,,,,,,,,,,,
Sumatera Utara,Kota Medan,Medan Tembung,https://sekolah.data.kemdikbud.go.id/index.php/Chome/profil/833656AD-ABC7-4451-818C-76D65729A1DB,https://referensi.data.kemdikbud.go.id/pendidikan/npsn/60727935,MTSS AL-JIHAD,60727935,JL.BHAYANGKARA GG.MESJID NO.35 / JL. MESJID NO. 33 A,INDRA KASIH,KEC. MEDAN TEMBUNG,KOTA MEDAN,PROV. SUMATERA UTARA,SWASTA,MTs,Kementerian Agama,,,74,19-03-2019,253/Kw.02/2-e/PP.00/01/2020,31-01-2020,Lihat SK Operasional,2021-05-25 08,B,2,,2.,,,,,,3.623900000000,98.706600000000,0,124,105,0,,,2022/2023-2,,0,0,0,0,0,0,0,0,0,0,0,0,0,0,0,0,0,0,0,0,0,0,0,0,,,,,,,,,,,,,
Sumatera Utara,Kota Medan,Medan Tembung,https://sekolah.data.kemdikbud.go.id/index.php/Chome/profil/B3DFF902-FA30-40B7-AA26-58C7856154CF,https://referensi.data.kemdikbud.go.id/pendidikan/npsn/60727936,MTSS ALI IMRON,60727936,JL.BERSAMA NO.21,BANDAR SELAMAT,KEC. MEDAN TEMBUNG,KOTA MEDAN,PROV. SUMATERA UTARA,SWASTA,MTs,Kementerian Agama,,,,01-01-1900,,,Silakan Upload SK,,C,1,,2.,,,,,,3.597433000000,98.720259000000,0,61,44,0,,,2022/2023-2,,0,0,0,0,0,0,0,0,0,0,0,0,0,0,0,0,0,0,0,0,0,0,0,0,,,,,,,,,,,,,
Sumatera Utara,Kota Medan,Medan Tembung,https://sekolah.data.kemdikbud.go.id/index.php/Chome/profil/20E2E78A-2EF5-4065-9DE9-759E0C102957,https://referensi.data.kemdikbud.go.id/pendidikan/npsn/10264593,MTSS IRA,10264593,JL. PERTIWI NO III /53 B,B A N T A N,KEC. MEDAN TEMBUNG,KOTA MEDAN,PROV. SUMATERA UTARA,SWASTA,MTs,Kementerian Agama,Yayasan Perguruan IRA Medan,AH2738,WB/PP.00.5/4096/1987,14-09-1987,870 TAHUN 2010,20-07-2010,Lihat SK Operasional,2015-05-15 08,B,108,,2.,,,,,,3.593100000000,98.727100000000,0,63,85,0,,,2022/2023-2,,0,0,0,0,0,0,0,0,0,0,0,0,0,0,0,0,0,0,0,0,0,0,0,0,,,,,,,,,,,,,
Sumatera Utara,Kota Medan,Medan Tembung,https://sekolah.data.kemdikbud.go.id/index.php/Chome/profil/37A147EF-AF31-41DD-A485-9E1522D15EFE,https://referensi.data.kemdikbud.go.id/pendidikan/npsn/10264594,MTSS ISLAMIYAH,10264594,"JL. SULUH NO, 71 D",SIDOREJO HILIR,KEC. MEDAN TEMBUNG,KOTA MEDAN,PROV. SUMATERA UTARA,SWASTA,MTs,Kementerian Agama,,,,01-01-1900,,,Silakan Upload SK,,B,1,,2.,,,,,,3.620870000000,98.703365000000,0,100,79,0,,,2022/2023-2,,0,0,0,0,0,0,0,0,0,0,0,0,0,0,0,0,0,0,0,0,0,0,0,0,,,,,,,,,,,,,
Sumatera Utara,Kota Medan,Medan Tembung,https://sekolah.data.kemdikbud.go.id/index.php/Chome/profil/5C930926-E8C2-41E7-92FA-D2307A6BCD01,https://referensi.data.kemdikbud.go.id/pendidikan/npsn/60727937,MTSS TELADAN,60727937,JL.NEGARA NO.97,BANTAN TIMUR,KEC. MEDAN TEMBUNG,KOTA MEDAN,PROV. SUMATERA UTARA,SWASTA,MTs,Kementerian Agama,,,SK PENDIRIAN MTS. TELADAN,26-12-2016,SK OPERASIONAL MTS. TELADAN,26-12-2016,Lihat SK Operasional,2019-12-10 14,B,550,,2.,,,,,,3.592793000000,98.730253000000,0,197,146,0,,,2022/2023-2,,0,0,0,0,0,0,0,0,0,0,0,0,0,0,0,0,0,0,0,0,0,0,0,0,,,,,,,,,,,,,
Sumatera Utara,Kota Medan,Medan Tembung,https://sekolah.data.kemdikbud.go.id/index.php/Chome/profil/814D8047-CC9E-4B3E-AC6E-A33DD66D0269,https://referensi.data.kemdikbud.go.id/pendidikan/npsn/60727938,MTSS YP HIFZIL QURAN,60727938,JL. PANCING MEDAN ESTATE,SIDOREJO HILIR,KEC. MEDAN TEMBUNG,KOTA MEDAN,PROV. SUMATERA UTARA,SWASTA,MTs,Kementerian Agama,,,,01-01-1900,,,Silakan Upload SK,,A,53,,2.,,,,,,3.593500000000,98.723900000000,0,210,218,0,,,2022/2023-2,,0,0,0,0,0,0,0,0,0,0,0,0,0,0,0,0,0,0,0,0,0,0,0,0,,,,,,,,,,,,,
Sumatera Utara,Kota Medan,Medan Tembung,https://sekolah.data.kemdikbud.go.id/index.php/Chome/profil/4B8E152B-7ED6-430B-AA5E-A45BD3B14FF4,https://referensi.data.kemdikbud.go.id/pendidikan/npsn/69963982,SD PLUS CAHAYA BANGSA,69963982,JL. KERUNTUNG NO. 97,SIDOREJO,KEC. MEDAN TEMBUNG,KOTA MEDAN,PROV. SUMATERA UTARA,SWASTA,SD,"Kementerian Pendidikan, Kebudayaan, Riset, dan Teknologi",,,01,07-04-2015,420/8506.Sarpras/2017,16-06-2017,Lihat SK Operasional,2017-06-22 14,B,"2,964",,2.,,,,tarihoranhasudungan9@gmail.com,,3.607052000000,98.694665000000,0,0,0,0,,,2022/2023-2,,0,0,0,0,0,0,0,0,0,0,0,0,0,0,0,0,0,0,0,0,0,0,0,0,,,,,,,,,,,,,
Sumatera Utara,Kota Medan,Medan Tembung,https://sekolah.data.kemdikbud.go.id/index.php/Chome/profil/6E4097B8-C95A-489C-8AD6-5428D8EEC6CE,https://referensi.data.kemdikbud.go.id/pendidikan/npsn/70012553,SD SWASTA EDU SMART INDONESIA,70012553,JL Pukat II/ Sejati No. 68-68B,BANTAN TIMUR,KEC. MEDAN TEMBUNG,KOTA MEDAN,PROV. SUMATERA UTARA,SWASTA,SD,"Kementerian Pendidikan, Kebudayaan, Riset, dan Teknologi",,,420/8094.Sarpras/2018,21-05-2018,420/8094.Sarpras/2018,21-05-2018,Lihat SK Operasional,2021-08-31 12,,0,1. Telkomsel Flash,2. Telkom Speedy,PLN & Diesel,,,,,.000000000000,.000000000000,1,7,4,2,Sehari Penuh/5 hari,,2022/2023-2,"11,000",2,0,0,2,0,0,2,0,1,0,0,0,0,1,0,1,0,0,1,0,0,0,0,0,0,1,1,1,0,0,0,0,SD 2013,Telkomsel Flash,,,
Sumatera Utara,Kota Medan,Medan Tembung,https://sekolah.data.kemdikbud.go.id/index.php/Chome/profil/B037A5D9-2EF5-E011-B140-AFCDB720F077,https://referensi.data.kemdikbud.go.id/pendidikan/npsn/10257902,SD SWASTA ISLAM NUR IHSAN,10257902,Jl. Bersama No. 83 A Medan,BANDAR SELAMAT,KEC. MEDAN TEMBUNG,KOTA MEDAN,PROV. SUMATERA UTARA,SWASTA,SD,"Kementerian Pendidikan, Kebudayaan, Riset, dan Teknologi",YAYASAN PINTA HARAPAN,AI8625,420/5457.DIKDAS/2018,27-03-2018,420/5457.DIKDAS/2018,27-03-2018,Lihat SK Operasional,2019-03-25 11,A,"1,713",1. Telkom Speedy,2. Telkom Speedy,PLN,0617341704,0617341704,pesantren.nur.ihsan@gmail.com,http,3.595400000000,98.717800000000,41,268,194,18,Sehari Penuh/6 hari,,2022/2023-2,"23,000",19,1,1,1,0,0,11,33,41,0,0,0,3,38,0,33,8,35,3,2,0,0,0,1,3,38,4,3,3,3,3,2,SD 2013,Telkom Speedy,,,
Sumatera Utara,Kota Medan,Medan Tembung,https://sekolah.data.kemdikbud.go.id/index.php/Chome/profil/2AE079EB-4936-4981-B86F-4A3336B89D8F,https://referensi.data.kemdikbud.go.id/pendidikan/npsn/69987120,SD SWASTA IT TAHFIZHUL QURAN MIFTAHUL JANNAH,69987120,JL LETDA SUJONO GG JAWA,BANDAR SELAMAT,KEC. MEDAN TEMBUNG,KOTA MEDAN,PROV. SUMATERA UTARA,SWASTA,SD,"Kementerian Pendidikan, Kebudayaan, Riset, dan Teknologi",YAYASAN PENDIDIKAN MIFTAHUL JANNAH MEDAN,AH2774,420/2995.Sarpras/2019,07-02-2019,420/2995.Sarpras/2019,07-02-2019,Lihat SK Operasional,2021-03-26 22,,924,1. -,2. -,PLN,,,sditmiftahuljannah00@gmail.com,,3.597024000000,98.718835000000,7,83,62,6,Pagi/6 hari,,2022/2023-2,"1,200",6,0,0,2,0,0,8,0,7,0,0,0,0,7,0,7,0,6,1,0,0,0,0,0,1,6,1,1,1,1,1,1,SD 2013,Tidak Ada,,,
Sumatera Utara,Kota Medan,Medan Tembung,https://sekolah.data.kemdikbud.go.id/index.php/Chome/profil/B1542DE6-0AE6-4C59-9452-826A75C04385,https://referensi.data.kemdikbud.go.id/pendidikan/npsn/70012345,SDIT TAHFIZUL QURAN MEDAN,70012345,Jl. Suluh No 71 D,SIDOREJO HILIR,KEC. MEDAN TEMBUNG,KOTA MEDAN,PROV. SUMATERA UTARA,SWASTA,SD,"Kementerian Pendidikan, Kebudayaan, Riset, dan Teknologi",Yayasan Darul Quran Medan,AX1703,031/YDQ/VII/SK/2021,22-11-2019,420/934.SD/2020,30-01-2020,Silakan Upload SK (link file tidak valid) => [590658-704545--],2022-02-15 06,,"1,280",,2.,,,,,,3.611500000000,98.699700000000,5,0,0,0,,,2022/2023-2,,0,0,0,0,0,0,6,0,5,0,0,0,0,5,0,0,5,5,0,0,0,0,0,0,3,2,,,,,,,SD 2013,,,,
Sumatera Utara,Kota Medan,Medan Tembung,https://sekolah.data.kemdikbud.go.id/index.php/Chome/profil/E092A5D9-2EF5-E011-8598-B32CADCD80CB,https://referensi.data.kemdikbud.go.id/pendidikan/npsn/10260025,SDS 1 MARDLIATUL ISLAMIYAH,10260025,Jl.Bersama No 17 C,BANDAR SELAMAT,KEC. MEDAN TEMBUNG,KOTA MEDAN,PROV. SUMATERA UTARA,SWASTA,SD,"Kementerian Pendidikan, Kebudayaan, Riset, dan Teknologi",Yayasan Pendidikan Mardliatul Islamiyah,AH2741,060/U/2002,26-04-2002,420/10.359 PPD/2014,16-10-2014,Lihat SK Operasional,2015-02-09 14,B,684,1. Telkomsel Flash,2. Telkom Speedy,PLN,,,mardliatulislmaniyah1@gmail.com,,3.596800000000,98.721600000000,8,52,36,6,Pagi/6 hari,,2022/2023-2,450,6,1,1,2,0,0,9,0,8,0,0,0,6,2,0,8,0,1,1,5,1,0,0,0,3,5,1,1,1,1,1,1,SD 2013,Telkomsel Flash,,,
Sumatera Utara,Kota Medan,Medan Tembung,https://sekolah.data.kemdikbud.go.id/index.php/Chome/profil/C085A5D9-2EF5-E011-975C-89DEEABC8FE8,https://referensi.data.kemdikbud.go.id/pendidikan/npsn/10258723,SDS AL WASHLIYAH,10258723,Jl.negara No 97 Medan,BANTAN TIMUR,KEC. MEDAN TEMBUNG,KOTA MEDAN,PROV. SUMATERA UTARA,SWASTA,SD,"Kementerian Pendidikan, Kebudayaan, Riset, dan Teknologi",Yayasan Pendidikan dan Pesantren Al Jamiatul Washliyah,AH2799,2505//I05/U/91.6,03-04-1991,420/932 SD/2020,30-01-2020,Lihat SK Operasional,2021-02-28 09,B,549,1. -,2. Lainnya (Kabel),PLN,,,sdalwashliyahmedantembung@yahoo.co.id,,3.592000000000,98.724200000000,12,57,47,6,Pagi/6 hari,,2022/2023-2,450,6,0,1,2,0,0,12,1,12,0,0,0,7,5,1,8,3,5,0,2,0,2,0,3,1,11,1,1,1,1,1,1,SD 2013,Tidak Ada,,,
Sumatera Utara,Kota Medan,Medan Tembung,https://sekolah.data.kemdikbud.go.id/index.php/Chome/profil/D09FA5D9-2EF5-E011-81F3-BDA9131765AA,https://referensi.data.kemdikbud.go.id/pendidikan/npsn/10259359,SDS AL-HIDAYAH,10259359,Jl. Sosro No. 15,B A N T A N,KEC. MEDAN TEMBUNG,KOTA MEDAN,PROV. SUMATERA UTARA,SWASTA,SD,"Kementerian Pendidikan, Kebudayaan, Riset, dan Teknologi",,,11,01-01-1961,420/800.SD/2020,01-01-1910,Lihat SK Operasional,2022-06-27 14,B,955,1. Lainnya,2. Lainnya,PLN,,7344866,sds.alhidayah@gmail.com,,3.593400000000,98.722300000000,19,228,181,16,Double Shift/6 hari,,2022/2023-2,450,22,0,1,1,0,0,20,1,19,0,0,0,12,7,0,18,1,1,4,1,5,4,2,2,2,17,2,2,2,4,3,3,SD 2013,Lainnya,,,
Sumatera Utara,Kota Medan,Medan Tembung,https://sekolah.data.kemdikbud.go.id/index.php/Chome/profil/A036A6D9-2EF5-E011-A26E-E9E918C3F917,https://referensi.data.kemdikbud.go.id/pendidikan/npsn/10257904,SDS ATTAUFIQ,10257904,Jl.williem Iskandar No 126 Medan,INDRA KASIH,KEC. MEDAN TEMBUNG,KOTA MEDAN,PROV. SUMATERA UTARA,SWASTA,SD,"Kementerian Pendidikan, Kebudayaan, Riset, dan Teknologi",YAYASAN PENDIDIKAN ATTAUFIQ,AH2786,163/I05/1988,01-01-1953,420/635.SD/2020,23-01-2020,Lihat SK Operasional,2020-06-16 11,B,525,1. Lainnya,2. Lainnya,PLN,,6635949,sdsattaufiq@gmail.com,,3.619700000000,98.707600000000,13,176,119,12,Double Shift/6 hari,,2022/2023-2,900,6,0,0,2,0,0,13,1,13,0,0,0,9,4,0,12,1,3,2,1,3,0,2,2,5,8,2,2,2,2,2,2,SD 2013,Lainnya,,,
Sumatera Utara,Kota Medan,Medan Tembung,https://sekolah.data.kemdikbud.go.id/index.php/Chome/profil/B0B0D4A3-2D32-4A1A-85FB-3318DD2850D2,https://referensi.data.kemdikbud.go.id/pendidikan/npsn/69947531,SDS AZ ZAKIYAH ISLAMIC SCHOOL,69947531,Jalan Metrologi IV Ujung,INDRA KASIH,KEC. MEDAN TEMBUNG,KOTA MEDAN,PROV. SUMATERA UTARA,SWASTA,SD,"Kementerian Pendidikan, Kebudayaan, Riset, dan Teknologi",YAYASAN RUMAH SAKIT WIDYA HUSADA MEDAN,AH2765,420/11616.PPMP/2016,26-07-2016,420/11616.PPMP/2016,26-07-2016,Lihat SK Operasional,2016-08-16 13,A,750,1. -,2. Telkom Speedy,PLN,,,azzakiyahislamicschool@gmail.com,,3.618500000000,98.709200000000,6,97,68,7,Sehari Penuh/5 hari,,2022/2023-2,"3,000",8,1,1,2,0,0,7,0,6,0,0,0,0,6,0,5,1,1,4,1,0,0,0,0,1,5,1,1,1,2,1,1,SD 2013,Tidak Ada,,,
Sumatera Utara,Kota Medan,Medan Tembung,https://sekolah.data.kemdikbud.go.id/index.php/Chome/profil/302036DC-2EF5-E011-B5CD-71D9A53469A3,https://referensi.data.kemdikbud.go.id/pendidikan/npsn/10257643,SDS BUDISATRYA,10257643,Jl Letda Sujono No. 166,BANDAR SELAMAT,KEC. MEDAN TEMBUNG,KOTA MEDAN,PROV. SUMATERA UTARA,SWASTA,SD,"Kementerian Pendidikan, Kebudayaan, Riset, dan Teknologi",,,13,12-11-1963,420/21165.DIKDAS/2018,09-11-2018,Lihat SK Operasional,2021-12-16 12,A,"1,830",1. Telkomsel Flash,2. Telkom Speedy,PLN & Diesel,,,sdbudisatrya@gmail.com,,3.597200000000,98.722000000000,11,93,80,8,Double Shift/6 hari,,2022/2023-2,"10,000",8,0,1,2,0,0,13,0,11,0,0,0,7,4,0,10,1,0,2,2,2,0,3,2,4,7,1,1,1,1,2,2,SD 2013,Telkomsel Flash,,,
Sumatera Utara,Kota Medan,Medan Tembung,https://sekolah.data.kemdikbud.go.id/index.php/Chome/profil/40B6C4D9-2EF5-E011-A690-E97059E5ABB2,https://referensi.data.kemdikbud.go.id/pendidikan/npsn/10259278,SDS CINTA KASIH,10259278,Jl. Sama No. 20 Medan,BANTAN TIMUR,KEC. MEDAN TEMBUNG,KOTA MEDAN,PROV. SUMATERA UTARA,SWASTA,SD,"Kementerian Pendidikan, Kebudayaan, Riset, dan Teknologi",YAYASAN PERGURUAN KRISTEN CINTA KASIH MEDAN TEMBUNG,AH2794,1754/I05/A.87,23-02-1983,420/22299.DIKDAS/2018,12-12-2018,Lihat SK Operasional,2020-11-16 07,B,463,1. -,2. Telkom Speedy,PLN,0617366739,0617358974,yck97@yahoo.com,,3.590200000000,98.706600000000,7,52,34,6,Pagi/6 hari,,2022/2023-2,"2,200",7,1,1,2,0,0,8,0,7,0,0,0,3,4,1,2,4,0,0,1,2,2,2,0,3,4,1,1,1,1,1,1,SD 2013,Tidak Ada,,,
Sumatera Utara,Kota Medan,Medan Tembung,https://sekolah.data.kemdikbud.go.id/index.php/Chome/profil/C0299F9F-8EFE-E111-8AD4-A7C209407A45,https://referensi.data.kemdikbud.go.id/pendidikan/npsn/10261308,SDS GRAHA KIRANA,10261308,Jl. Ampera No. 17 A,B A N T A N,KEC. MEDAN TEMBUNG,KOTA MEDAN,PROV. SUMATERA UTARA,SWASTA,SD,"Kementerian Pendidikan, Kebudayaan, Riset, dan Teknologi",YAYASAN PENDIDIKAN GRAHA KIRANA,AB7763,420/14579/Pr/08,06-11-2008,420/14579/PR/08,06-11-2008,Silakan Upload SK,,C,"1,750",,2.,,0614154630,0617362453,sd_grahakirana2008@yahoo.com,,3.592700000000,98.717700000000,0,0,0,0,,,2022/2023-2,,0,0,0,0,0,0,0,0,0,0,0,0,0,0,0,0,0,0,0,0,0,0,0,0,,,,,,,,,SD 2013,,,,
Sumatera Utara,Kota Medan,Medan Tembung,https://sekolah.data.kemdikbud.go.id/index.php/Chome/profil/B0C7A6D9-2EF5-E011-8981-F585F9D5D64E,https://referensi.data.kemdikbud.go.id/pendidikan/npsn/10210638,SDS HKBP MARANATHA,10210638,Jl.pukat Vii Gg Gereja No 23 Medan,BANTAN TIMUR,KEC. MEDAN TEMBUNG,KOTA MEDAN,PROV. SUMATERA UTARA,SWASTA,SD,"Kementerian Pendidikan, Kebudayaan, Riset, dan Teknologi",Yayasan HKBP WAHIDIN BARU,AH2768,1773/I03/1987,18-09-1960,420/8932 PPD/2009,05-06-2009,Silakan Upload SK,,A,600,1. Telkomsel Flash,2. Lainnya,PLN,,,sdhkbpmaranatha@gmail.com,http,3.589800000000,98.710200000000,8,91,87,6,Pagi/6 hari,,2022/2023-2,900,7,1,1,3,0,0,9,1,8,0,0,0,2,6,0,8,0,1,3,2,1,0,0,1,0,8,1,1,1,1,1,1,SD 2013,Telkomsel Flash,,,
Sumatera Utara,Kota Medan,Medan Tembung,https://sekolah.data.kemdikbud.go.id/index.php/Chome/profil/20FEA5D9-2EF5-E011-9562-4B6397C8B43D,https://referensi.data.kemdikbud.go.id/pendidikan/npsn/10257637,SDS HKBP PARDAMEAN,10257637,Jl.Pardamean No 94 A Medan,SIDOREJO,KEC. MEDAN TEMBUNG,KOTA MEDAN,PROV. SUMATERA UTARA,SWASTA,SD,"Kementerian Pendidikan, Kebudayaan, Riset, dan Teknologi",Yayasan Sd-SMP HKBP Pardamean Medan,AH2760,2010/I05/A-87,11-11-1987,420/5331.SD/2019,15-04-2009,Lihat SK Operasional,2020-09-01 07,B,246,1. -,2. Smartfren,PLN,0,06166932345,sdhkbppardamean94@gmail.com,,3.725300000000,98.673200000000,7,44,51,6,Pagi/6 hari,,2022/2023-2,"1,300",6,1,1,2,0,0,6,2,7,0,0,0,4,3,0,4,3,1,2,0,0,1,1,2,2,5,1,1,1,1,1,1,SD 2013,Tidak Ada,,,
Sumatera Utara,Kota Medan,Medan Tembung,https://sekolah.data.kemdikbud.go.id/index.php/Chome/profil/F050A6D9-2EF5-E011-8CB8-CFDD8227382B,https://referensi.data.kemdikbud.go.id/pendidikan/npsn/10259107,SDS IRA,10259107,Jl.pertiwi No 111/53b Bantan Medan,B A N T A N,KEC. MEDAN TEMBUNG,KOTA MEDAN,PROV. SUMATERA UTARA,SWASTA,SD,"Kementerian Pendidikan, Kebudayaan, Riset, dan Teknologi",Yayasan Perguruan IRA Medan,AH2738,26,20-07-1987,420/18275.DIKDAS/2018,19-09-2018,Lihat SK Operasional,2020-08-29 12,B,"10,800",1. -,2. Telkom Speedy,PLN,0617365244,0617365244,irasdmedan@gmail.com,,3.593100000000,98.727200000000,13,119,99,10,Double Shift/6 hari,,2022/2023-2,"5,500",10,0,1,2,0,0,14,0,13,0,0,0,4,9,0,9,4,6,3,1,0,0,2,1,0,13,2,2,2,2,1,1,SD 2013,Tidak Ada,,,
Sumatera Utara,Kota Medan,Medan Tembung,https://sekolah.data.kemdikbud.go.id/index.php/Chome/profil/D016C4D9-2EF5-E011-B3AF-250FA4491E1D,https://referensi.data.kemdikbud.go.id/pendidikan/npsn/10210574,SDS ISLAM AL ULUM TERPADU,10210574,Jl. Tuasan No. 35 Medan,SIDOREJO HILIR,KEC. MEDAN TEMBUNG,KOTA MEDAN,PROV. SUMATERA UTARA,SWASTA,SD,"Kementerian Pendidikan, Kebudayaan, Riset, dan Teknologi",YAYASAN AMANAH KARAMAH,AH2795,420/7942/Pr/04,19-02-2004,420/8929.PPD/2009,05-06-2009,Silakan Upload SK,,A,"3,500",1. Telkom Speedy,2. Telkom Speedy,PLN,0616638871,0616642331,sdislamalulumterpadu@gmail.com,http,3.616000000000,98.698300000000,25,237,241,18,Pagi/6 hari,,2022/2023-2,"8,000",18,1,1,2,0,0,25,1,24,0,1,0,13,12,0,21,4,6,5,6,4,2,1,1,5,20,3,3,3,3,3,3,SD 2013,Telkom Speedy,,,
Sumatera Utara,Kota Medan,Medan Tembung,https://sekolah.data.kemdikbud.go.id/index.php/Chome/profil/D0ADA5D9-2EF5-E011-8165-39DD11C2B9F0,https://referensi.data.kemdikbud.go.id/pendidikan/npsn/10257647,SDS ISLAM AZIZI,10257647,Jl.kpt M Jamil Lubis No. 56,BANDAR SELAMAT,KEC. MEDAN TEMBUNG,KOTA MEDAN,PROV. SUMATERA UTARA,SWASTA,SD,"Kementerian Pendidikan, Kebudayaan, Riset, dan Teknologi",Yayasan Perguruan Islam Azizi,AB7841,nomor,23-10-2013,420/18970.SD/2019,10-12-2019,Lihat SK Operasional,2021-08-08 13,C,616,1. Telkomsel Flash,2. Telkom Speedy,PLN,,,sds.islamazizi88@gmail.com,,3.596200000000,98.717200000000,11,40,30,6,Pagi/6 hari,,2022/2023-2,900,6,1,0,2,0,0,12,0,11,0,0,0,3,8,0,10,1,3,4,0,1,0,2,1,0,11,1,1,1,1,1,1,SD 2013,Telkomsel Flash,,,
Sumatera Utara,Kota Medan,Medan Tembung,https://sekolah.data.kemdikbud.go.id/index.php/Chome/profil/80CA4F30-3A8D-E211-BB63-51E54A37B5AE,https://referensi.data.kemdikbud.go.id/pendidikan/npsn/69753918,SDS ISLAM UMMI AIDA,69753918,JL METEOROLOGI I NO 8,INDRA KASIH,KEC. MEDAN TEMBUNG,KOTA MEDAN,PROV. SUMATERA UTARA,SWASTA,SD,"Kementerian Pendidikan, Kebudayaan, Riset, dan Teknologi",Yayasan Pendidikan Islam Ummi Aida,AH2789,NO.77,30-03-2011,420/585.PPMP/2013,18-01-2013,Lihat SK Operasional,2016-09-30 11,A,840,1. Telkomsel Flash,2. Telkom Speedy,PLN,,061800016587,sditummiaida@gmail.com,http,3.595400000000,98.726300000000,14,155,144,12,Sehari Penuh/6 hari,,2022/2023-2,"2,200",14,0,1,2,0,0,14,2,14,0,0,0,1,13,0,10,4,9,3,1,1,0,0,0,1,13,2,1,2,3,2,2,SD 2013,Telkomsel Flash,,,
Sumatera Utara,Kota Medan,Medan Tembung,https://sekolah.data.kemdikbud.go.id/index.php/Chome/profil/70C8A5D9-2EF5-E011-8750-71924005DD01,https://referensi.data.kemdikbud.go.id/pendidikan/npsn/10259415,SDS ISLAMIYAH,10259415,Jl.taduan No 74,SIDOREJO,KEC. MEDAN TEMBUNG,KOTA MEDAN,PROV. SUMATERA UTARA,SWASTA,SD,"Kementerian Pendidikan, Kebudayaan, Riset, dan Teknologi",Yayasan Perguruan Swasta Islamiyah,AH2790,135,01-01-1974,,27-07-1977,Silakan Upload SK,,B,"3,775",1. Smartfren,2. Telkomsel Flash,PLN,,06177816074,sdsislamiyahI@gmail.com,,3.604600000000,98.705300000000,7,91,81,6,Pagi/6 hari,,2022/2023-2,900,6,0,0,1,1,0,7,0,6,0,0,1,6,1,0,5,2,1,0,1,1,2,1,1,1,6,1,1,1,1,1,1,SD 2013,Smartfren,,,
Sumatera Utara,Kota Medan,Medan Tembung,https://sekolah.data.kemdikbud.go.id/index.php/Chome/profil/C01BA6D9-2EF5-E011-B50D-2D05D200CA28,https://referensi.data.kemdikbud.go.id/pendidikan/npsn/10210599,SDS JOSUA,10210599,Jl. Karya Bakti / Pendidikan No. 15,INDRA KASIH,KEC. MEDAN TEMBUNG,KOTA MEDAN,PROV. SUMATERA UTARA,SWASTA,SD,"Kementerian Pendidikan, Kebudayaan, Riset, dan Teknologi",,,01785/A/IV/24,18-11-1977,420/10626/.PPD/2010,28-07-2010,Silakan Upload SK,,Sertifikat Kedaluwarsa,"5,355",,2.,,,,sd_josua_medan@yahoo.co.id,http,3.619300000000,98.705800000000,7,0,0,0,,,2022/2023-2,,0,0,0,0,0,0,4,3,7,0,0,0,2,5,0,5,2,1,1,3,0,1,0,1,1,6,,,,,,,SD 2013,,,,
Sumatera Utara,Kota Medan,Medan Tembung,https://sekolah.data.kemdikbud.go.id/index.php/Chome/profil/30D3A7D2-506E-4F33-B294-07A0BA4A0A28,https://referensi.data.kemdikbud.go.id/pendidikan/npsn/69734011,SDS LENTERA HARAPAN,69734011,JL MESTIKA (PUKAT BANTING II) NO.37,B A N T A N,KEC. MEDAN TEMBUNG,KOTA MEDAN,PROV. SUMATERA UTARA,SWASTA,SD,"Kementerian Pendidikan, Kebudayaan, Riset, dan Teknologi",Yayasan Pendidikan Pelita Harapan Tangerang,AL0628,1525/YPPH-LGL/IV/2012,01-04-2012,420/8458A.DIKDAS/2017,15-06-2017,Lihat SK Operasional,2019-05-10 11,B,"2,970",1. Telkom Speedy,2. Telkom Speedy,PLN,,0617326799,sd.lenteraharapan@yahoo.com,,3.592100000000,98.714300000000,19,175,147,12,Sehari Penuh/5 hari,,2022/2023-2,"66,000",13,1,1,2,0,0,20,1,19,0,0,0,3,16,0,19,0,12,2,2,3,0,0,0,2,17,2,2,2,2,2,2,SD 2013,Telkom Speedy,,,
Sumatera Utara,Kota Medan,Medan Tembung,https://sekolah.data.kemdikbud.go.id/index.php/Chome/profil/A05EA6D9-2EF5-E011-A268-4D18190048CE,https://referensi.data.kemdikbud.go.id/pendidikan/npsn/10257649,SDS MARDLIATUL ISLAMIYAH 2,10257649,Jl. Bersama No 19/21 LK. IX Bandar Selamat,BANDAR SELAMAT,KEC. MEDAN TEMBUNG,KOTA MEDAN,PROV. SUMATERA UTARA,SWASTA,SD,"Kementerian Pendidikan, Kebudayaan, Riset, dan Teknologi",,,604/I.05/A.88,26-12-1988,420/5780.SD/2019,09-04-2019,Lihat SK Operasional,2019-08-23 10,B,0,1. Telkomsel Flash,2. Lainnya (Kabel),PLN,0617367272,0617367272,sdsmardliatulislamiyah2@gmail.com,http,3.595400000000,98.714800000000,10,76,56,6,Pagi/6 hari,,2022/2023-2,"4,400",6,0,2,2,0,0,14,0,10,0,0,0,3,7,0,7,3,3,1,3,0,0,2,1,1,9,1,1,1,1,1,1,SD 2013,Telkomsel Flash,,,
Sumatera Utara,Kota Medan,Medan Tembung,https://sekolah.data.kemdikbud.go.id/index.php/Chome/profil/20DEC4D9-2EF5-E011-95DF-F5414FE576C0,https://referensi.data.kemdikbud.go.id/pendidikan/npsn/10258046,SDS METHODIST 9,10258046,Jl.taduan No 114,SIDOREJO,KEC. MEDAN TEMBUNG,KOTA MEDAN,PROV. SUMATERA UTARA,SWASTA,SD,"Kementerian Pendidikan, Kebudayaan, Riset, dan Teknologi",Lainnya,AM0362,7454/II 05.1/A.88,26-11-1986,420/7205.PPD/2009,12-05-2009,Silakan Upload SK,,B,"1,190",1. Lainnya (Wavelan),2. Lainnya (Wavelan),PLN,,,hartatymanurung@gmail.com,,3.605400000000,98.704400000000,10,86,103,6,Pagi/6 hari,,2022/2023-2,"2,500",6,0,0,2,0,0,10,1,10,0,0,0,8,2,0,7,3,2,0,0,3,3,1,1,1,9,1,1,1,1,1,1,SD 2013,Lainnya (Wavelan),,,
Sumatera Utara,Kota Medan,Medan Tembung,https://sekolah.data.kemdikbud.go.id/index.php/Chome/profil/00E2A6D9-2EF5-E011-AA6A-B93C6B897075,https://referensi.data.kemdikbud.go.id/pendidikan/npsn/10257869,SDS MUHAMMADIYAH 25,10257869,Jl.Pukat I No.19,BANTAN TIMUR,KEC. MEDAN TEMBUNG,KOTA MEDAN,PROV. SUMATERA UTARA,SWASTA,SD,"Kementerian Pendidikan, Kebudayaan, Riset, dan Teknologi",Yayasan Pimpinan Daerah Muhammadiyah (PDM) Kota Medan,AO5517,1735/I-14/SU-72/1978,01-01-1971,420/931.SD/2020,17-01-2020,Lihat SK Operasional,2020-09-04 10,B,"1,500",1. Telkomsel Flash,2. Telkom Speedy,PLN,0,,sdmuhammadiyah25medantembung@gmail.com,http,3.625600000000,98.698000000000,8,87,52,6,Pagi/6 hari,,2022/2023-2,0,6,0,1,3,0,0,8,1,8,0,0,0,2,6,0,7,1,3,1,1,1,1,0,1,2,6,1,1,1,1,1,1,SD 2013,Telkomsel Flash,,,
Sumatera Utara,Kota Medan,Medan Tembung,https://sekolah.data.kemdikbud.go.id/index.php/Chome/profil/E0D4A6D9-2EF5-E011-9BFF-FFB23646C3F4,https://referensi.data.kemdikbud.go.id/pendidikan/npsn/10259386,SDS NAHDLATUL ULAMA,10259386,Jl.pukat I No 37,BANTAN TIMUR,KEC. MEDAN TEMBUNG,KOTA MEDAN,PROV. SUMATERA UTARA,SWASTA,SD,"Kementerian Pendidikan, Kebudayaan, Riset, dan Teknologi",Lainnya,AH2797,,01-01-1970,420/8966.PPD/2009,05-05-2009,Silakan Upload SK,,B,"1,600",1. -,2. Lainnya,PLN,,,sdnahdlatululama@yahoo.co.id,,3.594400000000,98.711500000000,8,30,28,6,Pagi/6 hari,,2022/2023-2,900,6,0,1,0,0,1,8,1,8,0,0,0,4,4,0,7,1,5,1,0,1,0,0,1,1,7,1,1,1,1,1,1,SD 2013,Tidak Ada,,,
Sumatera Utara,Kota Medan,Medan Tembung,https://sekolah.data.kemdikbud.go.id/index.php/Chome/profil/40E3A5D9-2EF5-E011-B8F4-490CB506062B,https://referensi.data.kemdikbud.go.id/pendidikan/npsn/10210650,SDS PAHLAWAN NASIONAL,10210650,Jl.durung No 205 Medan,SIDOREJO,KEC. MEDAN TEMBUNG,KOTA MEDAN,PROV. SUMATERA UTARA,SWASTA,SD,"Kementerian Pendidikan, Kebudayaan, Riset, dan Teknologi",YAYASAN PERGURUAN PAHLAWAN NASIONAL,AH2761,,01-07-1956,420/8974.PPD/2009,05-06-2009,Silakan Upload SK,,A,"4,000",1. Telkomsel Flash,2. Telkom Speedy,PLN,,06180084578,sdspahlawannasional@gmail.com,,3.609500000000,98.705000000000,16,135,134,11,Double Shift/6 hari,,2022/2023-2,"2,200",24,0,1,2,0,2,14,2,15,0,1,0,13,3,0,6,10,2,3,0,1,2,5,3,5,11,2,1,2,2,2,2,SD 2013,Telkomsel Flash,,,
Sumatera Utara,Kota Medan,Medan Tembung,https://sekolah.data.kemdikbud.go.id/index.php/Chome/profil/C044A5D9-2EF5-E011-9D49-F10014093C02,https://referensi.data.kemdikbud.go.id/pendidikan/npsn/10259568,SDS PELANGI,10259568,Jl.Bhayangkara No 417,INDRA KASIH,KEC. MEDAN TEMBUNG,KOTA MEDAN,PROV. SUMATERA UTARA,SWASTA,SD,"Kementerian Pendidikan, Kebudayaan, Riset, dan Teknologi",,,11.-,17-07-2007,420/9138.PPD/2012,16-08-2012,Silakan Upload SK,,A,"2,000",1. Telkomsel Flash,2. Telkom Speedy,PLN,0616620451,0616620451,sdpelangimedan@yahoo.co.id,http,3.622300000000,98.704800000000,16,142,149,15,Pagi/6 hari,,2022/2023-2,"3,300",18,1,1,2,0,0,23,0,15,0,1,0,4,12,0,15,1,5,5,3,2,0,1,0,0,16,2,2,2,3,3,3,SD 2013,Telkomsel Flash,,,
Sumatera Utara,Kota Medan,Medan Tembung,https://sekolah.data.kemdikbud.go.id/index.php/Chome/profil/C06BA5D9-2EF5-E011-870E-B13CC6AFED6C,https://referensi.data.kemdikbud.go.id/pendidikan/npsn/10257652,SDS PEMBANGUNAN NASIONAL,10257652,Jl.mustika No 2,B A N T A N,KEC. MEDAN TEMBUNG,KOTA MEDAN,PROV. SUMATERA UTARA,SWASTA,SD,"Kementerian Pendidikan, Kebudayaan, Riset, dan Teknologi",,,109,27-03-1972,420/1876.DIKDAS/2018,01-08-2018,Lihat SK Operasional,2020-11-03 10,C,530,1. Telkom Speedy,2. XL (GSM),PLN,,0617321265,sdspembnas@gmail.com,http,3.591700000000,98.712000000000,8,42,28,6,Pagi/6 hari,,2022/2023-2,"1,300",6,1,1,2,0,0,8,1,8,0,0,0,3,5,0,5,3,0,1,2,2,1,0,2,1,7,1,1,1,1,1,1,SD 2013,Telkom Speedy,,,
Sumatera Utara,Kota Medan,Medan Tembung,https://sekolah.data.kemdikbud.go.id/index.php/Chome/profil/601DA5D9-2EF5-E011-9772-9BEF9DE44121,https://referensi.data.kemdikbud.go.id/pendidikan/npsn/10257644,SDS PESANTREN GUPPI,10257644,Jl.letda Sujono Jl.baru No 6,T E M B U N G,KEC. MEDAN TEMBUNG,KOTA MEDAN,PROV. SUMATERA UTARA,SWASTA,SD,"Kementerian Pendidikan, Kebudayaan, Riset, dan Teknologi",Yayasan SD Swasta Pesantren Guppi,AH2756,AHU-0004413.AH.01.04.TAHUN 2015,01-07-1974,4207000/2004,23-04-2004,Lihat SK Operasional,2022-08-09 15,B,"17,094",1. -,2. -,PLN,,,sdspesantrenguppi@gmail.com,,3.600200000000,98.701100000000,8,19,10,6,Pagi/6 hari,,2022/2023-2,"1,200",9,0,1,0,0,0,9,0,5,0,2,1,3,5,2,5,1,1,1,2,0,1,1,2,2,6,1,1,1,1,1,1,SD 2013,Tidak Ada,,,
Sumatera Utara,Kota Medan,Medan Tembung,https://sekolah.data.kemdikbud.go.id/index.php/Chome/profil/60D5A5D9-2EF5-E011-84AD-E38B417AF879,https://referensi.data.kemdikbud.go.id/pendidikan/npsn/10210517,SDS RK MAKMUR,10210517,Jl. Durung No 178 Medan,SIDOREJO,KEC. MEDAN TEMBUNG,KOTA MEDAN,PROV. SUMATERA UTARA,SWASTA,SD,"Kementerian Pendidikan, Kebudayaan, Riset, dan Teknologi",YAYASAN PERGURUAN KATOLIK DON BOSCO KEUSKUPAN AGUNG MEDAN,AB7849,C-2229.HT.01.02.TH 2006,01-01-1955,420/15486.SD/2019,09-10-2019,Silakan Upload SK (link file tidak valid) => [471256-835221--],2021-07-02 09,A,"24,000",1. -,2. Telkom Speedy,PLN,,0616617983,Sdbudimurni_tujuh@yahoo.co.id,,3.609100000000,98.704800000000,19,215,166,14,Pagi/6 hari,,2022/2023-2,"12,000",20,1,1,2,0,0,16,6,19,0,0,0,12,7,0,17,2,5,2,0,1,0,5,6,4,15,2,2,2,3,2,3,SD 2013,Tidak Ada,,,
Sumatera Utara,Kota Medan,Medan Tembung,https://sekolah.data.kemdikbud.go.id/index.php/Chome/profil/C0F0A5D9-2EF5-E011-9C32-CD073DCBC6C6,https://referensi.data.kemdikbud.go.id/pendidikan/npsn/10259117,SDS ROMALBEST,10259117,Jl. Taut No 90 Medan,SIDOREJO,KEC. MEDAN TEMBUNG,KOTA MEDAN,PROV. SUMATERA UTARA,SWASTA,SD,"Kementerian Pendidikan, Kebudayaan, Riset, dan Teknologi",Yayasan Perguruan Kristen MPH Romalbest (METHODIST ROMALBEST),AH2736,24,27-10-1975,420/1295 PPD/2015,30-12-2015,Lihat SK Operasional,2020-08-31 04,C,800,1. Telkomsel Flash,2. Lainnya (Satelit),PLN,0616611870,0616612998,sd.methodist.romalbest@gmail.com,http,3.604500000000,98.702200000000,14,226,187,14,Double Shift/6 hari,,2022/2023-2,"8,800",0,0,0,0,0,0,13,2,14,0,0,0,0,14,3,7,4,7,3,1,1,1,0,1,0,14,4,2,2,2,3,1,SD 2013,Telkomsel Flash,,,
Sumatera Utara,Kota Medan,Medan Tembung,https://sekolah.data.kemdikbud.go.id/index.php/Chome/profil/202432DD-2EF5-E011-A848-19D649EB8CE1,https://referensi.data.kemdikbud.go.id/pendidikan/npsn/10259118,SDS UMMI FATIMAH,10259118,Jl.tuasan No 87 Medan,SIDOREJO HILIR,KEC. MEDAN TEMBUNG,KOTA MEDAN,PROV. SUMATERA UTARA,SWASTA,SD,"Kementerian Pendidikan, Kebudayaan, Riset, dan Teknologi",YAYASAN UMMI FATIMAH,AH2803,2028/105/A-1976,26-02-1976,420/2/222/DIKDAS/2018,12-11-2018,Lihat SK Operasional,2019-11-05 14,A,"2,700",1. Telkomsel Flash,2. Telkomsel Flash,PLN,,0616621641,sdsummifatimah@gmail.Com,,3.615900000000,98.703300000000,11,70,75,7,Pagi/6 hari,,2022/2023-2,"90,000",9,0,1,2,0,0,11,1,11,0,0,0,2,9,0,6,5,3,2,1,1,1,2,1,2,9,1,1,1,2,1,1,SD 2013,Telkomsel Flash,,,
Sumatera Utara,Kota Medan,Medan Tembung,https://sekolah.data.kemdikbud.go.id/index.php/Chome/profil/20B962DA-2EF5-E011-B24A-518C5B94A322,https://referensi.data.kemdikbud.go.id/pendidikan/npsn/10259540,SMP AL HIDAYAH MEDAN,10259540,Jl.letda Sujono Gg. Perguruan No. 04 Medan,BANDAR SELAMAT,KEC. MEDAN TEMBUNG,KOTA MEDAN,PROV. SUMATERA UTARA,SWASTA,SMP,"Kementerian Pendidikan, Kebudayaan, Riset, dan Teknologi",YAYASAN PERGURUAN AL-HIDAYAH,AH2772,354,05-02-1971,420/18520.SMP/2019,29-11-2019,Lihat SK Operasional,2021-03-26 16,B,"1,081",1. -,2. Lainnya,PLN,0,06173360972,smp_alhidayah44@yahoo.co.id,,3.599200000000,98.714900000000,13,73,62,5,Pagi/6 hari,,2022/2023-2,"2,300",16,1,0,2,1,0,15,0,12,0,0,1,9,4,0,9,4,1,0,3,2,2,2,3,5,8,,,,,,,SMP 2013,Tidak Ada,1,2,2
Sumatera Utara,Kota Medan,Medan Tembung,https://sekolah.data.kemdikbud.go.id/index.php/Chome/profil/E00E64DA-2EF5-E011-89B1-E1C85FA9DBD5,https://referensi.data.kemdikbud.go.id/pendidikan/npsn/10210203,SMP ALI IMRON,10210203,Jl. Bersama No. 21,BANDAR SELAMAT,KEC. MEDAN TEMBUNG,KOTA MEDAN,PROV. SUMATERA UTARA,SWASTA,SMP,"Kementerian Pendidikan, Kebudayaan, Riset, dan Teknologi",,,6712/II.1/A/91,20-08-1991,420/5525.PPD/2009,02-04-2009,Silakan Upload SK,,B,"1,118",1. -,2. Telkom Speedy,PLN,0617367272,7367272,smpaliimronmedan@gmail.com,http,3.594900000000,98.715000000000,10,41,25,3,Pagi/6 hari,,2022/2023-2,"3,600",3,0,1,1,0,0,11,0,10,0,0,0,2,8,0,6,4,1,1,3,0,1,0,4,1,9,,,,,,,SMP 2013,Tidak Ada,1,1,1
Sumatera Utara,Kota Medan,Medan Tembung,https://sekolah.data.kemdikbud.go.id/index.php/Chome/profil/601563DA-2EF5-E011-BC18-37A4EDEA7AF9,https://referensi.data.kemdikbud.go.id/pendidikan/npsn/10210056,SMP CINTA KASIH,10210056,Jl.sama No.20 Medan,BANTAN TIMUR,KEC. MEDAN TEMBUNG,KOTA MEDAN,PROV. SUMATERA UTARA,SWASTA,SMP,"Kementerian Pendidikan, Kebudayaan, Riset, dan Teknologi",YAYASAN PERGURUAN KRISTEN CINTA KASIH MEDAN TEMBUNG,AH2794,595/105/A 1987,25-03-1987,420/21166.DIKDAS/2018,09-11-2018,Lihat SK Operasional,2020-11-16 07,B,0,1. -,2. Telkom Speedy,PLN,,06142902649,smpcintakasih@gmail.com,,3.590200000000,98.706600000000,7,26,16,3,Pagi/6 hari,,2022/2023-2,"2,200",5,2,1,2,0,0,9,0,7,0,0,0,2,5,0,6,1,0,0,3,2,1,1,0,2,5,,,,,,,SMP 2013,Tidak Ada,1,1,1
Sumatera Utara,Kota Medan,Medan Tembung,https://sekolah.data.kemdikbud.go.id/index.php/Chome/profil/B06C3EDA-2EF5-E011-87E4-E9ABB290FB04,https://referensi.data.kemdikbud.go.id/pendidikan/npsn/10259064,SMP GUPPI-SU,10259064,Jl.baru No.4 Medan,T E M B U N G,KEC. MEDAN TEMBUNG,KOTA MEDAN,PROV. SUMATERA UTARA,SWASTA,SMP,"Kementerian Pendidikan, Kebudayaan, Riset, dan Teknologi",Yayasan GUPPI-SU MEDAN,AH2792,08/KPTS/YYSN GUPPI/1974,01-07-1974,420/11229.PPD/2009,27-07-2009,Silakan Upload SK,,B,"5,000",,2.,,,061 - 738253,smpguppisu@gmail.com,,3.596100000000,98.723600000000,0,0,0,0,,,2022/2023-2,,0,0,0,0,0,0,0,0,0,0,0,0,0,0,0,0,0,0,0,0,0,0,0,0,,,,,,,,,,,,,
Sumatera Utara,Kota Medan,Medan Tembung,https://sekolah.data.kemdikbud.go.id/index.php/Chome/profil/60D362DA-2EF5-E011-95A3-5D0BB56A98F6,https://referensi.data.kemdikbud.go.id/pendidikan/npsn/10259334,SMP HKBP PARDAMEAN MEDAN,10259334,Jl Pardamean No 94 Medan,SIDOREJO,KEC. MEDAN TEMBUNG,KOTA MEDAN,PROV. SUMATERA UTARA,SWASTA,SMP,"Kementerian Pendidikan, Kebudayaan, Riset, dan Teknologi",Yayasan Sd-SMP HKBP Pardamean Medan,AH2760,NO. 43,30-07-2009,NOMOR,30-01-2019,Lihat SK Operasional,2021-04-22 11,B,"2,000",1. Telkomsel Flash,2. Lainnya (Serat Optik),PLN,,,Smphkbppardamean@gmail.com,,3.625800000000,98.701200000000,11,31,30,3,Pagi/6 hari,,2022/2023-2,"2,200",4,0,1,2,2,0,10,0,9,0,1,1,7,4,0,9,2,3,2,1,2,1,0,2,3,8,,,,,,,SMP 2013,Telkomsel Flash,1,1,1
Sumatera Utara,Kota Medan,Medan Tembung,https://sekolah.data.kemdikbud.go.id/index.php/Chome/profil/005F64DA-2EF5-E011-81F8-A5E2562A6790,https://referensi.data.kemdikbud.go.id/pendidikan/npsn/10257885,SMP ISLAM AL ULUM TERPADU,10257885,Jl. Tuasan No 35 Medan,SIDOREJO HILIR,KEC. MEDAN TEMBUNG,KOTA MEDAN,PROV. SUMATERA UTARA,SWASTA,SMP,"Kementerian Pendidikan, Kebudayaan, Riset, dan Teknologi",YAYASAN AMANAH KARAMAH,AH2795,11,25-03-2011,420/11488.DIKDAS/2018,25-06-2009,Lihat SK Operasional,2019-10-29 17,A,"2,500",1. Lainnya,2. Lainnya,PLN,0616638871,0616642331,alulumterpadusmpislam@gmail.com,,3.619000000000,98.702500000000,25,214,235,15,Sehari Penuh/5 hari,,2022/2023-2,"35,000",15,2,1,12,0,0,25,6,25,0,0,0,7,18,0,20,5,4,10,2,4,3,1,1,10,15,,,,,,,SMP 2013,Lainnya,5,5,5
Sumatera Utara,Kota Medan,Medan Tembung,https://sekolah.data.kemdikbud.go.id/index.php/Chome/profil/D075B9DB-2EF5-E011-9401-512C4327B8FC,https://referensi.data.kemdikbud.go.id/pendidikan/npsn/10257670,SMP JAMBI MEDAN,10257670,Jl. Pertiwi No.116 Medan,B A N T A N,KEC. MEDAN TEMBUNG,KOTA MEDAN,PROV. SUMATERA UTARA,SWASTA,SMP,"Kementerian Pendidikan, Kebudayaan, Riset, dan Teknologi",Yayasan SMP Swasta Jambi Medan,AH2798,nomor 31,14-05-2001,420/2329.DIKDAS/2019,30-01-2019,Lihat SK Operasional,2022-03-10 07,A,"2,093",1. -,2. Telkom Speedy,PLN,,061738383936,smpswastajambi04@gmail.com,,3.593200000000,98.736000000000,15,54,62,5,Pagi/6 hari,,2022/2023-2,"23,000",10,1,1,2,0,0,17,1,15,0,0,0,7,8,1,13,1,2,3,3,0,2,1,4,6,9,,,,,,,SMP 2013,Tidak Ada,2,2,1
Sumatera Utara,Kota Medan,Medan Tembung,https://sekolah.data.kemdikbud.go.id/index.php/Chome/profil/A0A164DA-2EF5-E011-8956-CB4F9BB33189,https://referensi.data.kemdikbud.go.id/pendidikan/npsn/10260108,SMP KREATIF,10260108,Jl Pertiwi No 19 Medan,B A N T A N,KEC. MEDAN TEMBUNG,KOTA MEDAN,PROV. SUMATERA UTARA,SWASTA,SMP,"Kementerian Pendidikan, Kebudayaan, Riset, dan Teknologi",Yayasan Kreatif,AH2787,420/11926/Pr/08,19-07-2004,420/19742-PPD/2016,14-12-2016,Lihat SK Operasional,2018-10-15 09,C,"2,100",1. -,2. Telkom Speedy,PLN,0617350951,0617350951,smpkreatifmedan@gmail.com,,3.592900000000,98.724400000000,9,18,13,3,Pagi/6 hari,,2022/2023-2,0,3,1,0,2,3,1,5,1,6,0,1,2,8,1,0,9,0,2,0,0,1,1,1,4,3,6,,,,,,,SMP 2013,Tidak Ada,1,1,1
Sumatera Utara,Kota Medan,Medan Tembung,https://sekolah.data.kemdikbud.go.id/index.php/Chome/profil/E01B64DA-2EF5-E011-9EFB-51C6B3FDD935,https://referensi.data.kemdikbud.go.id/pendidikan/npsn/10257713,SMP METHODIST 9,10257713,Jl. Taduan No. 114 Medan,SIDOREJO,KEC. MEDAN TEMBUNG,KOTA MEDAN,PROV. SUMATERA UTARA,SWASTA,SMP,"Kementerian Pendidikan, Kebudayaan, Riset, dan Teknologi",YAYASAN PENDIDIKAN GEREJA METHODIST INDONESIA WILAYAH-1,AM0352,242/105/A/1991,20-08-1991,420/7279.PPD/2009,13-05-2009,Silakan Upload SK,,B,"1,190",1. Lainnya (Wavelan),2. Lainnya (Wavelan),PLN,,,jannessitohang@yahoo.com,,3.605100000000,98.704400000000,10,69,59,5,Double Shift/6 hari,,2022/2023-2,"2,500",6,1,1,2,0,0,9,2,10,0,0,0,8,2,0,6,4,2,1,0,3,2,2,0,1,9,,,,,,,SMP 2013,Lainnya (Wavelan),2,1,2
Sumatera Utara,Kota Medan,Medan Tembung,https://sekolah.data.kemdikbud.go.id/index.php/Chome/profil/809E62DA-2EF5-E011-8B4D-59A130DEA6AD,https://referensi.data.kemdikbud.go.id/pendidikan/npsn/10259559,SMP PEMBANGUNAN NASIONAL,10259559,Jl. Pukat Banting II No.2,B A N T A N,KEC. MEDAN TEMBUNG,KOTA MEDAN,PROV. SUMATERA UTARA,SWASTA,SMP,"Kementerian Pendidikan, Kebudayaan, Riset, dan Teknologi",,,109,27-03-1972,420/16063.DIKDAS/2018,01-08-2018,Lihat SK Operasional,2020-11-03 09,B,530,1. XL (GSM),2. XL (GSM),PLN,08136231466,,smppembangunannasional@gmail.com,http,3.593200000000,98.724500000000,9,23,14,3,Siang/6 hari,,2022/2023-2,"1,300",6,1,1,2,1,0,8,1,7,0,1,1,5,4,0,8,1,1,2,0,0,1,2,3,3,6,,,,,,,SMP 2013,XL (GSM),1,1,1
Sumatera Utara,Kota Medan,Medan Tembung,https://sekolah.data.kemdikbud.go.id/index.php/Chome/profil/A00164DA-2EF5-E011-AA14-B32A2A6AC188,https://referensi.data.kemdikbud.go.id/pendidikan/npsn/10211025,SMP PRAYATNA MEDAN,10211025,Letda Sujono 403,T E M B U N G,KEC. MEDAN TEMBUNG,KOTA MEDAN,PROV. SUMATERA UTARA,SWASTA,SMP,"Kementerian Pendidikan, Kebudayaan, Riset, dan Teknologi",,,248/I05/A/1989,01-06-1989,420/4869.PPD/2010,05-04-2010,Silakan Upload SK,,A,"4,200",1. Telkomsel Flash,2. Telkom Speedy,PLN,,0617382459,smpprayatna_medan@yahoo.com,,3.594300000000,98.722800000000,22,134,101,9,Pagi/6 hari,,2022/2023-2,"23,000",18,4,2,2,1,0,18,4,19,1,1,1,17,5,0,18,4,1,0,5,5,1,4,6,5,17,,,,,,,SMP 2013,Telkomsel Flash,2,3,4
Sumatera Utara,Kota Medan,Medan Tembung,https://sekolah.data.kemdikbud.go.id/index.php/Chome/profil/691E0AA0-0BB1-422D-8954-18D384A9ABA3,https://referensi.data.kemdikbud.go.id/pendidikan/npsn/69984095,SMP SWASTA AZZAKIYAH ISLAMIC SCHOOL,69984095,JL. METEOROLOGY III,INDRA KASIH,KEC. MEDAN TEMBUNG,KOTA MEDAN,PROV. SUMATERA UTARA,SWASTA,SMP,"Kementerian Pendidikan, Kebudayaan, Riset, dan Teknologi",,,420/17210.Sarpras/2018,24-08-2018,420/17210.Sarpras/2018,24-08-2018,Lihat SK Operasional,2018-12-23 15,A,"2,060",1. -,2. Telkom Speedy,PLN,,,azzakiyahislamicschool@gmail.com,,3.618685000000,98.708952000000,5,17,23,3,Sehari Penuh/5 hari,,2022/2023-2,"9,000",3,2,1,2,0,0,5,1,5,0,0,0,0,5,0,3,2,3,1,0,1,0,0,0,3,2,,,,,,,SMP 2013,Tidak Ada,1,1,1
Sumatera Utara,Kota Medan,Medan Tembung,https://sekolah.data.kemdikbud.go.id/index.php/Chome/profil/002363DA-2EF5-E011-85FE-E106F75500B5,https://referensi.data.kemdikbud.go.id/pendidikan/npsn/10258024,SMP SWASTA BUDISATRYA,10258024,Jl. Letda Sujono No. 166,BANDAR SELAMAT,KEC. MEDAN TEMBUNG,KOTA MEDAN,PROV. SUMATERA UTARA,SWASTA,SMP,"Kementerian Pendidikan, Kebudayaan, Riset, dan Teknologi",,,11,12-11-1963,420/21670.DIKDAS/2018,22-11-2018,Silakan Upload SK (link file tidak valid) => [374028-247788--],2020-09-13 10,A,"1,595",1. Telkomsel Flash,2. Telkom Speedy,PLN,73478,7366899,smpbudisatrya@gmail.com,http,3.620000000000,98.701200000000,19,92,111,8,Pagi/6 hari,,2022/2023-2,"100,000",12,1,1,2,1,0,21,0,18,0,1,0,13,6,0,17,2,1,2,2,3,0,2,9,5,14,,,,,,,SMP 2013,Telkomsel Flash,2,3,3
Sumatera Utara,Kota Medan,Medan Tembung,https://sekolah.data.kemdikbud.go.id/index.php/Chome/profil/A02FA09F-8EFE-E111-9314-0370C43F7CC2,https://referensi.data.kemdikbud.go.id/pendidikan/npsn/69727259,SMP SWASTA ISLAM NUR IHSAN,69727259,Jl.Bersama No.83 A Medan,BANDAR SELAMAT,KEC. MEDAN TEMBUNG,KOTA MEDAN,PROV. SUMATERA UTARA,SWASTA,SMP,"Kementerian Pendidikan, Kebudayaan, Riset, dan Teknologi",YAYASAN PINTA HARAPAN,AI8625,03,21-03-2011,420/18770.DIKDAS/2017,17-12-2017,Lihat SK Operasional,2019-08-26 10,A,"1,713",1. Telkom Speedy,2. Telkom Speedy,PLN,0617341704,0617341704,pesantren.nur.ihsan@gmail.com,http,3.595400000000,98.717800000000,24,183,178,11,Sehari Penuh/6 hari,,2022/2023-2,"23,000",14,1,1,2,0,0,7,19,24,0,0,0,1,23,0,15,9,20,3,1,0,0,0,0,9,15,,,,,,,SMP 2013,Telkom Speedy,3,3,5
Sumatera Utara,Kota Medan,Medan Tembung,https://sekolah.data.kemdikbud.go.id/index.php/Chome/profil/C03D62DA-2EF5-E011-A270-4FFFA712E28B,https://referensi.data.kemdikbud.go.id/pendidikan/npsn/10257696,SMP SWASTA PAHLAWAN NASIONAL,10257696,Jln.durung No.205 Medan,SIDOREJO,KEC. MEDAN TEMBUNG,KOTA MEDAN,PROV. SUMATERA UTARA,SWASTA,SMP,"Kementerian Pendidikan, Kebudayaan, Riset, dan Teknologi",YAYASAN PERGURUAN PAHLAWAN NASIONAL,AH2761,05 Agustus 2015 dan 01,05-08-2015,NOMOR,28-11-2013,Lihat SK Operasional,2023-03-15 13,A,"4,000",1. Telkom Speedy,2. Telkomsel Flash,PLN,,06180084578,suharto18.smppahlawannasional@gmail.com,http,3.609200000000,98.704200000000,43,343,312,21,Pagi/6 hari,,2022/2023-2,"7,700",42,0,1,2,2,0,27,17,41,0,1,1,17,26,0,38,5,13,5,4,5,3,2,11,24,19,,,,,,,SMP 2013,Telkom Speedy,6,6,9
Sumatera Utara,Kota Medan,Medan Tembung,https://sekolah.data.kemdikbud.go.id/index.php/Chome/profil/209162DA-2EF5-E011-BD31-A7FE427C5F86,https://referensi.data.kemdikbud.go.id/pendidikan/npsn/10211018,SMP SWASTA RK MAKMUR,10211018,Jl. Teratai No. 21-A,SIDOREJO HILIR,KEC. MEDAN TEMBUNG,KOTA MEDAN,PROV. SUMATERA UTARA,SWASTA,SMP,"Kementerian Pendidikan, Kebudayaan, Riset, dan Teknologi",YAYASAN PERGURUAN KATOLIK DON BOSCO KEUSKUPAN AGUNG MEDAN,AB7849,1961,05-02-1961,420/11058.SMP/2019,02-07-2019,Lihat SK Operasional,2021-06-30 16,A,"31,598",1. Lainnya (Serat Optik),2. Telkomsel Flash,PLN,,0617342069,smp_rkmakmur@yahoo.co.id,http,3.602300000000,98.713600000000,16,145,145,10,Pagi/6 hari,,2022/2023-2,0,10,2,1,4,0,0,11,7,16,0,0,0,5,11,0,13,3,5,2,5,1,2,1,0,4,12,,,,,,,SMP 2013,Lainnya (Serat Optik),3,4,3
Sumatera Utara,Kota Medan,Medan Tembung,https://sekolah.data.kemdikbud.go.id/index.php/Chome/profil/60CC63DA-2EF5-E011-AF17-250D04705757,https://referensi.data.kemdikbud.go.id/pendidikan/npsn/10257669,SMP SWT IRA,10257669,Jl. Pertiwi No. 111 / 53 B Medan,B A N T A N,KEC. MEDAN TEMBUNG,KOTA MEDAN,PROV. SUMATERA UTARA,SWASTA,SMP,"Kementerian Pendidikan, Kebudayaan, Riset, dan Teknologi",Yayasan Perguruan IRA Medan,AH2738,26,20-07-1987,420/15224.DIKDAS/2018,20-07-2018,Lihat SK Operasional,2020-08-29 12,B,"10,800",1. Telkom Speedy,2. Telkom Speedy,PLN,0617365244,0617365244,irasmp@gmail.com,,3.593400000000,98.727200000000,15,111,105,8,Pagi/6 hari,,2022/2023-2,"1,300",10,1,1,2,0,0,13,3,15,0,0,0,4,11,0,10,5,6,5,1,2,0,0,1,6,9,,,,,,,SMP 2013,Telkom Speedy,3,2,3
Sumatera Utara,Kota Medan,Medan Tembung,https://sekolah.data.kemdikbud.go.id/index.php/Chome/profil/203E63DA-2EF5-E011-95E6-196870981A01,https://referensi.data.kemdikbud.go.id/pendidikan/npsn/10210048,SMP SWT ISLAMIYAH,10210048,Jl. Perdamean / Taduan No. 74,SIDOREJO,KEC. MEDAN TEMBUNG,KOTA MEDAN,PROV. SUMATERA UTARA,SWASTA,SMP,"Kementerian Pendidikan, Kebudayaan, Riset, dan Teknologi",Lainnya,AH2781,135,21-07-1977,,01-01-1910,Silakan Upload SK,,B,"1,500",1. Telkom Speedy,2. Smartfren,PLN,,06177816074,,,3.612500000000,98.715400000000,8,116,96,5,Pagi/6 hari,,2022/2023-2,900,1,0,0,0,0,0,8,1,8,0,0,0,4,4,0,7,1,1,2,2,2,0,1,0,4,4,,,,,,,SMP 2013,Telkom Speedy,2,2,1
Sumatera Utara,Kota Medan,Medan Tembung,https://sekolah.data.kemdikbud.go.id/index.php/Chome/profil/509453DA-2EF5-E011-8C9B-D7105DB442AF,https://referensi.data.kemdikbud.go.id/pendidikan/npsn/10211042,SMP SWT YAYASAN PERGURUAN UTAMA,10211042,Jl. Suluh No. 80 A Medan,SIDOREJO,KEC. MEDAN TEMBUNG,KOTA MEDAN,PROV. SUMATERA UTARA,SWASTA,SMP,"Kementerian Pendidikan, Kebudayaan, Riset, dan Teknologi",YAYASAN PERGURUAN UTAMA,AH2783,AHU-0002316.AH.01.04.Tahun 2020,04-02-2020,420/14129.SMP/2019,06-09-2019,Lihat SK Operasional,2021-09-08 08,B,"1,421",1. -,2. Telkom Speedy,PLN,,0616617811,yp.utamamedan@yahoo.com,,3.607800000000,98.712500000000,14,37,31,3,Pagi/6 hari,,2022/2023-2,"5,000",3,1,1,2,1,1,12,1,13,0,0,1,3,11,0,12,2,6,4,2,0,1,0,1,3,11,,,,,,,SMP 2013,Tidak Ada,1,1,1
Sumatera Utara,Kota Medan,Medan Tembung,https://sekolah.data.kemdikbud.go.id/index.php/Chome/profil/600E5DDA-2EF5-E011-8EE2-BDF621D8A7A2,https://referensi.data.kemdikbud.go.id/pendidikan/npsn/10257840,SMP UMMI FATIMAH,10257840,Jl. Tuasan No. 87 Medan,SIDOREJO HILIR,KEC. MEDAN TEMBUNG,KOTA MEDAN,PROV. SUMATERA UTARA,SWASTA,SMP,"Kementerian Pendidikan, Kebudayaan, Riset, dan Teknologi",Yayasan YP. UMMI FATIMAH,AH2735,2028/105/A-1987,17-11-1987,420/2/663/DIKDAS/2019,22-11-2018,Lihat SK Operasional,2019-11-05 13,C,"2,700",1. Telkomsel Flash,2. Telkomsel Flash,PLN,,0616621641,smpsummifatimah@gmail.com,,3.616000000000,98.701800000000,1,4,10,3,Pagi/6 hari,,2022/2023-2,"90,000",3,0,1,2,0,0,2,0,1,0,0,0,0,1,0,1,0,0,1,0,0,0,0,0,0,1,,,,,,,SMP 2013,Telkomsel Flash,1,1,1
Sumatera Utara,Kota Medan,Medan Tembung,https://sekolah.data.kemdikbud.go.id/index.php/Chome/profil/0AF2E669-892A-42C8-BB62-9EF09A490861,https://referensi.data.kemdikbud.go.id/pendidikan/npsn/69734012,SMPS LENTERA HARAPAN,69734012,JL MESTIKA (PUKAT BANTING II) NO 37 - MANDALA BY PASS,B A N T A N,KEC. MEDAN TEMBUNG,KOTA MEDAN,PROV. SUMATERA UTARA,SWASTA,SMP,"Kementerian Pendidikan, Kebudayaan, Riset, dan Teknologi",Yayasan Pendidikan Pelita Harapan Tangerang,AL0628,1525/YPPH-LGL/IV/2012,01-04-2012,420/10.491.DIKDAS/2017,21-07-2017,Lihat SK Operasional,2021-08-27 13,B,"2,970",1. Telkom Astinet,2. Telkom Speedy,PLN,0617326797,0617326799,smp.lenteraharapan@yahoo.com,http,3.593700000000,98.718100000000,19,110,109,7,Sehari Penuh/5 hari,,2022/2023-2,"6,601",7,2,2,6,0,0,22,0,19,0,0,0,1,18,0,14,5,16,2,0,1,0,0,0,6,13,,,,,,,SMP 2013,Telkom Astinet,2,3,2
Sumatera Utara,Kota Medan,Medan Tembung,https://sekolah.data.kemdikbud.go.id/index.php/Chome/profil/5DE35FD5-2482-41F6-A7E6-DF2C62FCF831,https://referensi.data.kemdikbud.go.id/pendidikan/npsn/69774644,SMPS ROMALBEST,69774644,JL SUKARIA NO 90,SIDOREJO,KEC. MEDAN TEMBUNG,KOTA MEDAN,PROV. SUMATERA UTARA,SWASTA,SMP,"Kementerian Pendidikan, Kebudayaan, Riset, dan Teknologi",Lainnya,AH2752,No 116,,420/13298.PPD/2012,,Silakan Upload SK,,B,800,1. Telkomsel Flash,2. Lainnya (Satelit),PLN,0616611870,0616612998,smp.methodist.romalbest@gmai.com,http,3.604600000000,98.702200000000,12,121,96,7,Double Shift/6 hari,,2022/2023-2,"8,800",0,0,0,0,1,0,9,3,11,1,0,0,1,11,0,9,3,7,2,0,1,0,1,1,4,8,,,,,,,SMP 2013,Telkomsel Flash,2,3,2
Sumatera Utara,Kota Medan,Medan Tembung,https://sekolah.data.kemdikbud.go.id/index.php/Chome/profil/40C16BD9-2EF5-E011-8EF1-C7BF3630F50C,https://referensi.data.kemdikbud.go.id/pendidikan/npsn/10210016,UPT SD NEGERI 060857,10210016,Jl. Durung No 130,SIDOREJO,KEC. MEDAN TEMBUNG,KOTA MEDAN,PROV. SUMATERA UTARA,NEGERI,SD,"Kementerian Pendidikan, Kebudayaan, Riset, dan Teknologi",Pemerintah Daerah,,"NOMOR 20 TAHUN 2018, TANGGAL 14-02-2018",01-01-1978,"NOMOR 20 TAHUN 2018, TANGGAL 14-02-2018",01-01-1910,Lihat SK Operasional,2019-07-12 09,B,450,1. Telkomsel Flash,2. Lainnya,PLN,,,sdn.060857@gmail.com,,3.609200000000,98.701800000000,15,90,93,9,Double Shift/6 hari,,2022/2023-2,"1,300",10,0,1,2,8,1,0,6,8,0,5,2,10,5,0,8,7,2,4,0,2,2,2,3,2,13,2,1,1,1,2,2,SD 2013,Telkomsel Flash,,,
Sumatera Utara,Kota Medan,Medan Tembung,https://sekolah.data.kemdikbud.go.id/index.php/Chome/profil/F0F15BD9-2EF5-E011-82C0-DFF97680BD36,https://referensi.data.kemdikbud.go.id/pendidikan/npsn/10258528,UPT SD NEGERI 060858,10258528,Jl. Durung No. 132,SIDOREJO,KEC. MEDAN TEMBUNG,KOTA MEDAN,PROV. SUMATERA UTARA,NEGERI,SD,"Kementerian Pendidikan, Kebudayaan, Riset, dan Teknologi",Pemerintah Daerah,,,01-01-1979,NOMOR 20 TAHUN 2018,14-02-2018,Lihat SK Operasional,2019-07-12 09,B,"1,800",1. Lainnya,2. Lainnya (Serat Optik),PLN,,,sdnegeri060858@yahoo.co.id,,3.608900000000,98.701700000000,17,160,147,12,Double Shift/6 hari,,2022/2023-2,"1,300",7,0,2,2,7,5,0,5,10,0,5,2,10,7,0,14,3,3,3,3,1,3,2,2,4,13,2,1,2,2,3,2,SD 2013,Lainnya,,,
Sumatera Utara,Kota Medan,Medan Tembung,https://sekolah.data.kemdikbud.go.id/index.php/Chome/profil/C04C65D9-2EF5-E011-94FC-9B8280717A75,https://referensi.data.kemdikbud.go.id/pendidikan/npsn/10209965,UPT SD NEGERI 060913,10209965,Jl. Pertiwi No. 15,B A N T A N,KEC. MEDAN TEMBUNG,KOTA MEDAN,PROV. SUMATERA UTARA,NEGERI,SD,"Kementerian Pendidikan, Kebudayaan, Riset, dan Teknologi",Pemerintah Daerah,,Surat Tanah,01-01-1974,SK Walikota No. 20 Tahun 2018,14-02-2018,Lihat SK Operasional,2019-07-12 09,B,"1,120",1. Telkomsel Flash,2. Telkom Speedy,PLN,,,sekolahnegeri060913@gmail.com,,3.592800000000,98.723300000000,19,156,148,13,Double Shift/6 hari,,2022/2023-2,"12,000",6,0,0,2,8,7,1,3,12,2,5,0,14,5,0,19,0,2,1,3,9,0,3,1,3,16,2,2,3,2,2,2,SD 2013,Telkomsel Flash,,,
Sumatera Utara,Kota Medan,Medan Tembung,https://sekolah.data.kemdikbud.go.id/index.php/Chome/profil/406865D9-2EF5-E011-866B-99E76C9C8C4D,https://referensi.data.kemdikbud.go.id/pendidikan/npsn/10257634,UPT SD NEGERI 064037,10257634,Jl. Letda Sujono Gg Istirahat,BANDAR SELAMAT,KEC. MEDAN TEMBUNG,KOTA MEDAN,PROV. SUMATERA UTARA,NEGERI,SD,"Kementerian Pendidikan, Kebudayaan, Riset, dan Teknologi",Pemerintah Pusat,,0,01-01-1975,DD 034092,01-01-1975,Lihat SK Operasional,2019-07-12 09,B,"1,776",1. Telkomsel Flash,2. Telkom Speedy,PLN,0,0617325081,sdnegeri.064037@gmail.com,,3.733900000000,98.703200000000,17,186,178,15,Double Shift/6 hari,,2022/2023-2,"1,200",9,0,1,4,7,6,0,4,10,0,1,6,11,6,0,14,3,2,5,1,2,0,1,6,4,13,3,2,3,2,3,2,SD 2013,Telkomsel Flash,,,
Sumatera Utara,Kota Medan,Medan Tembung,https://sekolah.data.kemdikbud.go.id/index.php/Chome/profil/607565D9-2EF5-E011-B3D8-4131D37AE2C5,https://referensi.data.kemdikbud.go.id/pendidikan/npsn/10259197,UPT SD NEGERI 064969,10259197,Seser No 33 Medan,T E M B U N G,KEC. MEDAN TEMBUNG,KOTA MEDAN,PROV. SUMATERA UTARA,NEGERI,SD,"Kementerian Pendidikan, Kebudayaan, Riset, dan Teknologi",Pemerintah Daerah,,1979,01-01-1979,Nomor 20 Tahun 2018,14-02-2018,Lihat SK Operasional,2019-07-12 09,B,"1,392",1. Lainnya,2. Telkom Speedy,PLN,,,sdn.064969@gmail.com,,3.612200000000,98.699600000000,16,116,143,11,Double Shift/6 hari,,2022/2023-2,450,6,0,1,2,8,0,0,8,8,0,4,4,6,10,0,10,6,3,2,3,2,0,2,4,1,15,2,2,1,2,2,2,SD 2013,Lainnya,,,
Sumatera Utara,Kota Medan,Medan Tembung,https://sekolah.data.kemdikbud.go.id/index.php/Chome/profil/709065D9-2EF5-E011-9DD9-854CD644FFD1,https://referensi.data.kemdikbud.go.id/pendidikan/npsn/10209887,UPT SD NEGERI 064971,10209887,Jl.tirtosari,T E M B U N G,KEC. MEDAN TEMBUNG,KOTA MEDAN,PROV. SUMATERA UTARA,NEGERI,SD,"Kementerian Pendidikan, Kebudayaan, Riset, dan Teknologi",Pemerintah Pusat,,02.01.03.05..4.00053,04-09-1978,NOMOR 20 TAHUN 2018,14-02-2018,Lihat SK Operasional,2019-07-12 09,B,"1,000",1. Telkomsel Flash,2. Telkom Speedy,PLN,,,sdn_064971@yahoo.com,,3.592300000000,98.726100000000,10,82,74,6,Pagi/6 hari,,2022/2023-2,"2,200",6,0,2,2,2,3,0,5,8,0,1,1,1,9,0,7,3,5,2,1,0,0,0,2,1,9,1,1,1,1,1,1,SD 2013,Telkomsel Flash,,,
Sumatera Utara,Kota Medan,Medan Tembung,https://sekolah.data.kemdikbud.go.id/index.php/Chome/profil/A0AB65D9-2EF5-E011-8FA2-FD065BA88B7E,https://referensi.data.kemdikbud.go.id/pendidikan/npsn/10209885,UPT SD NEGERI 064973,10209885,Jl.bhayangkara 367 D Medan,T E M B U N G,KEC. MEDAN TEMBUNG,KOTA MEDAN,PROV. SUMATERA UTARA,NEGERI,SD,"Kementerian Pendidikan, Kebudayaan, Riset, dan Teknologi",Pemerintah Pusat,,18/HP/22.01/2018,14-02-2018,NOMOR 20 TAHUN 2018,14-02-2018,Lihat SK Operasional,2019-07-12 09,Sertifikat Kedaluwarsa,"1,000",1. -,2. -,PLN,,,sdn0064973@gmail.com,,3.622800000000,98.701600000000,17,158,144,11,Double Shift/6 hari,,2022/2023-2,900,8,1,1,3,3,9,0,5,13,0,3,1,12,5,0,16,1,3,4,3,1,0,2,4,3,14,2,1,2,2,2,2,SD 2013,Tidak Ada,,,
Sumatera Utara,Kota Medan,Medan Tembung,https://sekolah.data.kemdikbud.go.id/index.php/Chome/profil/C0B865D9-2EF5-E011-AA26-C9F46F8855E4,https://referensi.data.kemdikbud.go.id/pendidikan/npsn/10209884,UPT SD NEGERI 064974,10209884,Jl. Letda Sujono Gg.Abdul Halim Nur no.18,T E M B U N G,KEC. MEDAN TEMBUNG,KOTA MEDAN,PROV. SUMATERA UTARA,NEGERI,SD,"Kementerian Pendidikan, Kebudayaan, Riset, dan Teknologi",Pemerintah Daerah,,18/HP/22.01/1992,27-06-1992,02.01.03.07.4.00003,16-01-1993,Lihat SK Operasional,2019-07-12 09,A,"1,200",1. Telkomsel Flash,2. Lainnya (Kabel),PLN,,,sdn_064974@ymail.com,,3.593900000000,98.721400000000,19,210,184,17,Double Shift/6 hari,,2022/2023-2,900,8,0,1,2,6,7,0,6,14,1,2,2,8,11,0,16,3,1,5,7,4,0,1,1,4,15,3,2,3,3,3,3,SD 2013,Telkomsel Flash,,,
Sumatera Utara,Kota Medan,Medan Tembung,https://sekolah.data.kemdikbud.go.id/index.php/Chome/profil/60BF27DD-2EF5-E011-AC6F-19DC56AD623C,https://referensi.data.kemdikbud.go.id/pendidikan/npsn/10209883,UPT SD NEGERI 064976,10209883,jl. Kapt. M. Jamil Lubis,T E M B U N G,KEC. MEDAN TEMBUNG,KOTA MEDAN,PROV. SUMATERA UTARA,NEGERI,SD,"Kementerian Pendidikan, Kebudayaan, Riset, dan Teknologi",Pemerintah Daerah,,XX/ 1985,01-01-1985,SK PERWAL NO. 20 TAHUN 2018,14-02-2018,Lihat SK Operasional,2019-07-12 09,B,"1,488",1. -,2. Telkom Speedy,PLN,,,uptsdnegeri064976@gmail.com,,3.618300000000,98.697700000000,16,172,131,14,Double Shift/6 hari,,2022/2023-2,900,15,0,1,3,6,0,0,10,11,0,3,2,6,10,0,14,2,3,6,4,0,0,3,0,0,16,2,2,2,2,3,3,SD 2013,Tidak Ada,,,
Sumatera Utara,Kota Medan,Medan Tembung,https://sekolah.data.kemdikbud.go.id/index.php/Chome/profil/80D365D9-2EF5-E011-9BEE-679BF68A1BF1,https://referensi.data.kemdikbud.go.id/pendidikan/npsn/10209882,UPT SD NEGERI 064977,10209882,Jl. Bayangkara,INDRA KASIH,KEC. MEDAN TEMBUNG,KOTA MEDAN,PROV. SUMATERA UTARA,NEGERI,SD,"Kementerian Pendidikan, Kebudayaan, Riset, dan Teknologi",Pemerintah Daerah,,NOMOR 20 TAHUN 2018,14-02-2018,NOMOR 20 TAHUN 2018,14-02-2018,Lihat SK Operasional,2019-07-12 09,A,0,1. Smartfren,2. Telkom Speedy,PLN,,,sdn064977medantembung@ymail.com,,3.623000000000,98.694000000000,16,115,121,9,Double Shift/6 hari,,2022/2023-2,"1,200",7,0,1,2,8,3,0,5,8,0,6,2,8,8,0,14,2,5,2,1,1,2,4,1,0,16,1,1,1,2,2,2,SD 2013,Smartfren,,,
Sumatera Utara,Kota Medan,Medan Tembung,https://sekolah.data.kemdikbud.go.id/index.php/Chome/profil/60C566D9-2EF5-E011-BE43-93DCABD4484E,https://referensi.data.kemdikbud.go.id/pendidikan/npsn/10210187,UPT SD NEGERI 067240,10210187,Jl.benteng Hulu No 40 B Medan,T E M B U N G,KEC. MEDAN TEMBUNG,KOTA MEDAN,PROV. SUMATERA UTARA,NEGERI,SD,"Kementerian Pendidikan, Kebudayaan, Riset, dan Teknologi",Pemerintah Daerah,,,01-01-1983,,01-01-1910,Lihat SK Operasional,2019-07-12 09,A,"1,296",1. Telkomsel Flash,2. Telkom Speedy,PLN,,,sdn067240tembung@yahoo.co.id,,3.611500000000,98.715900000000,24,222,185,16,Double Shift/6 hari,,2022/2023-2,900,9,1,1,2,9,10,0,5,15,1,4,4,14,10,0,21,3,4,2,8,5,0,2,3,7,17,3,2,3,3,3,2,SD 2013,Telkomsel Flash,,,
Sumatera Utara,Kota Medan,Medan Tembung,https://sekolah.data.kemdikbud.go.id/index.php/Chome/profil/601C51DD-2EF5-E011-A3B7-7574DFA8CDFE,https://referensi.data.kemdikbud.go.id/pendidikan/npsn/10210966,UPT SMP NEGERI 17 MEDAN,10210966,Jl.kapten M Jamil Lubis No 108,BANDAR SELAMAT,KEC. MEDAN TEMBUNG,KOTA MEDAN,PROV. SUMATERA UTARA,NEGERI,SMP,"Kementerian Pendidikan, Kebudayaan, Riset, dan Teknologi",Pemerintah Daerah,,0292/0/1978,02-09-1978,0292/0/1978,02-09-1978,Lihat SK Operasional,2019-02-27 09,A,"6,370",1. Lainnya,2. Lainnya (Serat Optik),PLN,,0617348955,smpnegeri17medan@gmail.com,http,3.618300000000,98.698200000000,54,402,433,27,Pagi/6 hari,,2022/2023-2,"4,399",36,1,1,2,34,2,0,18,20,0,15,19,36,18,0,42,12,9,7,4,5,4,11,14,13,41,,,,,,,SMP 2013,Lainnya,9,9,9
Sumatera Utara,Kota Medan,Medan Tembung,https://sekolah.data.kemdikbud.go.id/index.php/Chome/profil/70BF5BDC-2EF5-E011-AC0A-F3D10C752471,https://referensi.data.kemdikbud.go.id/pendidikan/npsn/10210946,UPT SMP NEGERI 27 MEDAN,10210946,Jl. Pancing Psr IV NO 2,SIDOREJO,KEC. MEDAN TEMBUNG,KOTA MEDAN,PROV. SUMATERA UTARA,NEGERI,SMP,"Kementerian Pendidikan, Kebudayaan, Riset, dan Teknologi",Pemerintah Daerah,,693./B.3/Kedj,01-01-1910,0693./B.2 DJ,01-01-1910,Lihat SK Operasional,2019-03-12 09,A,"10,192",1. Telkomsel Flash,2. Telkom Speedy,PLN,,,smpn27medann@gmail.com,,3.610500000000,98.712900000000,47,431,445,28,Pagi/6 hari,,2022/2023-2,"7,000",28,2,1,2,30,4,0,13,16,0,15,16,31,16,1,43,3,5,6,4,2,8,10,12,11,36,,,,,,,SMP 2013,Telkomsel Flash,8,11,9
Sumatera Utara,Kota Medan,Medan Tembung,https://sekolah.data.kemdikbud.go.id/index.php/Chome/profil/300323DA-2EF5-E011-98F8-FBF28BABA473,https://referensi.data.kemdikbud.go.id/pendidikan/npsn/10210948,UPT SMP NEGERI 29 MEDAN,10210948,Jl. Letda Sujono Ujung / Benteng Hulu,T E M B U N G,KEC. MEDAN TEMBUNG,KOTA MEDAN,PROV. SUMATERA UTARA,NEGERI,SMP,"Kementerian Pendidikan, Kebudayaan, Riset, dan Teknologi",Pemerintah Pusat,,0557/0/20 Nop.1984,20-11-1984,0557/0/20 Nop.1984,01-01-1910,Lihat SK Operasional,2019-03-13 11,A,"8,340",1. Lainnya (Serat Optik),2. Telkom Speedy,PLN,,0617382780,smpn029medan@gmail.com,,3.594000000000,98.716400000000,44,327,423,24,Pagi/6 hari,,2022/2023-2,"3,600",22,1,1,0,32,2,0,10,13,0,7,24,31,13,1,39,4,8,1,6,2,0,10,17,13,31,,,,,,,SMP 2013,Lainnya (Serat Optik),8,8,8
Sumatera Utara,Kota Medan,Medan Tembung,https://sekolah.data.kemdikbud.go.id/index.php/Chome/profil/004B21DA-2EF5-E011-843E-1F426F3FA478,https://referensi.data.kemdikbud.go.id/pendidikan/npsn/10210970,UPT SMP NEGERI 35 MEDAN,10210970,Medan,BANDAR SELAMAT,KEC. MEDAN TEMBUNG,KOTA MEDAN,PROV. SUMATERA UTARA,NEGERI,SMP,"Kementerian Pendidikan, Kebudayaan, Riset, dan Teknologi",Pemerintah Daerah,,693/B.3/Kedj,08-01-1959,0639/B.2 DJ,01-08-1959,Lihat SK Operasional,2019-03-12 13,A,"9,860",1. -,2. Telkom Speedy,PLN,,0616614780,smpn35mdn@gmail.com,,3.621200000000,98.708700000000,50,460,458,30,Pagi/6 hari,,2022/2023-2,"6,000",31,1,1,2,35,5,0,10,16,0,12,22,36,14,1,40,9,8,5,3,4,2,10,18,18,32,,,,,,,SMP 2013,Tidak Ada,8,11,11
