prov_name,kab_name,kec_name,link_sekolah_kita,link_referensi,nama,npsn,alamat,desa/kelurahan,kecamatan/kota_(ln),kab.-kota/negara_(ln),propinsi/luar_negeri_(ln),status_sekolah,bentuk_pendidikan,kementerian_pembina,naungan,npyp,no._sk._pendirian,tanggal_sk._pendirian,nomor_sk_operasional,tanggal_sk_operasional,file_sk_operasional,tanggal_upload_sk_op.,akreditasi,luas_tanah,akses_internet,akses_internet_2,sumber_listrik,fax,telepon,email,website,lintang,bujur,guru,siswa_laki_laki,siswa_perempuan,rombongan_belajar,penyelenggaraan,manajemen_berbasis_sekolah,semester_data,daya_listrik,ruang_kelas,laboratorium,perpustakaan,sanitasi_siswa,guru_pns,guru_gtt,guru_gty,guru_honor,guru_gol_i,guru_gol_ii,guru_gol_iii,guru_gol_iv,guru_sertifikasi,guru_belum_sertifikasi,guru_kurang_dari_s1,guru_s1_atau_lebih,guru_data_kosong,guru_kurang_dari_30_tahun,guru_31_35_tahun,guru_36_40,guru_41_45_tahun,guru_46_50_tahun,guru_51_55_tahun,guru_lebih_dari_55_tahun,guru_laki_laki,guru_perempuan,kurikulum,akses_internet_sekolah_kita,rombel_tingkat_1,rombel_tingkat_2,rombel_tingkat_3,rombel_tingkat_4,rombel_tingkat_5,rombel_tingkat_6,rombel_tingkat_7,rombel_tingkat_8,rombel_tingkat_9
Banten,Kota Tangerang,Batuceper,https://sekolah.data.kemdikbud.go.id/index.php/Chome/profil/40DE623C-6C52-4B1A-95AC-BA47C59B1FE3,https://referensi.data.kemdikbud.go.id/pendidikan/npsn/70033067,MI PLUS AL-MADANI,70033067,Jl. HPK Batuceper RT/RW. 003/004,BATUCEPER,KEC. BATUCEPER,KOTA TANGERANG,PROV. BANTEN,SWASTA,MI,Kementerian Agama,,,,,240/B/ TAHUN 2022,16-08-2022,Silakan Upload SK (link file tidak valid) => [233215-309038-https,2022-09-06 11,,95,,2.,,,,,,.000000000000,.000000000000,0,33,23,0,,,2022/2023-2,,0,0,0,0,0,0,0,0,0,0,0,0,0,0,0,0,0,0,0,0,0,0,0,0,,,,,,,,,,,,,
Banten,Kota Tangerang,Batuceper,https://sekolah.data.kemdikbud.go.id/index.php/Chome/profil/59B84CB0-DB61-418F-A301-6F9AF5F677BC,https://referensi.data.kemdikbud.go.id/pendidikan/npsn/69727517,MIS AL FUAD,69727517,JL. PERUM PORIS INDAH GG. MASJID AT TAQWA RT. 004/005 KEL. PORISGAGA,PORISGAGA,KEC. BATUCEPER,KOTA TANGERANG,PROV. BANTEN,SWASTA,MI,Kementerian Agama,,,1025,11-08-2016,Kd.28.05/04/PP.004/1200/2013,22-08-2013,Lihat SK Operasional,2017-08-22 10,B,0,,2.,,,,,,-6.174200000000,106.684000000000,0,151,161,0,,,2022/2023-2,,0,0,0,0,0,0,0,0,0,0,0,0,0,0,0,0,0,0,0,0,0,0,0,0,,,,,,,,,,,,,
Banten,Kota Tangerang,Batuceper,https://sekolah.data.kemdikbud.go.id/index.php/Chome/profil/A0CA76B4-6786-4996-9CB0-B185862FD1D5,https://referensi.data.kemdikbud.go.id/pendidikan/npsn/69727509,MIS AL HIDAYAH,69727509,JL. DAAN MOGOT KM. 21 KEL. BATUCEPER,BATUCEPER,KEC. BATUCEPER,KOTA TANGERANG,PROV. BANTEN,SWASTA,MI,Kementerian Agama,,,Kd.28.05/04/PP.005/597/2010,19-03-2010,Kd.28.05/04/PP.004/1200/2013,22-08-2013,Lihat SK Operasional,2017-08-10 11,B,0,,2.,,,,,,-6.175600000000,106.679600000000,0,49,36,0,,,2022/2023-2,,0,0,0,0,0,0,0,0,0,0,0,0,0,0,0,0,0,0,0,0,0,0,0,0,,,,,,,,,,,,,
Banten,Kota Tangerang,Batuceper,https://sekolah.data.kemdikbud.go.id/index.php/Chome/profil/2124FD39-DB5E-4384-BD60-A246B471769A,https://referensi.data.kemdikbud.go.id/pendidikan/npsn/69727515,MIS AL ISTIQOMAH,69727515,JL. DAAN MOGOT KM. 18 RT. 02/04 KEL. PORIS GAGA,PORISGAGA,KEC. BATUCEPER,KOTA TANGERANG,PROV. BANTEN,SWASTA,MI,Kementerian Agama,,,w.i/HK.008/0051/1990,20-11-1990,Kd.28.05/04/PP.004/1200/2013,22-08-2013,Lihat SK Operasional,2017-08-21 07,A,0,,2.,,,,,,-6.175700000000,106.630100000000,0,136,137,0,,,2022/2023-2,,0,0,0,0,0,0,0,0,0,0,0,0,0,0,0,0,0,0,0,0,0,0,0,0,,,,,,,,,,,,,
Banten,Kota Tangerang,Batuceper,https://sekolah.data.kemdikbud.go.id/index.php/Chome/profil/BCFEE0AD-525A-451B-AF6D-C8EC4EC8FD2A,https://referensi.data.kemdikbud.go.id/pendidikan/npsn/69727518,MIS AL KARIM,69727518,JL. MAULANA HASANUDDIN NO. 56 RT. 03/02 KEL. PORIS JAYA,PORIS JAYA,KEC. BATUCEPER,KOTA TANGERANG,PROV. BANTEN,SWASTA,MI,Kementerian Agama,,,Nomor,13-10-2017,1.546 TAHUN 2017,13-10-2017,Lihat SK Operasional,2019-11-22 12,A,0,,2.,,,,,,-6.180185000000,106.690192000000,0,142,124,0,,,2022/2023-2,,0,0,0,0,0,0,0,0,0,0,0,0,0,0,0,0,0,0,0,0,0,0,0,0,,,,,,,,,,,,,
Banten,Kota Tangerang,Batuceper,https://sekolah.data.kemdikbud.go.id/index.php/Chome/profil/47CE288A-036B-4587-B000-21A643EBF9F6,https://referensi.data.kemdikbud.go.id/pendidikan/npsn/69727516,MIS ARROHMAN,69727516,JL. BENTENG BETAWI GG. MASJID BAITURRAHMAN RT. 02/03 KEL. PORIS GAGA BARU,PORISGAGA BARU,KEC. BATUCEPER,KOTA TANGERANG,PROV. BANTEN,SWASTA,MI,Kementerian Agama,,,W.i/PP.004.1/3273/1992,30-01-1992,Kd.28.05/04/PP.004/1200/2013,22-08-2013,Lihat SK Operasional,2017-08-11 10,B,0,,2.,,,,,,-6.173700000000,106.671900000000,0,77,83,0,,,2022/2023-2,,0,0,0,0,0,0,0,0,0,0,0,0,0,0,0,0,0,0,0,0,0,0,0,0,,,,,,,,,,,,,
Banten,Kota Tangerang,Batuceper,https://sekolah.data.kemdikbud.go.id/index.php/Chome/profil/C8E50BC6-F1E0-4110-AA4E-0C0F59DBB1D0,https://referensi.data.kemdikbud.go.id/pendidikan/npsn/69727514,MIS BIRRUL WALIDAIN,69727514,JL. DARUSSALAM UTARA II RT. 01/06 KEL. BATUSARI,BATUSARI,KEC. BATUCEPER,KOTA TANGERANG,PROV. BANTEN,SWASTA,MI,Kementerian Agama,,,W.i/PP.004.1/3274/1992,30-01-1992,-NOMOR/43 TAHUN 2017,05-07-2017,Lihat SK Operasional,2017-11-01 10,A,"1,000",,2.,,,,,,-6.151000000000,106.653700000000,0,215,174,0,,,2022/2023-2,,0,0,0,0,0,0,0,0,0,0,0,0,0,0,0,0,0,0,0,0,0,0,0,0,,,,,,,,,,,,,
Banten,Kota Tangerang,Batuceper,https://sekolah.data.kemdikbud.go.id/index.php/Chome/profil/4D2C321D-6B65-43ED-AAFE-A7A13A8ABB65,https://referensi.data.kemdikbud.go.id/pendidikan/npsn/69727511,MIS DARUSSALAM I,69727511,JL. PEMBANGUNAN I RT. 03/03 KEL. BATUSARI,BATUSARI,KEC. BATUCEPER,KOTA TANGERANG,PROV. BANTEN,SWASTA,MI,Kementerian Agama,,,42A/KW.28.02.05/PP.07/07/2017,11-07-2017,42A/KW.28.02.05/PP.07/07/2017,11-07-2017,Lihat SK Operasional,2017-10-03 14,Sertifikat Kedaluwarsa,"1,500",,2.,,,,,,-6.167568000000,106.678902000000,0,61,46,0,,,2022/2023-2,,0,0,0,0,0,0,0,0,0,0,0,0,0,0,0,0,0,0,0,0,0,0,0,0,,,,,,,,,,,,,
Banten,Kota Tangerang,Batuceper,https://sekolah.data.kemdikbud.go.id/index.php/Chome/profil/8E687038-1B3D-4738-ADA5-40BF466CA69C,https://referensi.data.kemdikbud.go.id/pendidikan/npsn/69727512,MIS DARUSSALAM II,69727512,Jl. Darussalam 1 RT 02/03,BATUSARI,KEC. BATUCEPER,KOTA TANGERANG,PROV. BANTEN,SWASTA,MI,Kementerian Agama,,,1/10/04/II/027,14-02-1981,Kd.28.05/004/PP.004/1200/2013,22-08-2013,Lihat SK Operasional,2018-01-05 14,B,"1,300",,2.,,,,,,-6.152600000000,106.655500000000,0,4,0,0,,,2022/2023-2,,0,0,0,0,0,0,0,0,0,0,0,0,0,0,0,0,0,0,0,0,0,0,0,0,,,,,,,,,,,,,
Banten,Kota Tangerang,Batuceper,https://sekolah.data.kemdikbud.go.id/index.php/Chome/profil/57A19A66-2CAA-43F6-82F1-1AC310C2E115,https://referensi.data.kemdikbud.go.id/pendidikan/npsn/69727513,MIS NURURROHMAN,69727513,JL. DARUSSALAM UTARA I RT. 02/05 KEL. BATUSARI,BATUSARI,KEC. BATUCEPER,KOTA TANGERANG,PROV. BANTEN,SWASTA,MI,Kementerian Agama,,,1/10/04/II/032,10-08-2001,Kd.28.05/004/PP.004/1200/2013,22-08-2013,Lihat SK Operasional,2020-08-24 19,B,450,,2.,,,,,,-6.150450000000,106.651528000000,0,76,56,0,,,2022/2023-2,,0,0,0,0,0,0,0,0,0,0,0,0,0,0,0,0,0,0,0,0,0,0,0,0,,,,,,,,,,,,,
Banten,Kota Tangerang,Batuceper,https://sekolah.data.kemdikbud.go.id/index.php/Chome/profil/9C421CFE-8D2A-43FB-A801-EE438E74D49F,https://referensi.data.kemdikbud.go.id/pendidikan/npsn/69727508,MIS ROUDHOTUL ISLAMIYAH,69727508,JL. ABADI NO. 23 RT. 05/01 KEL. KEBON BESAR,KEBON BESAR,KEC. BATUCEPER,KOTA TANGERANG,PROV. BANTEN,SWASTA,MI,Kementerian Agama,,,Kd.28.05/04/PP.005/597/2010,19-04-2010,Kd.28.05/04/PP.004/1200/2013,22-08-2013,Lihat SK Operasional,2017-08-21 07,Sertifikat Kedaluwarsa,0,,2.,,,,,,-6.161600000000,106.677400000000,0,68,35,0,,,2022/2023-2,,0,0,0,0,0,0,0,0,0,0,0,0,0,0,0,0,0,0,0,0,0,0,0,0,,,,,,,,,,,,,
Banten,Kota Tangerang,Batuceper,https://sekolah.data.kemdikbud.go.id/index.php/Chome/profil/9F5D16B9-BA40-43C3-9CE7-D45911DCA4F4,https://referensi.data.kemdikbud.go.id/pendidikan/npsn/20622949,MTSS AL MU`IN,20622949,JL. MAULANA HASANUDIN NO. 94,PORISGAGA BARU,KEC. BATUCEPER,KOTA TANGERANG,PROV. BANTEN,SWASTA,MTs,Kementerian Agama,,,68a/Kw.28.02.05/PP.07/2017,17-07-2017,125 Tahun 2017,17-07-2017,Lihat SK Operasional,2017-11-02 11,A,"4,000",,2.,,,,,,-6.171689000000,106.678329700000,0,99,102,0,,,2022/2023-2,,0,0,0,0,0,0,0,0,0,0,0,0,0,0,0,0,0,0,0,0,0,0,0,0,,,,,,,,,,,,,
Banten,Kota Tangerang,Batuceper,https://sekolah.data.kemdikbud.go.id/index.php/Chome/profil/F17FDE78-39AE-4C33-815E-E9715C9A57A0,https://referensi.data.kemdikbud.go.id/pendidikan/npsn/69728642,MTSS DARUSSALAM,69728642,JL. PEMBANGUNAN I KEL. BATUSARI,BATUCEPER,KEC. BATUCEPER,KOTA TANGERANG,PROV. BANTEN,SWASTA,MTs,Kementerian Agama,,,,,,,Silakan Upload SK,,B,0,,2.,,,,,,-6.161001000000,106.668941000000,0,44,33,0,,,2022/2023-2,,0,0,0,0,0,0,0,0,0,0,0,0,0,0,0,0,0,0,0,0,0,0,0,0,,,,,,,,,,,,,
Banten,Kota Tangerang,Batuceper,https://sekolah.data.kemdikbud.go.id/index.php/Chome/profil/F9A765BA-2D44-4274-88F7-7C6B30DED809,https://referensi.data.kemdikbud.go.id/pendidikan/npsn/20622950,MTSS MANBAUL ULUM,20622950,JL. GARUDA NO. 32 BATUJAYA BATUCEPER KOTA TANGERANG,BATUJAYA,KEC. BATUCEPER,KOTA TANGERANG,PROV. BANTEN,SWASTA,MTs,Kementerian Agama,,,Kd.28.05/04/PP.005/1124/2010,23-08-2010,Kd.28.05/04/PP.004/1200/2013,22-08-2013,Lihat SK Operasional,2017-12-14 08,A,0,,2.,,,,,,-6.155400000000,106.665900000000,0,102,121,0,,,2022/2023-2,,0,0,0,0,0,0,0,0,0,0,0,0,0,0,0,0,0,0,0,0,0,0,0,0,,,,,,,,,,,,,
Banten,Kota Tangerang,Batuceper,https://sekolah.data.kemdikbud.go.id/index.php/Chome/profil/0315BC00-5A6B-4317-92BD-15D7CB487C42,https://referensi.data.kemdikbud.go.id/pendidikan/npsn/70009635,MTsS TAKHASSUS GRHA AL-MUMTAAZ,70009635,JL. GARUDA GANG H.ISMAIL RT. 006/004,BATUCEPER,KEC. BATUCEPER,KOTA TANGERANG,PROV. BANTEN,SWASTA,MTs,Kementerian Agama,Lainnya,,AHU-0008907.AH.01.04.TAHUN 2015,26-06-2015,409 tahun 2020,06-04-2020,Lihat SK Operasional,2021-04-17 21,B,0,,2.,,,,,,-6.158864600000,106.665690800000,0,46,45,0,,,2022/2023-2,,0,0,0,0,0,0,0,0,0,0,0,0,0,0,0,0,0,0,0,0,0,0,0,0,,,,,,,,,,,,,
Banten,Kota Tangerang,Batuceper,https://sekolah.data.kemdikbud.go.id/index.php/Chome/profil/60A40B57-31F5-E011-8DF6-6FEFE511ED34,https://referensi.data.kemdikbud.go.id/pendidikan/npsn/20606938,SD AL AYANIYAH,20606938,Jl Halim Perdana Kusuma No 56-60,KEBON BESAR,KEC. BATUCEPER,KOTA TANGERANG,PROV. BANTEN,SWASTA,SD,"Kementerian Pendidikan, Kebudayaan, Riset, dan Teknologi",Yayasan AL-AYANIYAH,AD0243,806/102/Kep/E.91,26-07-1989,221/SD/JB/VII/1989,26-07-1989,Lihat SK Operasional,2015-03-09 10,A,"2,000",1. Lainnya,2. Telkom Speedy,PLN,,,alayaniyahsdsislam@gmail.com,,-6.161600000000,106.675800000000,13,102,78,10,Sehari Penuh/5 hari,,2022/2023-2,"1,300",14,0,0,1,0,0,15,0,13,0,0,0,2,11,0,8,5,9,0,1,3,0,0,0,4,9,SD 2013,Lainnya,1,1,2,2,2,2,,,
Banten,Kota Tangerang,Batuceper,https://sekolah.data.kemdikbud.go.id/index.php/Chome/profil/20B30B57-31F5-E011-BAA7-475D405B00E9,https://referensi.data.kemdikbud.go.id/pendidikan/npsn/20606935,SD ALEXANDRIA,20606935,Jl Maulana Hasanudin No 94,PORIS JAYA,KEC. BATUCEPER,KOTA TANGERANG,PROV. BANTEN,SWASTA,SD,"Kementerian Pendidikan, Kebudayaan, Riset, dan Teknologi",YAYASAN AL-MU'IN,AD0236,421/26-Dis-P&K,02-01-2003,421.2/0674-Bid.SD/2019,13-02-2020,Lihat SK Operasional,2021-08-20 16,A,"1,000",1. XL (GSM),2. Telkomsel Flash,PLN,,55714073,sdialexandria@gmail.com,,-6.171400000000,106.678500000000,15,135,119,12,Sehari Penuh/5 hari,,2022/2023-2,"35,400",12,0,1,2,0,0,8,8,15,0,0,0,2,13,0,11,4,9,2,2,1,0,1,0,1,14,SD 2013,XL (GSM),2,2,2,2,2,2,,,
Banten,Kota Tangerang,Batuceper,https://sekolah.data.kemdikbud.go.id/index.php/Chome/profil/00D40F57-31F5-E011-BDF0-D127B1F7E94D,https://referensi.data.kemdikbud.go.id/pendidikan/npsn/20607029,SD AN NUR,20607029,Jl Masjid Annur RT.04/01,PORISGAGA BARU,KEC. BATUCEPER,KOTA TANGERANG,PROV. BANTEN,SWASTA,SD,"Kementerian Pendidikan, Kebudayaan, Riset, dan Teknologi",YAYASAN PENDIDIKAN ISLAM ANNUR,AM6589,483,26-04-1989,226/SD/JB/X/1989,29-10-1989,Lihat SK Operasional,2015-03-09 10,A,700,1. Indosat IM3,2. Telkom Speedy,PLN,,55767401,islamicschool.annur@yahoo.com,,-6.166200000000,106.672900000000,14,112,105,9,Double Shift/6 hari,,2022/2023-2,"2,200",5,1,1,2,1,0,16,1,13,1,0,0,1,13,0,4,10,0,1,7,1,2,2,1,4,10,SD 2013,Indosat IM3,1,1,1,2,2,2,,,
Banten,Kota Tangerang,Batuceper,https://sekolah.data.kemdikbud.go.id/index.php/Chome/profil/900A4E96-2BF5-E011-8D0E-2BAD181F2977,https://referensi.data.kemdikbud.go.id/pendidikan/npsn/20606989,SD MUHAMMADIYAH 30,20606989,Tangerang,PORIS JAYA,KEC. BATUCEPER,KOTA TANGERANG,PROV. BANTEN,SWASTA,SD,"Kementerian Pendidikan, Kebudayaan, Riset, dan Teknologi",Yayasan Pimpinan Daerah Muhammadiyah (PDM) Kota Tangerang,AO5821,2332/I/1593/III-41/1971,14-09-1971,421.2/189-KODYA,30-05-1997,Lihat SK Operasional,2015-03-06 15,A,"25,000",1. Telkom Speedy,2. Telkom Speedy,PLN,0,02155711078,sdm30poris@gmail.com,http,-6.175200000000,106.678400000000,17,191,180,12,Sehari Penuh/5 hari,,2022/2023-2,"10,000",12,1,1,2,0,0,18,0,17,0,0,0,5,12,1,11,5,3,3,4,4,1,2,0,4,13,SD 2013,Telkom Speedy,2,2,2,2,2,2,,,
Banten,Kota Tangerang,Batuceper,https://sekolah.data.kemdikbud.go.id/index.php/Chome/profil/EF15494B-3816-4837-A3D9-C93DD6B2A707,https://referensi.data.kemdikbud.go.id/pendidikan/npsn/69820640,SD National Global School,69820640,"Jl. Blok Ambon No. 1 RT/RW 01/05, Poris Gaga, Batuceper, Kota Tangerang - Banten",PORISGAGA,KEC. BATUCEPER,KOTA TANGERANG,PROV. BANTEN,SWASTA,SD,"Kementerian Pendidikan, Kebudayaan, Riset, dan Teknologi",Yayasan Puji Syukur Indonesia,AJ4992,01/YPSI/SD-NGS/VI/2004,17-04-2013,421.1/Kep.03-SD/BPPMPT/20,17-04-2013,Silakan Upload SK (link file tidak valid) => [323622-944271--],2020-08-24 19,A,"1,190",1. Telkom Speedy,2. Telkom Speedy,PLN,,02155741488,ngsdapodik@gmail.com,http,-6.181400000000,106.689700000000,19,133,132,12,Sehari Penuh/5 hari,,2022/2023-2,"23,000",13,1,1,2,0,0,23,0,19,0,0,0,1,18,0,9,10,11,3,4,0,0,0,1,8,11,SD 2013,Telkom Speedy,2,2,2,2,2,2,,,
Banten,Kota Tangerang,Batuceper,https://sekolah.data.kemdikbud.go.id/index.php/Chome/profil/C0B3F356-31F5-E011-9923-BF28CD9303FF,https://referensi.data.kemdikbud.go.id/pendidikan/npsn/20607302,SD NEGERI BATUCEPER 1,20607302,Jl Pembangunan 1 Rt.03 Rw.03,BATUJAYA,KEC. BATUCEPER,KOTA TANGERANG,PROV. BANTEN,NEGERI,SD,"Kementerian Pendidikan, Kebudayaan, Riset, dan Teknologi",Pemerintah Daerah,,0,01-01-1910,,01-01-1910,Silakan Upload SK,,A,"5,278",1. -,2. Telkom Speedy,PLN,,,sdn.batuceper1@gmail.com,,-6.151500000000,106.656900000000,22,279,253,18,Pagi/6 hari,,2022/2023-2,"2,300",20,0,2,16,9,9,0,4,14,1,6,1,7,15,0,18,4,2,6,0,6,2,4,2,6,16,SD 2013,Tidak Ada,3,2,3,3,3,4,,,
Banten,Kota Tangerang,Batuceper,https://sekolah.data.kemdikbud.go.id/index.php/Chome/profil/60C2F356-31F5-E011-8789-F764906BCF37,https://referensi.data.kemdikbud.go.id/pendidikan/npsn/20607287,SD NEGERI BATUCEPER 2,20607287,Jl. Bouroq Rt 03/01,BATUSARI,KEC. BATUCEPER,KOTA TANGERANG,PROV. BANTEN,NEGERI,SD,"Kementerian Pendidikan, Kebudayaan, Riset, dan Teknologi",Pemerintah Daerah,,880020076,09-06-1957,,01-01-1910,Silakan Upload SK,,A,825,1. -,2. Telkom Speedy,PLN,,02155795257,batuceper2@yahoo.com,,-6.163200000000,106.654500000000,17,148,123,11,Double Shift/6 hari,,2022/2023-2,0,10,0,1,2,7,4,0,6,10,0,6,1,8,9,0,17,0,2,3,0,5,3,2,2,4,13,SD 2013,Tidak Ada,2,2,2,1,2,2,,,
Banten,Kota Tangerang,Batuceper,https://sekolah.data.kemdikbud.go.id/index.php/Chome/profil/30B3E456-31F5-E011-AF20-55C981DDED3D,https://referensi.data.kemdikbud.go.id/pendidikan/npsn/20607286,SD NEGERI BATUJAYA,20607286,Jl. Pembangunan 1,BATUJAYA,KEC. BATUCEPER,KOTA TANGERANG,PROV. BANTEN,NEGERI,SD,"Kementerian Pendidikan, Kebudayaan, Riset, dan Teknologi",Pemerintah Daerah,,0,01-05-1982,,01-01-1910,Silakan Upload SK,,A,602,1. -,2. Telkom Speedy,PLN,,55787159,sdnbtjy.2020@gmail.com,,-6.151400000000,106.656800000000,18,185,160,13,Pagi/6 hari,,2022/2023-2,"3,500",12,0,0,2,7,2,0,9,13,2,2,1,8,10,0,11,7,5,3,4,1,1,2,2,3,15,SD 2013,Tidak Ada,2,3,2,2,2,2,,,
Banten,Kota Tangerang,Batuceper,https://sekolah.data.kemdikbud.go.id/index.php/Chome/profil/A0C2E456-31F5-E011-9309-FDA9A3FA561C,https://referensi.data.kemdikbud.go.id/pendidikan/npsn/20607261,SD NEGERI BUBULAK 1,20607261,Jln. Inpres Bubulak,BATUCEPER,KEC. BATUCEPER,KOTA TANGERANG,PROV. BANTEN,NEGERI,SD,"Kementerian Pendidikan, Kebudayaan, Riset, dan Teknologi",Pemerintah Daerah,,291/PSD/1977,29-11-1977,,01-01-1910,Silakan Upload SK,,A,800,1. Lainnya,2. Telkom Speedy,PLN,,02155783110,bubulak.satu.sdn@gmail.com,,-6.158800000000,106.661500000000,15,138,157,11,Double Shift/6 hari,,2022/2023-2,"3,500",9,0,1,2,10,2,0,3,5,0,9,1,11,4,0,10,5,1,1,1,2,5,4,1,4,11,SD 2013,Lainnya,2,2,2,2,2,1,,,
Banten,Kota Tangerang,Batuceper,https://sekolah.data.kemdikbud.go.id/index.php/Chome/profil/C02CF456-31F5-E011-B944-D544ED52B642,https://referensi.data.kemdikbud.go.id/pendidikan/npsn/20607260,SD NEGERI BUBULAK 2,20607260,Jl. Inpres Bubulak,BATUCEPER,KEC. BATUCEPER,KOTA TANGERANG,PROV. BANTEN,NEGERI,SD,"Kementerian Pendidikan, Kebudayaan, Riset, dan Teknologi",Pemerintah Daerah,,443/PAD/1983,01-08-1983,443/PAD/1983,13-08-1983,Lihat SK Operasional,2019-09-05 05,A,"2,025",1. -,2. Telkom Speedy,PLN,,02155783827,bubulaksdn2@gmail.com,,-6.158800000000,106.661500000000,16,176,146,12,Double Shift/6 hari,,2022/2023-2,"11,000",9,0,1,2,8,4,0,4,9,3,2,2,6,10,0,12,4,1,4,1,3,0,2,5,5,11,SD 2013,Tidak Ada,2,2,2,2,2,2,,,
Banten,Kota Tangerang,Batuceper,https://sekolah.data.kemdikbud.go.id/index.php/Chome/profil/E0FFE456-31F5-E011-8DB3-97DA13F27B9E,https://referensi.data.kemdikbud.go.id/pendidikan/npsn/20607322,SD NEGERI DARUSSALAM,20607322,Jl. Pembangunan 1,BATUSARI,KEC. BATUCEPER,KOTA TANGERANG,PROV. BANTEN,NEGERI,SD,"Kementerian Pendidikan, Kebudayaan, Riset, dan Teknologi",Pemerintah Daerah,,,01-01-1910,,01-01-1910,Silakan Upload SK,,A,"2,310",1. -,2. Telkom Speedy,PLN,,02155786012,sdndarussalam77@gmail.com,,-6.152000000000,106.651100000000,26,253,252,18,Double Shift/6 hari,,2022/2023-2,"13,200",12,0,2,2,5,12,0,9,22,0,4,0,7,19,0,21,5,3,2,5,5,9,2,0,6,20,SD 2013,Tidak Ada,3,3,3,3,3,3,,,
Banten,Kota Tangerang,Batuceper,https://sekolah.data.kemdikbud.go.id/index.php/Chome/profil/4001F456-31F5-E011-96F2-1DD0A6FA7447,https://referensi.data.kemdikbud.go.id/pendidikan/npsn/20607316,SD NEGERI EMPANG BAHAGIA 1,20607316,Jl Keamanan,KEBON BESAR,KEC. BATUCEPER,KOTA TANGERANG,PROV. BANTEN,NEGERI,SD,"Kementerian Pendidikan, Kebudayaan, Riset, dan Teknologi",Pemerintah Daerah,,,01-01-1910,,01-01-1910,Silakan Upload SK,,A,"1,000",1. Lainnya,2. Telkom Speedy,PLN,,0215532936,sdnempangbahagia1@yahoo.co.id,,-6.160000000000,106.679000000000,14,149,153,12,Double Shift/6 hari,,2022/2023-2,"2,600",6,0,0,2,5,5,0,4,10,0,4,0,6,8,0,11,3,2,0,3,4,2,2,1,4,10,SD 2013,Lainnya,2,2,2,2,2,2,,,
Banten,Kota Tangerang,Batuceper,https://sekolah.data.kemdikbud.go.id/index.php/Chome/profil/00E20856-31F5-E011-AB1B-0B5ED57F5498,https://referensi.data.kemdikbud.go.id/pendidikan/npsn/20607328,SD NEGERI EMPANG BAHAGIA 3,20607328,Jl Keamanan,KEBON BESAR,KEC. BATUCEPER,KOTA TANGERANG,PROV. BANTEN,NEGERI,SD,"Kementerian Pendidikan, Kebudayaan, Riset, dan Teknologi",Pemerintah Daerah,,25/102-4/a.87,01-04-1987,25/102.4/A.87,01-01-1910,Silakan Upload SK,,A,"1,260",1. Telkom Speedy,2. Telkom Speedy,PLN,,,sdnempangbahagia3@yahoo.com,,-6.160000000000,106.679000000000,16,105,104,12,Double Shift/6 hari,,2022/2023-2,"1,300",9,0,1,2,7,4,0,5,10,3,2,1,9,7,0,10,6,1,1,4,3,4,1,2,5,11,SD 2013,Telkom Speedy,2,2,2,2,2,2,,,
Banten,Kota Tangerang,Batuceper,https://sekolah.data.kemdikbud.go.id/index.php/Chome/profil/40CF0E56-31F5-E011-9222-A36D0563E304,https://referensi.data.kemdikbud.go.id/pendidikan/npsn/20607245,SD NEGERI KEBON BESAR 1,20607245,Jl. Pendidikan No. 15,BATUCEPER,KEC. BATUCEPER,KOTA TANGERANG,PROV. BANTEN,NEGERI,SD,"Kementerian Pendidikan, Kebudayaan, Riset, dan Teknologi",Pemerintah Daerah,,26/06/1957,26-06-1957,,01-01-1910,Silakan Upload SK,,A,"1,000",1. -,2. Telkom Speedy,PLN,55725769,55725769,sdnkebonbesar1@gmail.com,,-6.162300000000,106.670200000000,18,148,163,14,Double Shift/6 hari,,2022/2023-2,0,16,0,1,2,2,7,0,9,16,0,2,0,4,14,0,16,2,4,3,3,5,0,2,1,6,12,SD 2013,Tidak Ada,3,3,2,2,2,2,,,
Banten,Kota Tangerang,Batuceper,https://sekolah.data.kemdikbud.go.id/index.php/Chome/profil/60F90E56-31F5-E011-BD55-7B4F95F61D66,https://referensi.data.kemdikbud.go.id/pendidikan/npsn/20607256,SD NEGERI KEBON BESAR 2,20607256,Jl. Pendidikan No. 16,BATUCEPER,KEC. BATUCEPER,KOTA TANGERANG,PROV. BANTEN,NEGERI,SD,"Kementerian Pendidikan, Kebudayaan, Riset, dan Teknologi",Pemerintah Daerah,,920/PSD/1979,01-11-1979,920/PSD/1979,01-11-1979,Lihat SK Operasional,2019-01-30 15,A,"3,088",1. -,2. Telkom Speedy,PLN,,55725846,sdnkebonbesar2@yahoo.com,,-6.162600000000,106.670500000000,25,202,214,18,Double Shift/6 hari,,2022/2023-2,"10,999",12,1,1,6,14,4,0,7,12,1,8,4,13,12,0,22,3,3,3,3,3,3,3,7,8,17,SD 2013,Tidak Ada,3,3,3,3,4,2,,,
Banten,Kota Tangerang,Batuceper,https://sekolah.data.kemdikbud.go.id/index.php/Chome/profil/90DFF356-31F5-E011-9861-C7A298614D64,https://referensi.data.kemdikbud.go.id/pendidikan/npsn/20606480,SD NEGERI PORIS GAGA 3,20606480,Jln. KH. Maulana Hasanudin No 66,PORISGAGA,KEC. BATUCEPER,KOTA TANGERANG,PROV. BANTEN,NEGERI,SD,"Kementerian Pendidikan, Kebudayaan, Riset, dan Teknologi",Pemerintah Daerah,,0,06-01-1979,,17-10-1993,Silakan Upload SK,,A,234,1. Telkom Speedy,2. Telkom Speedy,PLN,0,0,porisgaga03@gmail.com,,-6.168700000000,106.680700000000,30,280,282,21,Double Shift/6 hari,,2022/2023-2,"5,000",12,0,1,2,14,7,0,9,17,3,10,0,17,13,0,26,4,4,3,0,9,7,6,1,11,19,SD 2013,Telkom Speedy,4,4,4,3,3,3,,,
Banten,Kota Tangerang,Batuceper,https://sekolah.data.kemdikbud.go.id/index.php/Chome/profil/F065E556-31F5-E011-8922-3BCB472E513C,https://referensi.data.kemdikbud.go.id/pendidikan/npsn/20606625,SD NEGERI PORISGAGA 1,20606625,Jl Kh Maulana Hasanuddin,PORISGAGA,KEC. BATUCEPER,KOTA TANGERANG,PROV. BANTEN,NEGERI,SD,"Kementerian Pendidikan, Kebudayaan, Riset, dan Teknologi",Pemerintah Daerah,,,01-01-1910,,01-01-1910,Silakan Upload SK,,A,"2,340",1. XL (GSM),2. Telkom Speedy,PLN,,02155785931,sdn.porisgaga1@yahoo.com,,-6.168700000000,106.680600000000,41,404,368,29,Double Shift/6 hari,,2022/2023-2,"2,300",13,0,1,2,22,10,0,9,20,7,12,2,19,22,0,28,13,5,3,4,8,10,6,5,16,25,SD 2013,XL (GSM),4,5,5,5,5,5,,,
Banten,Kota Tangerang,Batuceper,https://sekolah.data.kemdikbud.go.id/index.php/Chome/profil/A0DD0E56-31F5-E011-81FF-05F6BDE82208,https://referensi.data.kemdikbud.go.id/pendidikan/npsn/20606627,SD NEGERI PORISGAGA 2,20606627,Jl. KH. Mustopa,PORIS JAYA,KEC. BATUCEPER,KOTA TANGERANG,PROV. BANTEN,NEGERI,SD,"Kementerian Pendidikan, Kebudayaan, Riset, dan Teknologi",Pemerintah Daerah,,421.2/2294-TU,23-08-1976,420569-Dis P&K,25-04-2003,Lihat SK Operasional,2022-08-11 09,A,"1,280",1. XL (GSM),2. Telkom Speedy,PLN,,02122260565,sdnpg2@gmail.com,,-6.173400000000,106.674200000000,25,239,244,17,Double Shift/6 hari,,2022/2023-2,"3,200",7,0,1,2,12,4,0,9,16,1,7,1,10,15,1,21,3,4,2,6,6,2,2,3,4,21,SD 2013,XL (GSM),3,3,3,3,2,3,,,
Banten,Kota Tangerang,Batuceper,https://sekolah.data.kemdikbud.go.id/index.php/Chome/profil/50230F56-31F5-E011-976E-ADD5B6DBDD51,https://referensi.data.kemdikbud.go.id/pendidikan/npsn/20606637,SD NEGERI PORISGAGA 6,20606637,Jln. Kh. Mustofa,PORIS JAYA,KEC. BATUCEPER,KOTA TANGERANG,PROV. BANTEN,NEGERI,SD,"Kementerian Pendidikan, Kebudayaan, Riset, dan Teknologi",Pemerintah Pusat,,441/Psd/1983,01-01-1910,441/PSD/1983,01-08-1983,Lihat SK Operasional,2015-03-06 10,A,700,1. Telkomsel Flash,2. Telkom Speedy,PLN,0,02122263782,sdporisgaga6@gmail.com,,-6.173400000000,106.674100000000,19,211,185,14,Double Shift/6 hari,,2022/2023-2,"5,300",7,0,1,4,9,3,0,7,10,2,7,0,7,12,0,14,5,5,1,2,3,4,1,3,5,14,SD 2013,Telkomsel Flash,2,2,2,3,3,2,,,
Banten,Kota Tangerang,Batuceper,https://sekolah.data.kemdikbud.go.id/index.php/Chome/profil/E0D1E556-31F5-E011-9580-41AD86C8B46F,https://referensi.data.kemdikbud.go.id/pendidikan/npsn/20606635,SD NEGERI PORISGAGA 8,20606635,Jl KH Maulana Hasanudin,PORISGAGA,KEC. BATUCEPER,KOTA TANGERANG,PROV. BANTEN,NEGERI,SD,"Kementerian Pendidikan, Kebudayaan, Riset, dan Teknologi",Pemerintah Pusat,,421.2/SK-065/1994,10-05-1994,889.2/49-KODYA,29-01-1994,Lihat SK Operasional,2022-09-21 15,B,"2,431",1. Telkom Speedy,2. Telkom Speedy,PLN,02155783016,02155783016,sdnporisgaga8@yahoo.com,,-6.168700000000,106.680800000000,14,109,96,9,Double Shift/6 hari,,2022/2023-2,"2,300",4,0,0,1,8,2,0,4,8,1,4,1,7,7,0,12,2,2,1,1,2,3,4,1,4,10,SD 2013,Telkom Speedy,1,1,1,2,2,2,,,
Banten,Kota Tangerang,Batuceper,https://sekolah.data.kemdikbud.go.id/index.php/Chome/profil/00E68D88-16B1-E111-A1F4-1B0E143D2B8A,https://referensi.data.kemdikbud.go.id/pendidikan/npsn/20614539,SD SANTO PAULUS III,20614539,"Komplek Simprug di Poris- Batuceper Blok A6/8-12, B1/26",PORIS JAYA,KEC. BATUCEPER,KOTA TANGERANG,PROV. BANTEN,SWASTA,SD,"Kementerian Pendidikan, Kebudayaan, Riset, dan Teknologi",YAYASAN TANIMBAR LESTARI,AL1562,07,04-03-1996,4212/0449-TU,31-12-2008,Lihat SK Operasional,2015-03-06 10,A,696,1. -,2. Telkom Speedy,PLN,02155701773,02155701773,sdsantopaulusiii@gmail.com,http,-6.176600000000,106.675700000000,10,81,77,6,Pagi/6 hari,,2022/2023-2,"11,000",6,1,1,2,0,0,13,0,10,0,0,0,1,9,0,4,6,3,2,0,1,2,0,2,2,8,SD 2013,Tidak Ada,1,1,1,1,1,1,,,
Banten,Kota Tangerang,Batuceper,https://sekolah.data.kemdikbud.go.id/index.php/Chome/profil/793641A6-A5EE-4350-9A57-FB42B69E92FF,https://referensi.data.kemdikbud.go.id/pendidikan/npsn/70003225,SDIT AL FATHIR,70003225,Jl. Maulana Hasanudin No.40,PORIS JAYA,KEC. BATUCEPER,KOTA TANGERANG,PROV. BANTEN,SWASTA,SD,"Kementerian Pendidikan, Kebudayaan, Riset, dan Teknologi",YAYASAN AL-FATHIR,AW7695,421.2/KMT.044/BID.PEMKES/2020,08-07-2020,421.2/KMT.044/BID.PEMKES/2020,08-07-2020,Lihat SK Operasional,2020-08-03 16,,"2,100",1. -,2. Telkom Speedy,PLN,,,,,-6.173800000000,106.678500000000,5,40,17,6,Sehari Penuh/5 hari,,2022/2023-2,"7,700",6,0,0,2,0,0,5,1,5,0,0,0,1,4,0,4,1,2,1,2,0,0,0,0,1,4,SD 2013,Tidak Ada,1,1,1,1,1,1,,,
Banten,Kota Tangerang,Batuceper,https://sekolah.data.kemdikbud.go.id/index.php/Chome/profil/E0DE0B57-31F5-E011-B452-2B847A3B859F,https://referensi.data.kemdikbud.go.id/pendidikan/npsn/20614357,SDIT INDRA BANGSA,20614357,Jl. KH. Mustopa No. 27 Poris Gaga baru,PORISGAGA BARU,KEC. BATUCEPER,KOTA TANGERANG,PROV. BANTEN,SWASTA,SD,"Kementerian Pendidikan, Kebudayaan, Riset, dan Teknologi",Yayasan AL-MUBAROK,AM6595,96/BPH/YAM/VII/2008,31-12-2008,421/2/0444 - TU,31-12-2008,Lihat SK Operasional,2015-03-06 08,A,"5,600",1. -,2. Telkom Speedy,PLN,,02155717358,sditindrabangsa@gmail.com,http,-6.180600000000,106.670000000000,16,127,67,11,Sehari Penuh/5 hari,,2022/2023-2,"3,600",14,2,2,2,1,0,21,0,15,1,0,0,5,11,0,12,4,7,1,3,2,0,2,1,2,14,SD 2013,Tidak Ada,2,2,2,1,2,2,,,
Banten,Kota Tangerang,Batuceper,https://sekolah.data.kemdikbud.go.id/index.php/Chome/profil/30068757-31F5-E011-BEC0-EF8B027DF270,https://referensi.data.kemdikbud.go.id/pendidikan/npsn/20606722,SMP AL AYANIYAH,20606722,Jl. Halim Perdana Kusuma RT. 002/001 Nomor 56-60,KEBON BESAR,KEC. BATUCEPER,KOTA TANGERANG,PROV. BANTEN,SWASTA,SMP,"Kementerian Pendidikan, Kebudayaan, Riset, dan Teknologi",Yayasan AL-AYANIYAH,AD0243,806/102/Kep/E.91,19-11-1991,671/SP/SMP.YIA/VII/2010,01-08-2003,Lihat SK Operasional,2018-02-22 20,A,"2,000",1. Telkomsel Flash,2. Telkom Speedy,PLN,0,,smpalayaniyah.maju@yahoo.co.id,,-6.161600000000,106.675800000000,11,82,40,5,Sehari Penuh/5 hari,,2022/2023-2,"5,500",6,0,1,1,0,0,15,1,11,0,0,0,3,8,0,11,0,2,4,0,1,2,0,2,7,4,SMP 2013,Telkomsel Flash,,,,,,,1,2,2
Banten,Kota Tangerang,Batuceper,https://sekolah.data.kemdikbud.go.id/index.php/Chome/profil/50126557-31F5-E011-BB5B-7FE4A092AF52,https://referensi.data.kemdikbud.go.id/pendidikan/npsn/20606886,SMP AL BARKAH BATUCEPER,20606886,Jl. KH. Kilin No. 30,BATUJAYA,KEC. BATUCEPER,KOTA TANGERANG,PROV. BANTEN,SWASTA,SMP,"Kementerian Pendidikan, Kebudayaan, Riset, dan Teknologi",Yayasan YAPENDIS AL BARKAH,AM6594,104/12-02-1987,12-01-1987,838/102/KEP/E/1988,12-01-1987,Lihat SK Operasional,2018-03-01 16,B,"1,000,000",1. Lainnya (Serat Optik),2. Lainnya (Serat Optik),PLN,,,albarkahsmp@yahoo.co.id,,-6.151700000000,106.664800000000,10,23,16,3,Pagi/6 hari,,2022/2023-2,"5,500",8,1,1,2,0,0,10,2,10,0,0,0,2,8,0,6,4,2,0,4,1,2,0,1,6,4,SMP 2013,Lainnya (Serat Optik),,,,,,,1,1,1
Banten,Kota Tangerang,Batuceper,https://sekolah.data.kemdikbud.go.id/index.php/Chome/profil/00048257-31F5-E011-AE23-CFE0D1CB6418,https://referensi.data.kemdikbud.go.id/pendidikan/npsn/20606776,SMP AL FUAD,20606776,Jl. Perum Poris Indah Blok Tempe Rt 04/05,PORISGAGA,KEC. BATUCEPER,KOTA TANGERANG,PROV. BANTEN,SWASTA,SMP,"Kementerian Pendidikan, Kebudayaan, Riset, dan Teknologi",YAYASAN PENDIDIKAN ISLAM AL-FUAD,AM6599,421/29-Dis-P&K,17-07-2003,421/29-DIS-P&K,06-03-2002,Silakan Upload SK (link file tidak valid) => [395984-546355--],2020-11-11 08,B,"1,500",1. -,2. Smartfren,PLN,,02155740372,smpalfuad@gmail.com,http,-6.174100000000,106.684000000000,10,22,19,3,Sehari Penuh/5 hari,,2022/2023-2,"5,000",3,1,1,2,0,0,11,2,10,0,0,0,1,9,0,6,4,1,3,1,2,2,1,0,4,6,SMP 2013,Tidak Ada,,,,,,,1,1,1
Banten,Kota Tangerang,Batuceper,https://sekolah.data.kemdikbud.go.id/index.php/Chome/profil/90318257-31F5-E011-BBBF-EFAC97A83948,https://referensi.data.kemdikbud.go.id/pendidikan/npsn/20607915,SMP ARROHMAN PLUS,20607915,JL. BENTENG BETAWI Gg. MASJID BAITURROHMAN,PORISGAGA BARU,KEC. BATUCEPER,KOTA TANGERANG,PROV. BANTEN,SWASTA,SMP,"Kementerian Pendidikan, Kebudayaan, Riset, dan Teknologi",Yayasan ARROHMAN,AD0252,002/YPI.AR.ROHMAN/IV/2005,01-04-2005,421.3/2764-TU,01-10-2007,Silakan Upload SK,,B,450,1. XL (GSM),2. Telkom Speedy,PLN,01234567891,,arrohman_plus@yahoo.co.id,http,-6.173500000000,106.671800000000,6,45,39,4,Siang/6 hari,,2022/2023-2,"3,500",4,0,1,1,0,0,9,0,6,0,0,0,1,5,0,3,3,0,2,2,1,0,0,1,3,3,SMP 2013,XL (GSM),,,,,,,2,1,1
Banten,Kota Tangerang,Batuceper,https://sekolah.data.kemdikbud.go.id/index.php/Chome/profil/16367C66-6CE1-405E-ABAF-E56A1AB3F8CD,https://referensi.data.kemdikbud.go.id/pendidikan/npsn/69968836,SMP DARUS SALAM,69968836,Jln. Pesantren RT 002/02 No 35 Batuceper Kota Tangerang,PORIS JAYA,KEC. BATUCEPER,KOTA TANGERANG,PROV. BANTEN,SWASTA,SMP,"Kementerian Pendidikan, Kebudayaan, Riset, dan Teknologi",Yayasan Darussalam Li Tarbiyatil Islamiyah,AW8750,421.3/Kep.09-SMP/DPMPTSP/2017,16-10-2017,421.3/Kep.09-SMP/DPMPTSP/2017,16-10-2017,Lihat SK Operasional,2018-06-07 08,B,"1,950",1. Smartfren,2. Telkom Speedy,PLN,,02155786834,smp@darus-salam.com,,-6.183146400000,106.675360500000,10,105,87,6,Siang/6 hari,,2022/2023-2,"10,100",6,0,1,22,0,0,13,2,10,0,0,0,0,10,0,9,1,2,4,3,1,0,0,0,7,3,SMP 2013,Smartfren,,,,,,,2,2,2
Banten,Kota Tangerang,Batuceper,https://sekolah.data.kemdikbud.go.id/index.php/Chome/profil/C0148857-31F5-E011-827D-4BC7E06D3257,https://referensi.data.kemdikbud.go.id/pendidikan/npsn/20606708,SMP ISLAM TERPADU BIRRUL WALIDAIN,20606708,Jl. Pembangunan 1 Rt 01/06 Darussalam Utara 2,BATUSARI,KEC. BATUCEPER,KOTA TANGERANG,PROV. BANTEN,SWASTA,SMP,"Kementerian Pendidikan, Kebudayaan, Riset, dan Teknologi",Yayasan YPI. Birrul Walidain,AD0234,21/226-Dis-P&K,27-02-2003,21/226-Dis-P&K,27-02-2003,Silakan Upload SK (link file tidak valid) => [411144-448225--],2021-01-19 11,B,"2,700",1. -,2. Lainnya (Serat Optik),PLN,,,smpit.birrulwalidain@gmail.com,http,-6.150900000000,106.653800000000,16,137,99,9,Sehari Penuh/5 hari,,2022/2023-2,"5,600",9,0,1,2,1,0,19,0,15,0,1,0,7,9,0,14,2,5,3,1,1,4,2,0,5,11,SMP 2013,Tidak Ada,,,,,,,3,3,3
Banten,Kota Tangerang,Batuceper,https://sekolah.data.kemdikbud.go.id/index.php/Chome/profil/A0228257-31F5-E011-AE5E-77C75074CA6D,https://referensi.data.kemdikbud.go.id/pendidikan/npsn/20607783,SMP MANBAUL ULUM,20607783,Jl. Garuda No. 32,BATUJAYA,KEC. BATUCEPER,KOTA TANGERANG,PROV. BANTEN,SWASTA,SMP,"Kementerian Pendidikan, Kebudayaan, Riset, dan Teknologi",Yayasan PON-PES ASSHIDDIQIYAH,AD1894,421-3/819-TU,04-03-2007,421-3/819-TU,04-03-2007,Lihat SK Operasional,2018-02-21 16,A,"9,146",1. Telkomsel Flash,2. Lainnya (Serat Optik),PLN,,02155727952,smpmu_aic2tng@yahoo.com,,-6.155500000000,106.665900000000,18,83,98,7,Pagi/6 hari,,2022/2023-2,"10,600",12,1,1,2,1,0,21,1,17,0,1,0,5,13,0,15,3,1,1,4,5,4,1,2,9,9,SMP 2013,Telkomsel Flash,,,,,,,2,3,2
Banten,Kota Tangerang,Batuceper,https://sekolah.data.kemdikbud.go.id/index.php/Chome/profil/274B5CF1-A562-4102-80CD-53B6FF49205F,https://referensi.data.kemdikbud.go.id/pendidikan/npsn/69956336,SMP NATIONAL GLOBAL SCHOOL,69956336,Jln. Blok Ambon RT 001/05 No 1 Batuceper Kota Tangerang,PORISGAGA,KEC. BATUCEPER,KOTA TANGERANG,PROV. BANTEN,SWASTA,SMP,"Kementerian Pendidikan, Kebudayaan, Riset, dan Teknologi",Yayasan Puji Syukur Indonesia,AJ4992,421.1/Kep.03-SMP/BPMPTSP/2016,23-09-2016,421.1/Kep.03-SMP/BPMPTSP/2016,23-09-2016,Lihat SK Operasional,2016-12-22 15,A,540,1. Telkom Speedy,2. Telkom Speedy,PLN,02155775740,02155741488,sekolahngs@gmail.com,http,-6.177300500000,106.681531000000,6,58,43,4,Sehari Penuh/5 hari,,2022/2023-2,"23,000",4,2,1,2,0,0,9,0,6,0,0,0,0,6,0,4,2,3,2,1,0,0,0,0,2,4,SMP 2013,Telkom Speedy,,,,,,,2,1,1
Banten,Kota Tangerang,Batuceper,https://sekolah.data.kemdikbud.go.id/index.php/Chome/profil/0E047F88-97EE-4A50-B07A-00A3A3BE7791,https://referensi.data.kemdikbud.go.id/pendidikan/npsn/69967749,SMP NEGERI 26 KOTA TANGERANG,69967749,"Jln. Maulana Hasanudin, Simprug RT 007/05 Poris Jaya Batuceper Kota Tangerang",PORIS JAYA,KEC. BATUCEPER,KOTA TANGERANG,PROV. BANTEN,NEGERI,SMP,"Kementerian Pendidikan, Kebudayaan, Riset, dan Teknologi",Pemerintah Daerah,,421.3/Kep.3/Kep.02-SMP/DPMPTSP/2017,20-09-2017,421.3/Kep.3/Kep.02-SMP/DPMPTSP/2017,20-09-2017,Lihat SK Operasional,2018-02-22 19,A,"6,090",1. -,2. Lainnya (Serat Optik),PLN,,02155713203,smpn26kotatgr@gmail.com,http,-6.175900000000,106.674900000000,48,459,487,27,Sehari Penuh/5 hari,,2022/2023-2,"41,500",27,2,1,16,19,20,0,9,37,1,10,0,23,25,0,41,7,12,9,2,12,7,3,3,17,31,SMP 2013,Tidak Ada,,,,,,,9,9,9
Banten,Kota Tangerang,Batuceper,https://sekolah.data.kemdikbud.go.id/index.php/Chome/profil/B0A94F57-31F5-E011-BCCD-C3A502540864,https://referensi.data.kemdikbud.go.id/pendidikan/npsn/20606752,SMP NEGERI 7 TANGERANG,20606752,Jl. Daan Mogot Km 21,BATUCEPER,KEC. BATUCEPER,KOTA TANGERANG,PROV. BANTEN,NEGERI,SMP,"Kementerian Pendidikan, Kebudayaan, Riset, dan Teknologi",Pemerintah Daerah,,,10-09-1982,,09-09-1982,Silakan Upload SK,,A,"3,472",1. Lainnya (Serat Optik),2. Telkom Astinet,PLN,02155767655,02155767656,smpn7kotatangerang@gmail.com,,-6.163300000000,106.653200000000,44,512,513,30,Sehari Penuh/5 hari,,2022/2023-2,"50,000",30,1,1,12,28,8,0,8,17,0,17,10,29,15,0,42,2,3,3,6,3,6,16,7,16,28,SMP 2013,Lainnya (Serat Optik),,,,,,,10,10,10
Banten,Kota Tangerang,Batuceper,https://sekolah.data.kemdikbud.go.id/index.php/Chome/profil/20068857-31F5-E011-9985-95095B5721BB,https://referensi.data.kemdikbud.go.id/pendidikan/npsn/20606767,SMP PGRI BATU CEPER,20606767,Jl. Pembangunan I,BATUJAYA,KEC. BATUCEPER,KOTA TANGERANG,PROV. BANTEN,SWASTA,SMP,"Kementerian Pendidikan, Kebudayaan, Riset, dan Teknologi",Yayasan Perwakilan YPLP PGRI Kota Tangerang,AL0816,016/I.02.KEP/E/1983,08-02-1983,01/SK-BAS-KOTA TNG/III/20,15-03-2005,Lihat SK Operasional,2018-02-26 07,B,0,1. Lainnya (Serat Optik),2. Telkom Speedy,PLN,0,0,smppgribatuceperdoepal@gmail.com,,-6.151400000000,106.656900000000,9,53,33,4,Pagi/6 hari,,2022/2023-2,"1,300",7,0,1,4,0,0,5,5,9,0,0,0,3,6,0,7,2,4,2,0,1,0,0,2,4,5,SMP 2013,Lainnya (Serat Optik),,,,,,,2,1,1
Banten,Kota Tangerang,Batuceper,https://sekolah.data.kemdikbud.go.id/index.php/Chome/profil/903ACCBB-F2EF-E111-90AB-FBCB7866D06F,https://referensi.data.kemdikbud.go.id/pendidikan/npsn/20614402,SMP TUNAS CENDEKIA,20614402,Jl. Maulana Hasanudin No. 56 Poris Jaya,PORIS JAYA,KEC. BATUCEPER,KOTA TANGERANG,PROV. BANTEN,SWASTA,SMP,"Kementerian Pendidikan, Kebudayaan, Riset, dan Teknologi",Yayasan Al - Karim,AD0253,421.3/0437-TU,31-12-2008,421.3/047-TU,31-12-2008,Silakan Upload SK,,B,"1,600",1. Telkom Speedy,2. Telkom Speedy,PLN,,02154594270,smptunascendekia@yahoo.com,,-6.169700000000,106.679400000000,10,50,36,3,Siang/6 hari,,2022/2023-2,"5,300",6,1,1,2,0,0,12,2,10,0,0,0,4,6,0,8,2,2,1,0,4,1,1,1,4,6,SMP 2013,Telkom Speedy,,,,,,,1,1,1
Banten,Kota Tangerang,Batuceper,https://sekolah.data.kemdikbud.go.id/index.php/Chome/profil/6010CBBB-F2EF-E111-B577-598FB7F0C46E,https://referensi.data.kemdikbud.go.id/pendidikan/npsn/20614411,SMPIT INDRA BANGSA,20614411,Jl. KH. Mustopa No. 27,PORISGAGA BARU,KEC. BATUCEPER,KOTA TANGERANG,PROV. BANTEN,SWASTA,SMP,"Kementerian Pendidikan, Kebudayaan, Riset, dan Teknologi",Yayasan AL-MUBAROK,AM6595,421-3/0467 - TU,01-07-2008,91/BPH/YAM/VII/2008,31-12-2008,Lihat SK Operasional,2018-08-23 09,A,"6,600",1. Telkomsel Flash,2. Telkom Speedy,PLN,02155717996,02155717996,smpitindrabangsa@gmail.com,http,-6.180600000000,106.670500000000,15,76,65,5,Sehari Penuh/6 hari,,2022/2023-2,"7,000",6,1,0,2,0,0,17,0,15,0,0,0,3,12,0,14,1,2,4,2,4,1,2,0,8,7,SMP 2013,Telkomsel Flash,,,,,,,2,2,1
