prov_name,kab_name,kec_name,link_sekolah_kita,link_referensi,nama,npsn,alamat,desa/kelurahan,kecamatan/kota_(ln),kab.-kota/negara_(ln),propinsi/luar_negeri_(ln),status_sekolah,bentuk_pendidikan,kementerian_pembina,naungan,npyp,no._sk._pendirian,tanggal_sk._pendirian,nomor_sk_operasional,tanggal_sk_operasional,file_sk_operasional,tanggal_upload_sk_op.,akreditasi,luas_tanah,akses_internet,akses_internet_2,sumber_listrik,fax,telepon,email,website,lintang,bujur,guru,siswa_laki_laki,siswa_perempuan,rombongan_belajar,penyelenggaraan,manajemen_berbasis_sekolah,semester_data,daya_listrik,ruang_kelas,laboratorium,perpustakaan,sanitasi_siswa,guru_pns,guru_gtt,guru_gty,guru_honor,guru_gol_i,guru_gol_ii,guru_gol_iii,guru_gol_iv,guru_sertifikasi,guru_belum_sertifikasi,guru_kurang_dari_s1,guru_s1_atau_lebih,guru_data_kosong,guru_kurang_dari_30_tahun,guru_31_35_tahun,guru_36_40,guru_41_45_tahun,guru_46_50_tahun,guru_51_55_tahun,guru_lebih_dari_55_tahun,guru_laki_laki,guru_perempuan,kurikulum,akses_internet_sekolah_kita
Jawa Timur,Kab. Bojonegoro,Baureno,https://sekolah.data.kemdikbud.go.id/index.php/Chome/profil/CAB9084F-98F1-4A61-AE39-D2FE3FB9709A,https://referensi.data.kemdikbud.go.id/pendidikan/npsn/69958154,Al Badriy,69958154,Dsn. Mojo Pencol,BLONGSONG,KEC. BAURENO,KAB. BOJONEGORO,PROV. JAWA TIMUR,SWASTA,RA,Kementerian Agama,Lainnya,,,,,,Silakan Upload SK,,,0,,2.,,,,,,-7.119316000000,112.108620400000,0,0,0,0,,,2022/2023-2,,0,0,0,0,0,0,0,0,0,0,0,0,0,0,0,0,0,0,0,0,0,0,0,0,,,,
Jawa Timur,Kab. Bojonegoro,Baureno,https://sekolah.data.kemdikbud.go.id/index.php/Chome/profil/2B58085B-A547-4695-B21C-5BD943EEC63D,https://referensi.data.kemdikbud.go.id/pendidikan/npsn/69800153,KB AISYIYAH,69800153,KOMPLEK MASJID MUAWANAH,GUNUNGSARI,KEC. BAURENO,KAB. BOJONEGORO,PROV. JAWA TIMUR,SWASTA,KB,"Kementerian Pendidikan, Kebudayaan, Riset, dan Teknologi",Yayasan Pimpinan Daerah Muhammadiyah (PDM) Kab. Bojonegoro,AO5442,421.9/01.PAUD/412.40/I/2010,07-07-2010,800/503.20/412.201/2017,12-06-2017,Lihat SK Operasional,2021-08-18 14,B,200,,2.,,,,kbaisyiyahgunungsari@gmail.com,,-7.128031100000,112.144040100000,2,0,0,0,,,2022/2023-2,,2,0,0,1,0,0,3,0,2,0,0,0,0,2,1,0,1,0,1,0,1,0,0,0,0,2,2013,
Jawa Timur,Kab. Bojonegoro,Baureno,https://sekolah.data.kemdikbud.go.id/index.php/Chome/profil/E07DEB17-4BC8-472E-9A3B-CD26D98A897C,https://referensi.data.kemdikbud.go.id/pendidikan/npsn/69800145,KB AL BADRY,69800145,DUSUN MOJOPENCOL,KALISARI,KEC. BAURENO,KAB. BOJONEGORO,PROV. JAWA TIMUR,SWASTA,KB,"Kementerian Pendidikan, Kebudayaan, Riset, dan Teknologi",Yayasan YPI ALBADRIY,AK1158,,,800/4690/412.40/2012,,Silakan Upload SK,,A,175,1. Indosat IM3,2. Lainnya,PLN,,,laylamazhur@gmail.com,,-5.443757000000,114.421127000000,1,0,0,0,Pagi/6 hari,,2022/2023-2,450,2,0,0,1,0,0,2,0,1,0,0,0,0,1,0,1,0,0,0,1,0,0,0,0,0,1,2013,Indosat IM3
Jawa Timur,Kab. Bojonegoro,Baureno,https://sekolah.data.kemdikbud.go.id/index.php/Chome/profil/51C0E102-F4BD-4BBB-B28D-C7DBD592E354,https://referensi.data.kemdikbud.go.id/pendidikan/npsn/69916933,KB AL FALAH,69916933,Desa Gajah,GAJAH,KEC. BAURENO,KAB. BOJONEGORO,PROV. JAWA TIMUR,SWASTA,KB,"Kementerian Pendidikan, Kebudayaan, Riset, dan Teknologi",,,800/84/412.40/2014,08-01-2015,800/84/412.40/2014,08-01-2014,Lihat SK Operasional,2015-11-04 15,,100,1. Lainnya (Wavelan),2. -,PLN,,,kbalfalah0@gmail.com,,-7.121048100000,112.160478700000,0,0,0,0,Pagi/6 hari,,2022/2023-2,900,2,0,0,0,0,0,1,0,0,0,0,0,0,0,0,0,0,0,0,0,0,0,0,0,0,0,2013,Lainnya (Wavelan)
Jawa Timur,Kab. Bojonegoro,Baureno,https://sekolah.data.kemdikbud.go.id/index.php/Chome/profil/6C8D223B-8BED-414C-8C37-98FF848634ED,https://referensi.data.kemdikbud.go.id/pendidikan/npsn/69799919,KB AL GHOZALIYAH,69799919,LEBAKSARI RT 03 RW 01,LEBAKSARI,KEC. BAURENO,KAB. BOJONEGORO,PROV. JAWA TIMUR,SWASTA,KB,"Kementerian Pendidikan, Kebudayaan, Riset, dan Teknologi",,,,,421.9/182.;PAUD/412.42/XI,,Silakan Upload SK,,,0,1. -,2. -,PLN,,,kbalghozaliyah@gmail.com,,-7.102772300000,112.117707800000,0,0,0,0,Pagi/6 hari,,2022/2023-2,450,2,0,0,0,0,0,1,0,0,0,0,0,0,0,0,0,0,0,0,0,0,0,0,0,0,0,2013,Tidak Ada
Jawa Timur,Kab. Bojonegoro,Baureno,https://sekolah.data.kemdikbud.go.id/index.php/Chome/profil/C49D7785-282E-4DDB-AD60-65A48D1B38C6,https://referensi.data.kemdikbud.go.id/pendidikan/npsn/69800041,KB AL HIKMAH,69800041,RT 10 RW 04 Dusun Bangle,BANJARANYAR,KEC. BAURENO,KAB. BOJONEGORO,PROV. JAWA TIMUR,SWASTA,KB,"Kementerian Pendidikan, Kebudayaan, Riset, dan Teknologi",,,,,421.9/124.PAUD/412.40/III,,Silakan Upload SK,,Belum Terakreditasi,0,1. Indosat IM3,2. Indosat IM3,Menumpang,,,kbalhikmahbanjaranyar@gmail.com,,-7.145802800000,112.059761800000,1,0,0,0,Pagi/6 hari,,2022/2023-2,900,1,0,0,1,0,0,1,0,1,0,0,0,0,1,0,1,0,0,0,1,0,0,0,0,0,1,2013,Indosat IM3
Jawa Timur,Kab. Bojonegoro,Baureno,https://sekolah.data.kemdikbud.go.id/index.php/Chome/profil/E6ED3E24-6513-4657-85AE-15F5ECC958B4,https://referensi.data.kemdikbud.go.id/pendidikan/npsn/69800142,KB AL-IKHLAS,69800142,Jln. Masjid Al-ikhlas no.640,SRATUREJO,KEC. BAURENO,KAB. BOJONEGORO,PROV. JAWA TIMUR,SWASTA,KB,"Kementerian Pendidikan, Kebudayaan, Riset, dan Teknologi",YAYASAN AL IKHLAS,AK1189,,,421.9/205.PAUD/421.40/V/2,,Silakan Upload SK,,,64,1. -,2. -,PLN,,,,,-7.150265500000,112.093665700000,2,0,0,0,Pagi/6 hari,,2022/2023-2,900,2,0,0,1,0,0,2,0,2,0,0,0,0,2,0,1,1,0,1,0,0,0,1,0,0,2,2013,Tidak Ada
Jawa Timur,Kab. Bojonegoro,Baureno,https://sekolah.data.kemdikbud.go.id/index.php/Chome/profil/CF75255D-D9D6-4AF5-B043-3E5CAFDCCA50,https://referensi.data.kemdikbud.go.id/pendidikan/npsn/69799996,KB AL-MISBAH,69799996,Rt. 23 Rw. 11 Dusun Karanglo Desa Kadungrejo,KADUNGREJO,KEC. BAURENO,KAB. BOJONEGORO,PROV. JAWA TIMUR,SWASTA,KB,"Kementerian Pendidikan, Kebudayaan, Riset, dan Teknologi",Pemerintah Pusat,,800/4470/412.40/2016,31-05-2016,421.9/124.PAUD/412.42/VIII/2008,25-08-2008,Lihat SK Operasional,2020-09-18 14,Belum Terakreditasi,0,1. -,2. -,Menumpang,,,kbalmisbahjempol@gmail.com,,-7.090081000000,112.096789400000,1,0,0,0,Pagi/6 hari,,2022/2023-2,900,2,0,0,0,0,0,1,0,1,0,0,0,0,1,0,1,0,0,1,0,0,0,0,0,0,1,2013,Tidak Ada
Jawa Timur,Kab. Bojonegoro,Baureno,https://sekolah.data.kemdikbud.go.id/index.php/Chome/profil/8DB734CA-04AA-452D-AEBA-174A2273A863,https://referensi.data.kemdikbud.go.id/pendidikan/npsn/69800004,KB AMANATUS SHIBYAN I,69800004,DK. MANTUP,DRAJAT,KEC. BAURENO,KAB. BOJONEGORO,PROV. JAWA TIMUR,SWASTA,KB,"Kementerian Pendidikan, Kebudayaan, Riset, dan Teknologi",Lainnya,AO5442,421.9/18.PADU/412.42/2004,15-06-2004,800/2342/412.40/2016,21-03-2016,Lihat SK Operasional,2017-08-16 09,Belum Terakreditasi,300,1. -,2. -,PLN,,,kbamanatusshibyanmantup@gmail.com,,-7.152243100000,112.051707100000,1,0,0,0,Pagi/6 hari,,2022/2023-2,450,2,0,0,1,0,0,1,0,1,0,0,0,0,1,0,0,1,0,0,0,0,1,0,0,0,1,2013,Tidak Ada
Jawa Timur,Kab. Bojonegoro,Baureno,https://sekolah.data.kemdikbud.go.id/index.php/Chome/profil/55F60934-2855-4003-B73F-DD529C0DD6E0,https://referensi.data.kemdikbud.go.id/pendidikan/npsn/69800130,KB AMANATUS SHIBYAN II,69800130,Jalan RA KARTINI RT 08 RW 02,DRAJAT,KEC. BAURENO,KAB. BOJONEGORO,PROV. JAWA TIMUR,SWASTA,KB,"Kementerian Pendidikan, Kebudayaan, Riset, dan Teknologi",Yayasan Pimpinan Daerah Muhammadiyah (PDM) Kab. Bojonegoro,AO5442,421.9/19/PADU/412.42/2004,15-06-2004,800/503.196/412.201/2017,28-04-2017,Lihat SK Operasional,2021-06-17 14,Belum Terakreditasi,88,1. -,2. -,PLN,,,amanatusshibyan2@gmail.com,,-7.153130600000,112.049206500000,1,0,0,0,Pagi/6 hari,,2022/2023-2,450,2,0,0,1,0,0,2,0,1,0,0,0,0,1,0,0,1,0,0,1,0,0,0,0,0,1,2013,Tidak Ada
Jawa Timur,Kab. Bojonegoro,Baureno,https://sekolah.data.kemdikbud.go.id/index.php/Chome/profil/858A55A4-F13C-4010-89FA-7946330B5C55,https://referensi.data.kemdikbud.go.id/pendidikan/npsn/69800121,KB AN NAFI AH,69800121,Rt. 09 Rw. 03 Desa Banjaran,BANJARAN,KEC. BAURENO,KAB. BOJONEGORO,PROV. JAWA TIMUR,SWASTA,KB,"Kementerian Pendidikan, Kebudayaan, Riset, dan Teknologi",Lainnya,AK1210,800/4351/412.40/2016,27-05-2016,412.9/47.PAUD/412.42/2006,17-07-2006,Lihat SK Operasional,2020-09-22 14,B,125,1. -,2. Telkom Speedy,PLN,,,kbannafiahbanjaran@gmail.com,,-7.130755200000,112.069943600000,2,0,0,0,Pagi/6 hari,,2022/2023-2,900,2,0,0,0,0,0,3,0,2,0,0,0,0,2,0,1,1,2,0,0,0,0,0,0,0,2,2013,Tidak Ada
Jawa Timur,Kab. Bojonegoro,Baureno,https://sekolah.data.kemdikbud.go.id/index.php/Chome/profil/5321C204-1168-472B-B4AF-8589366A7B04,https://referensi.data.kemdikbud.go.id/pendidikan/npsn/69800010,KB ANANDA GUNUNGSARI,69800010,JL BUNGCINO 07/02,GUNUNGSARI,KEC. BAURENO,KAB. BOJONEGORO,PROV. JAWA TIMUR,SWASTA,KB,"Kementerian Pendidikan, Kebudayaan, Riset, dan Teknologi",Yayasan YPI ALBADRIY,AK1158,421.9/67.PAUD/412.40/1/2012,05-01-2012,800/2682/421.201/2018,22-11-2018,Lihat SK Operasional,2019-02-01 16,Belum Terakreditasi,96,1. -,2. -,PLN,,,kb.anandagunungsari@gmail.com,,-7.129661000000,112.133530000000,0,0,0,0,Pagi/6 hari,,2022/2023-2,900,1,0,0,1,0,0,1,0,0,0,0,0,0,0,0,0,0,0,0,0,0,0,0,0,0,0,2013,Tidak Ada
Jawa Timur,Kab. Bojonegoro,Baureno,https://sekolah.data.kemdikbud.go.id/index.php/Chome/profil/AEDBA4E1-E924-4C51-ADD3-27FA86A61F87,https://referensi.data.kemdikbud.go.id/pendidikan/npsn/69800151,KB AR RAUDHOH,69800151,Rt. 6 Rw. 2 Desa Drajat Kec. Baureno,DRAJAT,KEC. BAURENO,KAB. BOJONEGORO,PROV. JAWA TIMUR,SWASTA,KB,"Kementerian Pendidikan, Kebudayaan, Riset, dan Teknologi",Pemerintah Pusat,AO5442,800/40126/412.40/2016,19-05-2016,800/1406/412.40/2012,02-07-2012,Lihat SK Operasional,2020-09-28 08,Belum Terakreditasi,0,1. -,2. -,PLN,,,kbarroudhoh@gmail.com,,-7.141754200000,112.050376700000,0,0,0,0,Pagi/6 hari,,2022/2023-2,450,1,0,0,1,0,0,1,0,0,0,0,0,0,0,0,0,0,0,0,0,0,0,0,0,0,0,2013,Tidak Ada
Jawa Timur,Kab. Bojonegoro,Baureno,https://sekolah.data.kemdikbud.go.id/index.php/Chome/profil/430A3C7F-898E-46CE-97C1-BEBF8BBA29E6,https://referensi.data.kemdikbud.go.id/pendidikan/npsn/69800080,KB ARRIDHO,69800080,PUCANGARUM,PUCANGARUM,KEC. BAURENO,KAB. BOJONEGORO,PROV. JAWA TIMUR,SWASTA,KB,"Kementerian Pendidikan, Kebudayaan, Riset, dan Teknologi",,,,,421.9/49.PAUD/412.40/III/,,Silakan Upload SK,,Belum Terakreditasi,900,1. Indosat IM3,2. Indosat IM3,PLN,,,kbaridho2020pucang@gmail.com,,-7.077266300000,112.082341400000,2,0,0,0,Pagi/6 hari,,2022/2023-2,450,2,0,0,0,0,0,1,1,2,0,0,0,0,2,0,1,1,1,0,1,0,0,0,0,0,2,2013,Indosat IM3
Jawa Timur,Kab. Bojonegoro,Baureno,https://sekolah.data.kemdikbud.go.id/index.php/Chome/profil/CFCB3DDC-F034-4B3A-A418-ABEB94FB8CB0,https://referensi.data.kemdikbud.go.id/pendidikan/npsn/69799953,KB ASSAADAH,69799953,Jalan Rajawali Desa Ngemplak Rt 16 Rw 06,NGEMPLAK,KEC. BAURENO,KAB. BOJONEGORO,PROV. JAWA TIMUR,SWASTA,KB,"Kementerian Pendidikan, Kebudayaan, Riset, dan Teknologi",Yayasan YPMNU MUNTAFAUL ULUM,AK1161,421.9/26.PAUD/412.42/2003,05-06-2003,800/4111/412.40/2016,20-05-2016,Lihat SK Operasional,2022-07-25 12,Belum Terakreditasi,0,1. -,2. Lainnya,PLN,,,kbassaadahngemplak@gmail.com,,-7.155770400000,112.061830700000,1,0,0,0,Pagi/6 hari,,2022/2023-2,"1,300",2,0,0,0,0,0,2,0,1,0,0,0,1,0,0,1,0,1,0,0,0,0,0,0,0,1,2013,Tidak Ada
Jawa Timur,Kab. Bojonegoro,Baureno,https://sekolah.data.kemdikbud.go.id/index.php/Chome/profil/633BB275-B296-43AF-891E-2705CE586F66,https://referensi.data.kemdikbud.go.id/pendidikan/npsn/69799979,KB AT THUFAILY,69799979,JL. MASJID NO.12,PASINAN,KEC. BAURENO,KAB. BOJONEGORO,PROV. JAWA TIMUR,SWASTA,KB,"Kementerian Pendidikan, Kebudayaan, Riset, dan Teknologi",Yayasan YTPI DARUL ULUM,AK1172,,,421.9/123.PAUD/421.40/III,,Silakan Upload SK,,Terakreditasi,160,1. -,2. -,PLN,,,kbatthufailypasinan@gmail.com,,-7.123984000000,112.098935000000,2,0,0,0,Pagi/6 hari,,2022/2023-2,900,2,0,0,0,0,0,2,0,2,0,0,0,0,2,0,0,2,0,0,2,0,0,0,0,0,2,2013,Tidak Ada
Jawa Timur,Kab. Bojonegoro,Baureno,https://sekolah.data.kemdikbud.go.id/index.php/Chome/profil/DAD04BC0-6C20-46A2-A983-8FBA347B2070,https://referensi.data.kemdikbud.go.id/pendidikan/npsn/69800057,KB AZ-ZAHRA,69800057,KOMPLEK MASJID HIDAYATULLAH RT. 25 / RW. 06,GUNUNGSARI,KEC. BAURENO,KAB. BOJONEGORO,PROV. JAWA TIMUR,SWASTA,KB,"Kementerian Pendidikan, Kebudayaan, Riset, dan Teknologi",Yayasan MUSLIMAT,AK1157,,,800/4457/412.40  /2012,,Silakan Upload SK,,A,500,1. Indosat IM3,2. Telkom Speedy,PLN,,,kbazzahragunungsari@gmail.com,,-7.126898000000,112.142800400000,1,0,0,0,Sehari Penuh/5 hari,,2022/2023-2,450,2,0,0,1,0,0,2,0,1,0,0,0,0,1,0,0,1,0,0,1,0,0,0,0,0,1,2013,Indosat IM3
Jawa Timur,Kab. Bojonegoro,Baureno,https://sekolah.data.kemdikbud.go.id/index.php/Chome/profil/094837C2-D8F9-4195-988D-B7B34E5D8549,https://referensi.data.kemdikbud.go.id/pendidikan/npsn/69947943,KB DARUL ULUM AL AYYUBI,69947943,Desa Blongsong,BLONGSONG,KEC. BAURENO,KAB. BOJONEGORO,PROV. JAWA TIMUR,SWASTA,KB,"Kementerian Pendidikan, Kebudayaan, Riset, dan Teknologi",Yayasan Pondok Pesantren Darul Ulum Abdullah,AK1214,800/2692/412.40/2016,04-04-2016,800/2692/412.40/2016,04-04-2016,Lihat SK Operasional,2016-08-25 12,,120,1. -,2. -,PLN,,,darululumalayyubi@gmail.com,,-7.135480000000,112.096795000000,1,0,0,0,Pagi/6 hari,,2022/2023-2,"9,090",2,0,0,1,0,0,2,0,1,0,0,0,0,1,0,1,0,1,0,0,0,0,0,0,0,1,2013,Tidak Ada
Jawa Timur,Kab. Bojonegoro,Baureno,https://sekolah.data.kemdikbud.go.id/index.php/Chome/profil/133238A6-6227-4B9F-A1B0-0DAA077EA918,https://referensi.data.kemdikbud.go.id/pendidikan/npsn/69800096,KB HANDAYANI,69800096,RT.14 RW.05,BAURENO,KEC. BAURENO,KAB. BOJONEGORO,PROV. JAWA TIMUR,SWASTA,KB,"Kementerian Pendidikan, Kebudayaan, Riset, dan Teknologi",Lainnya,,421.9/78B.PAUD/412.42/2007,03-11-2007,800/6508/412.40/2015,22-09-2015,Lihat SK Operasional,2021-06-20 00,B,0,1. -,2. Telkom Speedy,PLN,,,kbhandayanibaureno@gmail.com,,-7.126492900000,112.103244900000,1,0,0,0,Pagi/6 hari,,2022/2023-2,900,2,0,0,0,0,0,2,0,1,0,0,0,0,1,0,1,0,0,1,0,0,0,0,0,0,1,2013,Tidak Ada
Jawa Timur,Kab. Bojonegoro,Baureno,https://sekolah.data.kemdikbud.go.id/index.php/Chome/profil/D733FC2B-BF1C-4BEB-831F-993347F56260,https://referensi.data.kemdikbud.go.id/pendidikan/npsn/69800017,KB HARAPAN BANGSA,69800017,JL. RAYA SRATUREJO 63,SRATUREJO,KEC. BAURENO,KAB. BOJONEGORO,PROV. JAWA TIMUR,SWASTA,KB,"Kementerian Pendidikan, Kebudayaan, Riset, dan Teknologi",Lainnya,AK1177,,,421.9/365.PAUD/412.40/IX/,,Silakan Upload SK,,Belum Terakreditasi,36,1. -,2. -,PLN,,,kbharapanbangsasraturejo@gmail.com,,-7.139932900000,112.092300500000,2,0,0,0,Pagi/6 hari,,2022/2023-2,900,2,0,0,0,0,0,2,0,2,0,0,0,0,2,0,1,1,0,0,1,0,0,1,0,0,2,2013,Tidak Ada
Jawa Timur,Kab. Bojonegoro,Baureno,https://sekolah.data.kemdikbud.go.id/index.php/Chome/profil/6ABE97F1-02DF-4DCF-9DD9-4919C3459088,https://referensi.data.kemdikbud.go.id/pendidikan/npsn/69801460,KB IHYA UL ULUM,69801460,LEBAKSARI,LEBAKSARI,KEC. BAURENO,KAB. BOJONEGORO,PROV. JAWA TIMUR,SWASTA,KB,"Kementerian Pendidikan, Kebudayaan, Riset, dan Teknologi",,,421.9/51.PAUD/412.40/I/2010,15-01-2010,421.9/33.PAUD/412.40/I/2012,20-01-2012,Silakan Upload SK,,,99,1. -,2. -,PLN,,,ihyaululumnggowok@gmail.com,,-7.101106000000,112.128975000000,2,0,0,0,Sehari Penuh/5 hari,,2022/2023-2,450,3,0,0,1,0,0,3,0,2,0,0,0,0,2,0,2,0,0,0,1,1,0,0,0,0,2,2013,Tidak Ada
Jawa Timur,Kab. Bojonegoro,Baureno,https://sekolah.data.kemdikbud.go.id/index.php/Chome/profil/D8D20EF1-6AD4-4EDB-82BE-CBF962CE1F76,https://referensi.data.kemdikbud.go.id/pendidikan/npsn/69800113,KB ISLAM PARADISE,69800113,JL. GUNUNG SIGIT RT. 23 RW. 06,GUNUNGSARI,KEC. BAURENO,KAB. BOJONEGORO,PROV. JAWA TIMUR,SWASTA,KB,"Kementerian Pendidikan, Kebudayaan, Riset, dan Teknologi",Yayasan MADINATUL QUR'AN BOJONEGORO,AK1181,,,800/10972/412.40/2012,,Silakan Upload SK,,B,120,1. Lainnya (Wavelan),2. Lainnya (Wavelan),PLN,,6281359318506,kbislamparadise@gmail.com,,-7.128191800000,112.143690000000,4,0,0,0,Sehari Penuh/5 hari,,2022/2023-2,"1,300",4,0,0,0,0,0,5,0,4,0,0,0,0,4,0,1,3,1,2,1,0,0,0,0,0,4,2013,Lainnya (Wavelan)
Jawa Timur,Kab. Bojonegoro,Baureno,https://sekolah.data.kemdikbud.go.id/index.php/Chome/profil/39075620-5CF0-4AB5-8A02-3F4AC3DFBE67,https://referensi.data.kemdikbud.go.id/pendidikan/npsn/69800105,KB MABDAUS SHOLAH,69800105,JL.SOSRO BAHU,POMAHAN,KEC. BAURENO,KAB. BOJONEGORO,PROV. JAWA TIMUR,SWASTA,KB,"Kementerian Pendidikan, Kebudayaan, Riset, dan Teknologi",Yayasan MABDAUS SHOLLAH,AK1159,,,421.9/134.PAUD/412.40/IV/,,Silakan Upload SK,,Belum Terakreditasi,0,1. -,2. -,PLN,,,paudmabdaussholah@gmail.com,,-5.443757000000,114.421127000000,1,0,0,0,Pagi/6 hari,,2022/2023-2,450,2,0,0,2,0,0,0,1,1,0,0,0,0,1,0,0,1,0,0,0,0,1,0,0,0,1,2013,Tidak Ada
Jawa Timur,Kab. Bojonegoro,Baureno,https://sekolah.data.kemdikbud.go.id/index.php/Chome/profil/636F4930-7548-4755-98CE-CAE4362B72ED,https://referensi.data.kemdikbud.go.id/pendidikan/npsn/69800007,KB MADINATUL ULUM,69800007,JL. KANOR NO 626 KM 01,PASINAN,KEC. BAURENO,KAB. BOJONEGORO,PROV. JAWA TIMUR,SWASTA,KB,"Kementerian Pendidikan, Kebudayaan, Riset, dan Teknologi",YAYASAN BINA MANFAAT,AK1170,,,421.9/343.PAUD/412.40/VII,,Silakan Upload SK,,,"11,400",1. -,2. -,PLN,,,kbmadinatululumpasinan1997@gmail.com,,-7.125387700000,112.097530500000,2,0,0,0,Pagi/6 hari,,2022/2023-2,"1,200",2,0,0,2,0,0,1,2,2,0,0,0,0,2,0,2,0,0,1,1,0,0,0,0,0,2,2013,Tidak Ada
Jawa Timur,Kab. Bojonegoro,Baureno,https://sekolah.data.kemdikbud.go.id/index.php/Chome/profil/86FED15C-1C16-4525-A249-0087EC8A3BC1,https://referensi.data.kemdikbud.go.id/pendidikan/npsn/69799930,KB MASYITOH,69799930,SUMURAGUNG,SUMURAGUNG,KEC. BAURENO,KAB. BOJONEGORO,PROV. JAWA TIMUR,SWASTA,KB,"Kementerian Pendidikan, Kebudayaan, Riset, dan Teknologi",Lainnya,AK1202,,,421.9/41.PAUD/412.40/I/20,,Silakan Upload SK,,Belum Terakreditasi,180,1. -,2. Indosat IM3,PLN,,,kbmasyithoh.simo@gmail.com,,-7.173981700000,111.997702600000,0,0,0,0,Sehari Penuh/3 hari,,2022/2023-2,450,2,0,0,0,0,0,1,0,0,0,0,0,0,0,0,0,0,0,0,0,0,0,0,0,0,0,2013,Tidak Ada
Jawa Timur,Kab. Bojonegoro,Baureno,https://sekolah.data.kemdikbud.go.id/index.php/Chome/profil/B91720E2-B8F0-4897-A3D2-15E48B0DBEFF,https://referensi.data.kemdikbud.go.id/pendidikan/npsn/69800034,KB MAWAR PGRI BAURENO,69800034,JL. KUD LAMA (KOMPLEKS SDN SRATUREJO II),SRATUREJO,KEC. BAURENO,KAB. BOJONEGORO,PROV. JAWA TIMUR,SWASTA,KB,"Kementerian Pendidikan, Kebudayaan, Riset, dan Teknologi",Yayasan Perwakilan YPLP PGRI Kabupaten Bojoegoro,AE3289,800/7625/412.40/2016,26-10-2006,800/7625/412.40/2016,26-10-2016,Lihat SK Operasional,2019-01-31 14,Belum Terakreditasi,0,1. -,2. Lainnya,Menumpang,,,kbmawar71@gmail.com,,-7.141662900000,112.089834200000,1,0,0,0,Pagi/6 hari,,2022/2023-2,450,2,0,0,1,0,0,2,0,1,0,0,0,0,1,0,1,0,1,0,0,0,0,0,0,0,1,2013,Tidak Ada
Jawa Timur,Kab. Bojonegoro,Baureno,https://sekolah.data.kemdikbud.go.id/index.php/Chome/profil/096036D2-A535-4D79-9985-D1FFB40B25B6,https://referensi.data.kemdikbud.go.id/pendidikan/npsn/69916935,KB MERPATI,69916935,Desa Karangdayu,KARANGDAYU,KEC. BAURENO,KAB. BOJONEGORO,PROV. JAWA TIMUR,SWASTA,KB,"Kementerian Pendidikan, Kebudayaan, Riset, dan Teknologi",,,800/850/412.40/2013,30-12-2013,800/850/412.40/2013,30-12-2013,Lihat SK Operasional,2015-11-04 15,,100,1. -,2. -,PLN,,,kbmerpati@gmail.com,,-7.116089400000,112.076821800000,1,0,0,0,Pagi/6 hari,,2022/2023-2,450,1,0,0,1,0,0,2,0,1,0,0,0,0,1,0,0,1,0,1,0,0,0,0,0,0,1,2013,Tidak Ada
Jawa Timur,Kab. Bojonegoro,Baureno,https://sekolah.data.kemdikbud.go.id/index.php/Chome/profil/049CAB62-6ED5-4457-8809-45E775340066,https://referensi.data.kemdikbud.go.id/pendidikan/npsn/69800143,KB MIFTAHUL HIDAYAH,69800143,JANTEN,SUMURAGUNG,KEC. BAURENO,KAB. BOJONEGORO,PROV. JAWA TIMUR,SWASTA,KB,"Kementerian Pendidikan, Kebudayaan, Riset, dan Teknologi",Yayasan miftahul hidayah,AK1193,,,421.9/458,,Silakan Upload SK,,Belum Terakreditasi,150,1. Indosat IM3,2. XL (GSM),PLN,,,kbmhsumuragung@gmail.com,,-7.136729900000,112.160141300000,3,0,0,0,Pagi/6 hari,,2022/2023-2,900,1,0,0,1,0,0,3,1,3,0,0,0,0,3,0,2,1,2,1,0,0,0,0,0,0,3,2013,Indosat IM3
Jawa Timur,Kab. Bojonegoro,Baureno,https://sekolah.data.kemdikbud.go.id/index.php/Chome/profil/05F2A29B-C0A0-4FD6-AC89-9C6A3F9967B0,https://referensi.data.kemdikbud.go.id/pendidikan/npsn/69800138,KB MIFTAHUL HUDA,69800138,JL. MADRASAH NO.01,KADUNGREJO,KEC. BAURENO,KAB. BOJONEGORO,PROV. JAWA TIMUR,SWASTA,KB,"Kementerian Pendidikan, Kebudayaan, Riset, dan Teknologi",YAYASAN PENDIDIKAN MIFTAHUL HUDA,AK1215,,,421.9/28.PAUD/412.40/1/20,,Silakan Upload SK,,Belum Terakreditasi,0,1. -,2. -,PLN,,,,,-7.090739900000,112.106139300000,3,0,0,0,Pagi/6 hari,,2022/2023-2,"9,000",2,0,0,0,0,0,4,0,3,0,0,0,0,3,0,0,3,1,1,1,0,0,0,0,0,3,2013,Tidak Ada
Jawa Timur,Kab. Bojonegoro,Baureno,https://sekolah.data.kemdikbud.go.id/index.php/Chome/profil/963A93A5-4B7A-445E-978A-09AD76460EAD,https://referensi.data.kemdikbud.go.id/pendidikan/npsn/69800095,KB MIFTAHUL ULUM,69800095,DUSUN RANDAP,PUCANGARUM,KEC. BAURENO,KAB. BOJONEGORO,PROV. JAWA TIMUR,SWASTA,KB,"Kementerian Pendidikan, Kebudayaan, Riset, dan Teknologi",Yayasan PENDIDIKAN ISLAM AL-MA'ARIF,AK1198,,,421.9/176.PAUD/412.40/IV/,,Silakan Upload SK,,Belum Terakreditasi,132,1. -,2. -,PLN,,,kbmiftahululumpucangarum@gmail.com,,-7.102533000000,112.077559800000,2,0,0,0,Sehari Penuh/6 hari,,2022/2023-2,900,3,0,0,0,0,0,3,0,2,0,0,0,0,2,0,0,2,0,1,0,0,1,0,0,0,2,2013,Tidak Ada
Jawa Timur,Kab. Bojonegoro,Baureno,https://sekolah.data.kemdikbud.go.id/index.php/Chome/profil/7CE9BA0C-5181-4BC4-ACB6-0DB2FA4FBC3A,https://referensi.data.kemdikbud.go.id/pendidikan/npsn/69799950,KB PERMATA BUNDA,69799950,PGA NO. 17 A,TULUNGAGUNG,KEC. BAURENO,KAB. BOJONEGORO,PROV. JAWA TIMUR,SWASTA,KB,"Kementerian Pendidikan, Kebudayaan, Riset, dan Teknologi",Yayasan YASPIRA,AK1201,800/3361/412.40/2016,26-04-2016,800/3361/412.40/2016,26-04-2016,Lihat SK Operasional,2021-08-23 09,B,150,1. Lainnya,2. Lainnya (Kabel),PLN,,,kbpermatabundatulungagung@gmail.com,,-7.127762600000,112.124581200000,2,0,0,0,Pagi/6 hari,,2022/2023-2,900,2,0,0,2,0,0,3,0,2,0,0,0,0,2,0,1,1,0,1,1,0,0,0,0,0,2,2013,Lainnya
Jawa Timur,Kab. Bojonegoro,Baureno,https://sekolah.data.kemdikbud.go.id/index.php/Chome/profil/8388BA07-8A2A-4932-A6CC-DFD248F46CEA,https://referensi.data.kemdikbud.go.id/pendidikan/npsn/69921860,KB PERTIWI,69921860,Jln. Raya Baureno RT 10 RW 5 Desa Pasinan,PASINAN,KEC. BAURENO,KAB. BOJONEGORO,PROV. JAWA TIMUR,SWASTA,KB,"Kementerian Pendidikan, Kebudayaan, Riset, dan Teknologi",,,800/6623/412.40/2013,17-10-2013,800/6623/412.40/2013,17-10-2013,Lihat SK Operasional,2020-09-28 09,Belum Terakreditasi,0,1. -,2. Telkom Speedy,PLN,,,kbpertiwiku@gmail.com,,-7.124206100000,112.098457300000,1,0,0,0,Pagi/6 hari,,2022/2023-2,450,1,0,0,0,0,0,2,0,1,0,0,0,0,1,0,1,0,1,0,0,0,0,0,0,0,1,2013,Tidak Ada
Jawa Timur,Kab. Bojonegoro,Baureno,https://sekolah.data.kemdikbud.go.id/index.php/Chome/profil/99CBE994-E190-4BF0-B9D2-F8B2CDB77E07,https://referensi.data.kemdikbud.go.id/pendidikan/npsn/69799941,KB PUTRA BANGSA,69799941,Dusun Wire,NGEMPLAK,KEC. BAURENO,KAB. BOJONEGORO,PROV. JAWA TIMUR,SWASTA,KB,"Kementerian Pendidikan, Kebudayaan, Riset, dan Teknologi",Yayasan putra bangsa,AK1185,421.9/141.PAUD/412.40/III/2010,07-02-2010,800/1667.05/412.201/2018,27-07-2018,Silakan Upload SK (link file tidak valid) => [388749-384138-192194-74158199-2008791953.PDF],2020-10-11 15,Belum Terakreditasi,0,1. Smartfren,2. Smartfren,PLN,,,paudputrabangsa22@gmail.com,,-7.150400000000,112.072500000000,1,0,0,0,Pagi/6 hari,,2022/2023-2,0,1,0,0,0,0,0,1,0,1,0,0,0,0,1,0,1,0,0,1,0,0,0,0,0,0,1,2013,Smartfren
Jawa Timur,Kab. Bojonegoro,Baureno,https://sekolah.data.kemdikbud.go.id/index.php/Chome/profil/4135E179-6BD8-43BD-8CBA-4B2623E15227,https://referensi.data.kemdikbud.go.id/pendidikan/npsn/69800061,KB ROJA UL UMMAH,69800061,RT 05 RW 02 Dusun Banjaranyar,BANJARANYAR,KEC. BAURENO,KAB. BOJONEGORO,PROV. JAWA TIMUR,SWASTA,KB,"Kementerian Pendidikan, Kebudayaan, Riset, dan Teknologi",,,,,800/1978/412.40/2013,,Silakan Upload SK,,Belum Terakreditasi,0,1. -,2. -,PLN,,,,,-7.152437500000,112.054792900000,1,0,0,0,Pagi/6 hari,,2022/2023-2,450,2,0,0,1,0,0,0,1,1,0,0,0,0,1,0,0,1,0,1,0,0,0,0,0,0,1,2013,Tidak Ada
Jawa Timur,Kab. Bojonegoro,Baureno,https://sekolah.data.kemdikbud.go.id/index.php/Chome/profil/D6CC685C-DE7E-439E-BD76-07B0DDD5C619,https://referensi.data.kemdikbud.go.id/pendidikan/npsn/69916909,KB TA LIMUL QURAN,69916909,Desa Blongsong,BLONGSONG,KEC. BAURENO,KAB. BOJONEGORO,PROV. JAWA TIMUR,SWASTA,KB,"Kementerian Pendidikan, Kebudayaan, Riset, dan Teknologi",Yayasan Pendidikan Islam Nurul Mu`minin,AE3267,800/4398/412.40/2014,14-04-2014,800/4398/412.40/2014,14-04-2014,Lihat SK Operasional,2015-11-04 14,,161,1. 3 (Tri),2. Lainnya (Kabel),PLN,,,kbtalimulquran@gmail.com,,-7.135550000000,112.092905000000,0,0,0,0,Pagi/6 hari,,2022/2023-2,900,2,0,0,0,0,0,1,0,0,0,0,0,0,0,0,0,0,0,0,0,0,0,0,0,0,0,2013,3 (Tri)
Jawa Timur,Kab. Bojonegoro,Baureno,https://sekolah.data.kemdikbud.go.id/index.php/Chome/profil/B232A041-BC86-4F7A-BDC6-FCA11273B188,https://referensi.data.kemdikbud.go.id/pendidikan/npsn/69800087,KB TRI BAKTI,69800087,"LEBAKSARI, RT. 08/ RW. 03",LEBAKSARI,KEC. BAURENO,KAB. BOJONEGORO,PROV. JAWA TIMUR,SWASTA,KB,"Kementerian Pendidikan, Kebudayaan, Riset, dan Teknologi",,,,,421.9/154.PAUD/412.40/IV/,,Silakan Upload SK,,,48,1. -,2. -,PLN,,,baktitri9@gmail.com,,-7.101627000000,112.116530000000,1,0,0,0,Pagi/6 hari,,2022/2023-2,900,2,0,0,1,0,0,2,0,1,0,0,0,0,1,0,1,0,0,1,0,0,0,0,0,0,1,2013,Tidak Ada
Jawa Timur,Kab. Bojonegoro,Baureno,https://sekolah.data.kemdikbud.go.id/index.php/Chome/profil/53A78AB6-CD88-4BE2-B2EA-2491896C8B05,https://referensi.data.kemdikbud.go.id/pendidikan/npsn/69799906,KB TUFAKHUL JANNAH,69799906,AHMAD YANI NO.99,TLOGOAGUNG,KEC. BAURENO,KAB. BOJONEGORO,PROV. JAWA TIMUR,SWASTA,KB,"Kementerian Pendidikan, Kebudayaan, Riset, dan Teknologi",Lainnya,AK1203,,,421.9/339.PAUD/412.40/VII,,Silakan Upload SK,,B,120,1. Lainnya (Wavelan),2. -,PLN,,,kbtufakuljannah@gmail.com,,-7.136642200000,112.145351400000,0,0,0,0,Pagi/6 hari,,2022/2023-2,898,1,0,0,0,0,0,1,0,0,0,0,0,0,0,0,0,0,0,0,0,0,0,0,0,0,0,2013,Lainnya (Wavelan)
Jawa Timur,Kab. Bojonegoro,Baureno,https://sekolah.data.kemdikbud.go.id/index.php/Chome/profil/F83B83B6-3E49-47B6-8AAC-41F666367ADB,https://referensi.data.kemdikbud.go.id/pendidikan/npsn/69800042,KB TUMBUH KEMBANG,69800042,JL.MASJID BAITURRAHMAN 2,PUCANGARUM,KEC. BAURENO,KAB. BOJONEGORO,PROV. JAWA TIMUR,SWASTA,KB,"Kementerian Pendidikan, Kebudayaan, Riset, dan Teknologi",,,,,800/5650/412.40/2012,,Silakan Upload SK,,Belum Terakreditasi,0,1. -,2. -,PLN,,,kbtumbuhkembangpucang@gmail.com,,-7.078892600000,112.078113800000,1,0,0,0,Pagi/6 hari,,2022/2023-2,450,1,0,0,0,0,0,0,1,1,0,0,0,0,1,0,1,0,0,1,0,0,0,0,0,0,1,2013,Tidak Ada
Jawa Timur,Kab. Bojonegoro,Baureno,https://sekolah.data.kemdikbud.go.id/index.php/Chome/profil/65BB9C1D-2415-4440-9B82-066901EC1158,https://referensi.data.kemdikbud.go.id/pendidikan/npsn/69800167,KB TUNAS MANTAB,69800167,JL.RAYA BAYEMAN,GAJAH,KEC. BAURENO,KAB. BOJONEGORO,PROV. JAWA TIMUR,SWASTA,KB,"Kementerian Pendidikan, Kebudayaan, Riset, dan Teknologi",Yayasan MAJLIS BURDAH AL BUSHIRI,AK1194,,,421.9/201.PAUD/412.40/VI/,,Silakan Upload SK,,,90,1. Telkom Speedy,2. Telkom Speedy,PLN,,,kbtunasmantab515@gmail.com,,-7.118753200000,112.146514900000,1,0,0,0,Pagi/6 hari,,2022/2023-2,900,2,0,0,1,0,0,2,0,1,0,0,0,0,1,0,0,1,1,0,0,0,0,0,0,0,1,2013,Telkom Speedy
Jawa Timur,Kab. Bojonegoro,Baureno,https://sekolah.data.kemdikbud.go.id/index.php/Chome/profil/648096FA-9C60-46D3-908B-CAF75305718B,https://referensi.data.kemdikbud.go.id/pendidikan/npsn/69800047,KB. TUNAS BANGSA,69800047,Jl. Masjid Baiturrohman Dsn. Butoh,TULUNGAGUNG,KEC. BAURENO,KAB. BOJONEGORO,PROV. JAWA TIMUR,SWASTA,KB,"Kementerian Pendidikan, Kebudayaan, Riset, dan Teknologi",Yayasan PKK KASIH IBU DESA TULUNGAGUNG,AK1209,"421,9/49,PAUD/421,42/2008",04-04-2008,800/322/412.40/2016,15-01-2016,Silakan Upload SK (link file tidak valid) => [381421-174336--],2020-09-30 08,B,150,1. Telkom Speedy,2. Smartfren,PLN,,,kbtunasbangsabutoh08@gmail.com,,-7.129830000000,112.126607000000,1,0,0,0,Pagi/6 hari,,2022/2023-2,448,2,0,0,1,0,0,2,0,1,0,0,0,0,1,0,1,0,0,1,0,0,0,0,0,0,1,2013,Telkom Speedy
Jawa Timur,Kab. Bojonegoro,Baureno,https://sekolah.data.kemdikbud.go.id/index.php/Chome/profil/9D2B7708-C1A6-4F1B-950E-BD6BD6D5B409,https://referensi.data.kemdikbud.go.id/pendidikan/npsn/69933154,KELOMPOK BERMAIN AISYIYAH,69933154,JL. Pasar hewan Rt. 05 Rw. 03,PASINAN,KEC. BAURENO,KAB. BOJONEGORO,PROV. JAWA TIMUR,SWASTA,KB,"Kementerian Pendidikan, Kebudayaan, Riset, dan Teknologi",Yayasan Pimpinan Daerah Muhammadiyah (PDM) Kab. Bojonegoro,AO5442,800/220/412.40/2016,12-01-2016,800/220/412.40/2016,12-01-2016,Lihat SK Operasional,2016-02-03 14,Belum Terakreditasi,900,1. Telkom Speedy,2. Telkom Speedy,PLN,,,aisyiyahpasinan@yahoo.com,,-7.129129500000,112.095645300000,3,0,0,0,Sore/6 hari,,2022/2023-2,"1,200",2,0,0,2,1,0,3,0,3,0,0,0,0,3,0,1,2,1,0,2,0,0,0,0,0,3,2013,Telkom Speedy
Jawa Timur,Kab. Bojonegoro,Baureno,https://sekolah.data.kemdikbud.go.id/index.php/Chome/profil/2C3A2CE5-4690-4197-B5CE-9D7664E4643E,https://referensi.data.kemdikbud.go.id/pendidikan/npsn/69918966,KELOMPOK BERMAIN TUNAS BANGSA,69918966,DS SEMBUNGLOR,SEMBUNGLOR,KEC. BAURENO,KAB. BOJONEGORO,PROV. JAWA TIMUR,SWASTA,KB,"Kementerian Pendidikan, Kebudayaan, Riset, dan Teknologi",Yayasan Pimpinan Daerah Muhammadiyah (PDM) Kab. Bojonegoro,AO5442,421.9/92.PAUD/412.42/III/2009,10-03-2009,800/2997/412.40/2016,13-04-2016,Lihat SK Operasional,2016-05-20 13,Belum Terakreditasi,0,1. -,2. Indosat IM3,PLN,,,kbtunasbangsa59@gmail.com,,-7.120105200000,112.056118400000,2,0,0,0,Pagi/6 hari,,2022/2023-2,450,1,0,0,0,0,0,2,0,2,0,0,0,0,2,0,1,1,0,1,0,1,0,0,0,0,2,2013,Tidak Ada
Jawa Timur,Kab. Bojonegoro,Baureno,https://sekolah.data.kemdikbud.go.id/index.php/Chome/profil/C70D98B6-602C-4F31-888F-556163CAA6CC,https://referensi.data.kemdikbud.go.id/pendidikan/npsn/69801377,POS PAUD AISYIYAH I,69801377,Dsn. Mantup Rt 15 Rw 05,DRAJAT,KEC. BAURENO,KAB. BOJONEGORO,PROV. JAWA TIMUR,SWASTA,SPS,"Kementerian Pendidikan, Kebudayaan, Riset, dan Teknologi",Lainnya,AO5442,421.9/73.PAUD/412.42/2007,09-08-2007,800/2339/412.40/2016,21-03-2016,Silakan Upload SK (link file tidak valid) => [591944-784677--],2022-02-15 20,Belum Terakreditasi,120,1. -,2. -,PLN,,,pospaudaisyiyahmantup@gmail.com,,-7.152501500000,112.049186500000,2,0,0,0,Pagi/6 hari,,2022/2023-2,450,2,0,0,0,0,0,2,0,2,0,0,0,0,2,0,0,2,1,0,0,1,0,0,0,0,2,2013,Tidak Ada
Jawa Timur,Kab. Bojonegoro,Baureno,https://sekolah.data.kemdikbud.go.id/index.php/Chome/profil/27F61203-BC30-4805-A486-D750A4A78999,https://referensi.data.kemdikbud.go.id/pendidikan/npsn/69801434,POS PAUD AISYIYAH II,69801434,JL. RA KARTINI RT 08 RW 02,DRAJAT,KEC. BAURENO,KAB. BOJONEGORO,PROV. JAWA TIMUR,SWASTA,SPS,"Kementerian Pendidikan, Kebudayaan, Riset, dan Teknologi",Lainnya,AO5442,,,421.9/75.PAU/412.42/III/2,,Silakan Upload SK,,Belum Terakreditasi,150,1. -,2. -,PLN,,,ppaisyiyah2drajat@gmail.com,,-7.152597300000,112.049551300000,2,0,0,0,Pagi/6 hari,,2022/2023-2,900,2,0,0,1,0,0,3,0,2,0,0,0,0,2,0,0,2,0,0,0,1,1,0,0,0,2,2013,Tidak Ada
Jawa Timur,Kab. Bojonegoro,Baureno,https://sekolah.data.kemdikbud.go.id/index.php/Chome/profil/FEA09C3D-BBEF-4D4F-8518-627B8B032BE0,https://referensi.data.kemdikbud.go.id/pendidikan/npsn/69801363,POS PAUD AL HIDAYAH,69801363,BANJARAN,BANJARAN,KEC. BAURENO,KAB. BOJONEGORO,PROV. JAWA TIMUR,SWASTA,SPS,"Kementerian Pendidikan, Kebudayaan, Riset, dan Teknologi",Lainnya,AK1154,,,421.9/38.PAUD/412.40/I/20,,Silakan Upload SK,,Belum Terakreditasi,0,1. -,2. -,PLN,,,ppalhidayahbanjaran@gmail.com,,-7.135704000000,112.076876900000,2,0,0,0,Pagi/6 hari,,2022/2023-2,900,2,0,0,0,0,0,3,0,2,0,0,0,0,2,1,0,1,0,0,2,0,0,0,0,0,2,2013,Tidak Ada
Jawa Timur,Kab. Bojonegoro,Baureno,https://sekolah.data.kemdikbud.go.id/index.php/Chome/profil/CCF2252E-AE09-44C2-BD3B-2735A5B6D868,https://referensi.data.kemdikbud.go.id/pendidikan/npsn/69801335,POS PAUD AMANAH,69801335,KADUNGREJO,KADUNGREJO,KEC. BAURENO,KAB. BOJONEGORO,PROV. JAWA TIMUR,SWASTA,SPS,"Kementerian Pendidikan, Kebudayaan, Riset, dan Teknologi",YAYASAN KUSUMA BANGSA DESA KADUNGREJO,AK1175,,,421.9/69.PAU/412.40/I/201,,Silakan Upload SK,,Belum Terakreditasi,63,1. -,2. -,PLN,,,pospaudamanah15@gmail.com,,-7.095926600000,112.098299800000,1,0,0,0,Pagi/6 hari,,2022/2023-2,900,1,0,0,0,0,0,0,1,1,0,0,0,0,1,0,0,1,0,0,1,0,0,0,0,0,1,2013,Tidak Ada
Jawa Timur,Kab. Bojonegoro,Baureno,https://sekolah.data.kemdikbud.go.id/index.php/Chome/profil/2CCA8A02-ED52-4050-B81D-07341EC6C155,https://referensi.data.kemdikbud.go.id/pendidikan/npsn/69801406,POS PAUD ANGGREK,69801406,DS. SEMBUNGLOR RT. 01 RW. 01,SEMBUNGLOR,KEC. BAURENO,KAB. BOJONEGORO,PROV. JAWA TIMUR,SWASTA,SPS,"Kementerian Pendidikan, Kebudayaan, Riset, dan Teknologi",Yayasan Pimpinan Daerah Muhammadiyah (PDM) Kab. Bojonegoro,AO5442,800/4060/412.40/2012,20-06-2012,"800/1094.07/412,201/2018",14-05-2018,Lihat SK Operasional,2021-09-16 06,Belum Terakreditasi,90,1. -,2. -,PLN,,,pospaudanggrek09@gmail.com,,-7.119125800000,112.057169900000,1,0,0,0,Pagi/6 hari,,2022/2023-2,450,1,0,0,0,0,0,1,1,1,0,0,0,0,1,0,0,1,0,0,0,0,1,0,0,0,1,2013,Tidak Ada
Jawa Timur,Kab. Bojonegoro,Baureno,https://sekolah.data.kemdikbud.go.id/index.php/Chome/profil/7D0391E6-9E17-4819-82F8-5CB89BFC669E,https://referensi.data.kemdikbud.go.id/pendidikan/npsn/69801506,POS PAUD ANGGREK I,69801506,JL. RAYA BAURENO BOJONEGORO,TROJALU,KEC. BAURENO,KAB. BOJONEGORO,PROV. JAWA TIMUR,SWASTA,SPS,"Kementerian Pendidikan, Kebudayaan, Riset, dan Teknologi",Lainnya,,,,412.9/198.PAUD/412.40/V/2,,Silakan Upload SK,,Belum Terakreditasi,0,1. Lainnya (Serat Optik),2. Telkom Speedy,PLN,,,,,-7.128118900000,112.114593300000,1,0,0,0,Pagi/6 hari,,2022/2023-2,"1,200",3,0,0,1,0,0,2,0,1,0,0,0,0,1,0,0,1,0,0,1,0,0,0,0,0,1,2013,Lainnya (Serat Optik)
Jawa Timur,Kab. Bojonegoro,Baureno,https://sekolah.data.kemdikbud.go.id/index.php/Chome/profil/620C13F0-0927-4BF7-AEF1-1AAEE71E22AC,https://referensi.data.kemdikbud.go.id/pendidikan/npsn/69801331,POS PAUD AT THOYYIBAH,69801331,BANJARAN,BANJARAN,KEC. BAURENO,KAB. BOJONEGORO,PROV. JAWA TIMUR,SWASTA,SPS,"Kementerian Pendidikan, Kebudayaan, Riset, dan Teknologi",Lainnya,AK1196,,,421.9/113.PAUD/412.40/II/,,Silakan Upload SK,,Belum Terakreditasi,64,1. -,2. -,PLN,,,ppatthoyyibahbanjaran@gmail.com,,-7.130120500000,112.070828600000,0,0,0,0,Pagi/6 hari,,2022/2023-2,900,1,0,0,0,0,0,1,0,0,0,0,0,0,0,0,0,0,0,0,0,0,0,0,0,0,0,2013,Tidak Ada
Jawa Timur,Kab. Bojonegoro,Baureno,https://sekolah.data.kemdikbud.go.id/index.php/Chome/profil/E6DA463F-17BF-425D-9C4E-F89F87157548,https://referensi.data.kemdikbud.go.id/pendidikan/npsn/69801360,POS PAUD BERLIAN,69801360,BAURENO,BAURENO,KEC. BAURENO,KAB. BOJONEGORO,PROV. JAWA TIMUR,SWASTA,SPS,"Kementerian Pendidikan, Kebudayaan, Riset, dan Teknologi",Lainnya,,,,412.9/197.PAUD/412.40/V/2,,Silakan Upload SK,,Belum Terakreditasi,680,1. Smartfren,2. Telkomsel Flash,PLN,,,nanacantik222333@gmail.com,,-5.443757000000,114.421127000000,1,0,0,0,Pagi/6 hari,,2022/2023-2,"1,300",1,0,0,0,0,0,2,0,1,0,0,0,0,1,0,0,1,0,0,0,0,1,0,0,0,1,2013,Smartfren
Jawa Timur,Kab. Bojonegoro,Baureno,https://sekolah.data.kemdikbud.go.id/index.php/Chome/profil/1DA4F50E-83A0-4E6A-A1A6-050D53CF6640,https://referensi.data.kemdikbud.go.id/pendidikan/npsn/69801288,POS PAUD BUGENFIL,69801288,Rt.12 Rw. 6 Ds. Trojalu,TROJALU,KEC. BAURENO,KAB. BOJONEGORO,PROV. JAWA TIMUR,SWASTA,SPS,"Kementerian Pendidikan, Kebudayaan, Riset, dan Teknologi",Yayasan TP PKK DESA TROJALU,AK1169,800/4284/412.40/2013,25-06-2013,800/2985/412.40/2016,13-04-2016,Lihat SK Operasional,2018-02-27 07,,80,1. -,2. -,PLN,,,bugenfilpp@gmail.com,,-7.120929000000,112.110565000000,1,0,0,0,Pagi/6 hari,,2022/2023-2,900,2,0,0,1,0,0,2,0,1,0,0,0,0,1,0,0,1,0,1,0,0,0,0,0,0,1,2013,Tidak Ada
Jawa Timur,Kab. Bojonegoro,Baureno,https://sekolah.data.kemdikbud.go.id/index.php/Chome/profil/6538F455-DD14-4D0D-8AC5-2840E048F3C5,https://referensi.data.kemdikbud.go.id/pendidikan/npsn/69801454,POS PAUD BUNGA BANGSA,69801454,JL. MOJO SIJI DSN. BAKALAN RT 01 RW 09,SRATUREJO,KEC. BAURENO,KAB. BOJONEGORO,PROV. JAWA TIMUR,SWASTA,SPS,"Kementerian Pendidikan, Kebudayaan, Riset, dan Teknologi",Lainnya,,,,421.9/114.PAUD/412.40/IV/,,Silakan Upload SK,,Belum Terakreditasi,60,1. -,2. -,PLN,,,ppbungabangsasraturejo@gmail.com,,-7.147880900000,112.090962200000,1,0,0,0,Pagi/6 hari,,2022/2023-2,900,2,0,0,0,0,0,1,0,1,0,0,0,0,1,1,0,0,0,0,0,1,0,0,0,0,1,2013,Tidak Ada
Jawa Timur,Kab. Bojonegoro,Baureno,https://sekolah.data.kemdikbud.go.id/index.php/Chome/profil/7CDBB577-9310-4A9F-B38B-55CBEB5567A8,https://referensi.data.kemdikbud.go.id/pendidikan/npsn/69801442,POS PAUD BUNGA BANGSA,69801442,RT.11 RW. 05 Desa Pomahan Kecamatan BAureno,POMAHAN,KEC. BAURENO,KAB. BOJONEGORO,PROV. JAWA TIMUR,SWASTA,SPS,"Kementerian Pendidikan, Kebudayaan, Riset, dan Teknologi",,,,01-01-1900,421.9/202.PAUD/412.40/IV/,01-01-1900,Silakan Upload SK (link file tidak valid) => [574900-420101--],2022-01-24 16,,0,1. -,2. -,PLN,,,ppbungabangsa631@gmail.com,,-5.443757000000,114.421127000000,2,0,0,0,Pagi/6 hari,,2022/2023-2,450,2,0,0,1,0,0,0,2,2,0,0,0,0,2,0,0,2,0,0,0,1,0,0,1,0,2,2013,Tidak Ada
Jawa Timur,Kab. Bojonegoro,Baureno,https://sekolah.data.kemdikbud.go.id/index.php/Chome/profil/271CFBE5-BF9C-4FD1-859B-411D83E222E9,https://referensi.data.kemdikbud.go.id/pendidikan/npsn/69801328,POS PAUD BUNGA KAMULYAN,69801328,TANGGUNGAN,TANGGUNGAN,KEC. BAURENO,KAB. BOJONEGORO,PROV. JAWA TIMUR,SWASTA,SPS,"Kementerian Pendidikan, Kebudayaan, Riset, dan Teknologi",Yayasan TP. PKK DESA TANGGUNGAN,AK1195,,,800/3497/412.40/V/2012,,Silakan Upload SK,,,192,1. -,2. -,PLN,,,ppbungakamulyan38@gmail.com,,-5.443757000000,114.421127000000,1,0,0,0,Pagi/6 hari,,2022/2023-2,450,2,0,0,0,0,0,1,0,1,0,0,0,0,1,0,0,1,1,0,0,0,0,0,0,0,1,2013,Tidak Ada
Jawa Timur,Kab. Bojonegoro,Baureno,https://sekolah.data.kemdikbud.go.id/index.php/Chome/profil/5D437710-2DF1-4C56-9276-E37FF8ED69C6,https://referensi.data.kemdikbud.go.id/pendidikan/npsn/69801369,POS PAUD GAJAH,69801369,RT 02 RW 05,GAJAH,KEC. BAURENO,KAB. BOJONEGORO,PROV. JAWA TIMUR,SWASTA,SPS,"Kementerian Pendidikan, Kebudayaan, Riset, dan Teknologi",Yayasan PKK DESA GAJAH,AK1180,,,800/4478/412.40/2012,,Silakan Upload SK,,,0,1. Lainnya (Wavelan),2. -,PLN,,,pospaudgajah@gmail.com,,-7.121554600000,112.159678600000,0,0,0,0,Pagi/6 hari,,2022/2023-2,900,2,0,0,0,0,0,1,0,0,0,0,0,0,0,0,0,0,0,0,0,0,0,0,0,0,0,2013,Lainnya (Wavelan)
Jawa Timur,Kab. Bojonegoro,Baureno,https://sekolah.data.kemdikbud.go.id/index.php/Chome/profil/D2684FA4-021C-43D4-A7DB-4C020D0D5989,https://referensi.data.kemdikbud.go.id/pendidikan/npsn/69801274,POS PAUD HARAPAN BUNDA,69801274,TULUNGAGUNG RT 06 RW 01,TULUNGAGUNG,KEC. BAURENO,KAB. BOJONEGORO,PROV. JAWA TIMUR,SWASTA,SPS,"Kementerian Pendidikan, Kebudayaan, Riset, dan Teknologi",Yayasan PKK KASIH IBU DESA TULUNGAGUNG,AK1209,412.9/199.PAUD/412.40/V/2009,26-05-2011,800/334/412.40/2016,15-01-2016,Silakan Upload SK (link file tidak valid) => [381426-164178--],2020-09-30 08,Belum Terakreditasi,40,1. Telkom Speedy,2. Smartfren,PLN,,,ppharapanbunda76@gmail.com,,-7.129837000000,112.126582000000,1,0,0,0,Pagi/6 hari,,2022/2023-2,450,2,0,0,1,0,0,2,0,1,0,0,0,0,1,0,0,1,0,1,0,0,0,0,0,0,1,2013,Telkom Speedy
Jawa Timur,Kab. Bojonegoro,Baureno,https://sekolah.data.kemdikbud.go.id/index.php/Chome/profil/51718009-3482-4CEF-8F89-F8E6025301BE,https://referensi.data.kemdikbud.go.id/pendidikan/npsn/69801449,POS PAUD KAMBOJA,69801449,JL PENDIDIKAN NO 246,SELOREJO,KEC. BAURENO,KAB. BOJONEGORO,PROV. JAWA TIMUR,SWASTA,SPS,"Kementerian Pendidikan, Kebudayaan, Riset, dan Teknologi",Yayasan PKK DESA SELOREJO,AK1165,,,421.9/155.PAUD/412.40/IV/,,Silakan Upload SK,,B,0,1. -,2. -,PLN,,,paudkambojaselorejo@gmail.com,,-7.136178300000,112.140571100000,3,0,0,0,Pagi/6 hari,,2022/2023-2,900,3,0,0,1,0,0,3,0,3,0,0,0,0,3,0,2,1,0,1,1,0,1,0,0,0,3,2013,Tidak Ada
Jawa Timur,Kab. Bojonegoro,Baureno,https://sekolah.data.kemdikbud.go.id/index.php/Chome/profil/CCA7F905-5827-4E80-A013-43D08F5D8911,https://referensi.data.kemdikbud.go.id/pendidikan/npsn/69801471,POS PAUD KARAN,69801471,RT 21 RW 05,GUNUNGSARI,KEC. BAURENO,KAB. BOJONEGORO,PROV. JAWA TIMUR,SWASTA,SPS,"Kementerian Pendidikan, Kebudayaan, Riset, dan Teknologi",Lainnya,AK1158,,,800/4058/412.40/2012,,Silakan Upload SK,,B,200,1. -,2. -,PLN,,,pospaudkaran@gmail.com,,-7.124728200000,112.145594800000,1,0,0,0,Pagi/6 hari,,2022/2023-2,450,2,0,0,1,0,0,2,0,1,0,0,0,0,1,0,1,0,0,0,1,0,0,0,0,0,1,2013,Tidak Ada
Jawa Timur,Kab. Bojonegoro,Baureno,https://sekolah.data.kemdikbud.go.id/index.php/Chome/profil/801476CF-E007-421D-8C2C-826CC0007727,https://referensi.data.kemdikbud.go.id/pendidikan/npsn/69801459,POS PAUD KASIH BUNDA,69801459,JL. RAYA NGEMPLAK RT 07 RW 03,NGEMPLAK,KEC. BAURENO,KAB. BOJONEGORO,PROV. JAWA TIMUR,SWASTA,SPS,"Kementerian Pendidikan, Kebudayaan, Riset, dan Teknologi",Lainnya,,421.9/236.PAUD/412.40/V/2010,14-05-2010,421.9/236.PAUD/412.40/V/2,10-08-2017,Lihat SK Operasional,2023-01-01 07,Belum Terakreditasi,0,1. -,2. -,PLN,,,,,-7.155636700000,112.061833000000,1,0,0,0,Pagi/6 hari,,2022/2023-2,450,2,0,0,1,0,0,1,0,1,0,0,0,0,1,0,1,0,0,1,0,0,0,0,0,0,1,2013,Tidak Ada
Jawa Timur,Kab. Bojonegoro,Baureno,https://sekolah.data.kemdikbud.go.id/index.php/Chome/profil/39C8148F-9618-442F-8C35-D19147163043,https://referensi.data.kemdikbud.go.id/pendidikan/npsn/69916914,POS PAUD MAWAR,69916914,Desa Tlogoagung,TLOGOAGUNG,KEC. BAURENO,KAB. BOJONEGORO,PROV. JAWA TIMUR,SWASTA,SPS,"Kementerian Pendidikan, Kebudayaan, Riset, dan Teknologi",Yayasan PKK DESA TLOGOAGUNG,AK1203,800/20424/412.40/2014,06-12-2014,800/20424/412.40/2014,06-12-2014,Lihat SK Operasional,2015-11-04 14,,0,1. Lainnya (Wavelan),2. -,PLN,,,ppmawar0@gmail.com,,-7.136545300000,112.145389100000,0,0,0,0,Pagi/6 hari,,2022/2023-2,898,1,0,0,1,0,0,1,0,0,0,0,0,0,0,0,0,0,0,0,0,0,0,0,0,0,0,2013,Lainnya (Wavelan)
Jawa Timur,Kab. Bojonegoro,Baureno,https://sekolah.data.kemdikbud.go.id/index.php/Chome/profil/B3DBDCA9-6FFC-4DDD-9C15-ECAF27B24250,https://referensi.data.kemdikbud.go.id/pendidikan/npsn/69801424,POS PAUD MAWAR NGGOWOK,69801424,LEBAKSARI DSN. NGGOWOK RT. 11 / RW.05,LEBAKSARI,KEC. BAURENO,KAB. BOJONEGORO,PROV. JAWA TIMUR,SWASTA,SPS,"Kementerian Pendidikan, Kebudayaan, Riset, dan Teknologi",,,,,"800/971/412,40/2013",,Silakan Upload SK,,,108,1. -,2. -,PLN,,,pp.mawarnggowok@gmail.com,,-7.105829000000,112.118478000000,0,0,0,0,Sehari Penuh/5 hari,,2022/2023-2,450,2,0,0,1,0,0,1,0,0,0,0,0,0,0,0,0,0,0,0,0,0,0,0,0,0,0,2013,Tidak Ada
Jawa Timur,Kab. Bojonegoro,Baureno,https://sekolah.data.kemdikbud.go.id/index.php/Chome/profil/D17EF9E2-0F13-41B4-9F12-EB40616DE848,https://referensi.data.kemdikbud.go.id/pendidikan/npsn/69801409,POS PAUD MELATI,69801409,LEBAKSARI MRANTEN,LEBAKSARI,KEC. BAURENO,KAB. BOJONEGORO,PROV. JAWA TIMUR,SWASTA,SPS,"Kementerian Pendidikan, Kebudayaan, Riset, dan Teknologi",,,,,421.9/31.PAUD/412.40/I/20,,Silakan Upload SK,,,35,1. -,2. -,PLN,,,melatilebaksari@gmail.com,,-7.102333000000,112.116758000000,1,0,0,0,Pagi/6 hari,,2022/2023-2,900,2,0,0,0,0,0,2,0,1,0,0,0,0,1,0,1,0,1,0,0,0,0,0,0,0,1,2013,Tidak Ada
Jawa Timur,Kab. Bojonegoro,Baureno,https://sekolah.data.kemdikbud.go.id/index.php/Chome/profil/947A03DA-6686-469F-B880-E934D3685C26,https://referensi.data.kemdikbud.go.id/pendidikan/npsn/69801473,POS PAUD MELATI,69801473,KAUMAN,KAUMAN,KEC. BAURENO,KAB. BOJONEGORO,PROV. JAWA TIMUR,SWASTA,SPS,"Kementerian Pendidikan, Kebudayaan, Riset, dan Teknologi",,,,,421.9/84.PAUD/412/II/2010,,Silakan Upload SK,,Belum Terakreditasi,42,1. Telkom Speedy,2. Indosat IM3,PLN,,,melatikauman@gmail.com,,-5.443757000000,114.421127000000,3,0,0,0,Pagi/6 hari,,2022/2023-2,"1,350",4,0,0,0,0,0,4,0,3,0,0,0,0,3,0,0,3,0,0,1,1,1,0,0,0,3,2013,Telkom Speedy
Jawa Timur,Kab. Bojonegoro,Baureno,https://sekolah.data.kemdikbud.go.id/index.php/Chome/profil/129EF5DD-F9CA-41D2-B791-270786BA6020,https://referensi.data.kemdikbud.go.id/pendidikan/npsn/69801254,POS PAUD MELATI II,69801254,MANDEK,KADUNGREJO,KEC. BAURENO,KAB. BOJONEGORO,PROV. JAWA TIMUR,SWASTA,SPS,"Kementerian Pendidikan, Kebudayaan, Riset, dan Teknologi",,,,,01/PCA/POSPAUD/2009,,Silakan Upload SK,,Belum Terakreditasi,0,1. -,2. -,PLN,,,pospaudmelatianyar2020@gmail.com,,-7.096044300000,112.112619900000,1,0,0,0,Pagi/6 hari,,2022/2023-2,450,2,0,0,0,0,0,1,0,1,0,0,0,0,1,0,0,1,0,0,1,0,0,0,0,0,1,2013,Tidak Ada
Jawa Timur,Kab. Bojonegoro,Baureno,https://sekolah.data.kemdikbud.go.id/index.php/Chome/profil/D695B04B-EB6E-45A4-BFF2-4DD57DD67899,https://referensi.data.kemdikbud.go.id/pendidikan/npsn/69801446,POS PAUD MERPATI,69801446,KARANGDAYU,KARANGDAYU,KEC. BAURENO,KAB. BOJONEGORO,PROV. JAWA TIMUR,SWASTA,SPS,"Kementerian Pendidikan, Kebudayaan, Riset, dan Teknologi",,,,,421.9/203.PAUD/412.40/V/2,,Silakan Upload SK,,,300,1. Lainnya,2. -,PLN,,,ppmerpati2009@gmail.com,,-7.114435300000,112.074989900000,1,0,0,0,Pagi/6 hari,,2022/2023-2,450,2,0,0,1,0,0,2,0,1,0,0,0,0,1,1,0,0,1,0,0,0,0,0,0,0,1,2013,Lainnya
Jawa Timur,Kab. Bojonegoro,Baureno,https://sekolah.data.kemdikbud.go.id/index.php/Chome/profil/989025F7-9F04-49E8-9626-8C9DC73613ED,https://referensi.data.kemdikbud.go.id/pendidikan/npsn/69801435,POS PAUD PERMATA HATI,69801435,SUMURAGUNG,SUMURAGUNG,KEC. BAURENO,KAB. BOJONEGORO,PROV. JAWA TIMUR,SWASTA,SPS,"Kementerian Pendidikan, Kebudayaan, Riset, dan Teknologi",Lainnya,,,,421.9/274.PAUD/412.40/VI/,,Silakan Upload SK,,Belum Terakreditasi,36,1. -,2. -,PLN,,,arumdea@yahoo.com,,-7.174033500000,111.998251900000,2,0,0,0,Pagi/6 hari,,2022/2023-2,900,2,0,0,1,0,0,2,0,2,0,0,0,0,2,0,1,1,0,1,0,1,0,0,0,0,2,2013,Tidak Ada
Jawa Timur,Kab. Bojonegoro,Baureno,https://sekolah.data.kemdikbud.go.id/index.php/Chome/profil/9EF893D2-D5D7-457C-9788-D44C2C9C21C3,https://referensi.data.kemdikbud.go.id/pendidikan/npsn/69801354,POS PAUD PRAJAMUKTI,69801354,BUMIAYU,BUMIAYU,KEC. BAURENO,KAB. BOJONEGORO,PROV. JAWA TIMUR,SWASTA,SPS,"Kementerian Pendidikan, Kebudayaan, Riset, dan Teknologi",Yayasan Pendidikan Pemberdayaan Kesejahteraan Keluarga Prajamukti,AK1191,,,412.9/219.PAUD/412.40/VI/,,Silakan Upload SK,,B,60,1. -,2. XL (GSM),PLN,,,pospaudprajamukti2009@gmail.com,,-5.443757000000,114.421127000000,3,0,0,0,Pagi/6 hari,,2022/2023-2,450,1,0,0,1,0,0,3,0,3,0,0,0,0,3,0,0,3,2,0,0,0,0,0,1,0,3,2013,Tidak Ada
Jawa Timur,Kab. Bojonegoro,Baureno,https://sekolah.data.kemdikbud.go.id/index.php/Chome/profil/63274CCF-6C18-402A-8BAE-5F61123C8BD5,https://referensi.data.kemdikbud.go.id/pendidikan/npsn/69801358,POS PAUD PUTRA BANGSA,69801358,DSN. NGRAKAS RT 01 RW 08,SRATUREJO,KEC. BAURENO,KAB. BOJONEGORO,PROV. JAWA TIMUR,SWASTA,SPS,"Kementerian Pendidikan, Kebudayaan, Riset, dan Teknologi",Lainnya,AK1177,,,421.9/237.PAUD/412.40/V/2,,Silakan Upload SK,,Belum Terakreditasi,81,1. -,2. -,PLN,,,ppputrabangsasraturejo@gmail.com,,-7.138945900000,112.091654300000,1,0,0,0,Pagi/6 hari,,2022/2023-2,900,2,0,0,0,0,0,2,0,1,0,0,0,0,1,0,0,1,0,0,0,0,1,0,0,0,1,2013,Tidak Ada
Jawa Timur,Kab. Bojonegoro,Baureno,https://sekolah.data.kemdikbud.go.id/index.php/Chome/profil/DC9F7DEF-4CB1-4593-8850-56953690E9D9,https://referensi.data.kemdikbud.go.id/pendidikan/npsn/69801247,POS PAUD RAJAWALI,69801247,JL. RAYA KANOR,PASINAN,KEC. BAURENO,KAB. BOJONEGORO,PROV. JAWA TIMUR,SWASTA,SPS,"Kementerian Pendidikan, Kebudayaan, Riset, dan Teknologi",Yayasan TP PKK DESA PASINAN,AK1211,,,421.9/209.PAUD/412.42/200,,Silakan Upload SK,,,160,1. -,2. -,PLN & Diesel,,,pospaudrajawali@gmail.com,,-7.123644000000,112.096773000000,3,0,0,0,Sehari Penuh/3 hari,,2022/2023-2,900,2,0,0,1,0,0,3,0,3,0,0,0,0,3,0,3,0,0,0,1,2,0,0,0,0,3,2013,Tidak Ada
Jawa Timur,Kab. Bojonegoro,Baureno,https://sekolah.data.kemdikbud.go.id/index.php/Chome/profil/2010CCCD-6A88-4C80-AE6D-0118376CD05E,https://referensi.data.kemdikbud.go.id/pendidikan/npsn/69801269,POS PAUD SAQINA,69801269,BLONGSONG,BLONGSONG,KEC. BAURENO,KAB. BOJONEGORO,PROV. JAWA TIMUR,SWASTA,SPS,"Kementerian Pendidikan, Kebudayaan, Riset, dan Teknologi",,,,,421.9/09.PAUD/412.42/II/2,,Silakan Upload SK,,,150,1. -,2. -,PLN,,,saqinablongsong@gmail.com,,-7.136813000000,112.096682000000,3,0,0,0,Sehari Penuh/3 hari,,2022/2023-2,"1,300",2,0,0,0,0,0,2,1,3,0,0,0,0,3,0,2,1,1,1,1,0,0,0,0,0,3,2013,Tidak Ada
Jawa Timur,Kab. Bojonegoro,Baureno,https://sekolah.data.kemdikbud.go.id/index.php/Chome/profil/BEE15F42-6A5C-4C78-A737-F4C78B906836,https://referensi.data.kemdikbud.go.id/pendidikan/npsn/69916917,POS PAUD TUNAS HARAPAN,69916917,Desa Kalisari,KALISARI,KEC. BAURENO,KAB. BOJONEGORO,PROV. JAWA TIMUR,SWASTA,SPS,"Kementerian Pendidikan, Kebudayaan, Riset, dan Teknologi",Yayasan PKK DESA KALISARI,AK1212,800/7493/412.40/2013,18-11-2013,800/7493/412.40/2013,18-11-2013,Lihat SK Operasional,2015-11-04 14,,0,1. Smartfren,2. Telkom Speedy,PLN,,,tunasharapankalisari@gmail.com,,-7.110975000000,112.148824000000,1,0,0,0,Siang/6 hari,,2022/2023-2,900,2,0,0,1,0,0,1,1,1,0,0,0,0,1,0,0,1,1,0,0,0,0,0,0,0,1,2013,Smartfren
Jawa Timur,Kab. Bojonegoro,Baureno,https://sekolah.data.kemdikbud.go.id/index.php/Chome/profil/CDE94796-E7CC-4289-9488-051360F23E7D,https://referensi.data.kemdikbud.go.id/pendidikan/npsn/69801245,PP AL IRSYAD,69801245,RANDAP,PUCANGARUM,KEC. BAURENO,KAB. BOJONEGORO,PROV. JAWA TIMUR,SWASTA,SPS,"Kementerian Pendidikan, Kebudayaan, Riset, dan Teknologi",Yayasan POS PAUD AL-IRSYAD,AK1182,,,800/3558.B/412.40/2012,,Silakan Upload SK,,,64,1. -,2. -,PLN,,,pospaudalirsyadpucangarum@gmail.com,,-7.079047000000,112.078128100000,1,0,0,0,Pagi/6 hari,,2022/2023-2,1,2,0,0,0,0,0,0,1,1,0,0,0,0,1,0,0,1,1,0,0,0,0,0,0,0,1,2013,Tidak Ada
Jawa Timur,Kab. Bojonegoro,Baureno,https://sekolah.data.kemdikbud.go.id/index.php/Chome/profil/77C4C9C5-25C9-4EE7-8F3C-946464636A2C,https://referensi.data.kemdikbud.go.id/pendidikan/npsn/69754437,RA AL-AZHAR,69754437,JL. PENDIDIKAN NO.246,BAURENO,KEC. BAURENO,KAB. BOJONEGORO,PROV. JAWA TIMUR,SWASTA,RA,Kementerian Agama,,,,,,,Silakan Upload SK,,,0,,2.,,,,,,-7.295138000000,112.285138000000,0,0,0,0,,,2022/2023-2,,0,0,0,0,0,0,0,0,0,0,0,0,0,0,0,0,0,0,0,0,0,0,0,0,,,,
Jawa Timur,Kab. Bojonegoro,Baureno,https://sekolah.data.kemdikbud.go.id/index.php/Chome/profil/9AA0DE02-AA2C-4877-891B-BEADABEF17F1,https://referensi.data.kemdikbud.go.id/pendidikan/npsn/69977630,RA BAITUL MUTTAQIN SIMO,69977630,RT14/RW04 DUSUN SIMO,SUMURAGUNG,KEC. BAURENO,KAB. BOJONEGORO,PROV. JAWA TIMUR,SWASTA,RA,Kementerian Agama,,,6106 TAHUN 2016,11-10-2016,6106 TAHUN 2016,11-10-2016,Silakan Upload SK (link file tidak valid) => [-],2018-06-03 10,,0,,2.,,,,,,-7.143454900000,112.150493100000,0,0,0,0,,,2022/2023-2,,0,0,0,0,0,0,0,0,0,0,0,0,0,0,0,0,0,0,0,0,0,0,0,0,,,,
Jawa Timur,Kab. Bojonegoro,Baureno,https://sekolah.data.kemdikbud.go.id/index.php/Chome/profil/C1B2CCE1-CC27-4304-B0B5-4E8A3B416C25,https://referensi.data.kemdikbud.go.id/pendidikan/npsn/69754438,RA Darul Ulum Blongsong,69754438,Jl. Masjid Rahmatullah No.272,DRAJAT,KEC. BAURENO,KAB. BOJONEGORO,PROV. JAWA TIMUR,SWASTA,RA,Kementerian Agama,Lainnya,,,,,,Silakan Upload SK,,,0,,2.,,,,,,-7.142053800000,112.095863200000,0,0,0,0,,,2022/2023-2,,0,0,0,0,0,0,0,0,0,0,0,0,0,0,0,0,0,0,0,0,0,0,0,0,,,,
Jawa Timur,Kab. Bojonegoro,Baureno,https://sekolah.data.kemdikbud.go.id/index.php/Chome/profil/EBBDD1E9-242A-4929-8EC1-534662C4BD55,https://referensi.data.kemdikbud.go.id/pendidikan/npsn/70034514,RA FARADISAL JANNAH,70034514,Jalan Gunungsigit RT/RW 023/006,GUNUNGSARI,KEC. BAURENO,KAB. BOJONEGORO,PROV. JAWA TIMUR,SWASTA,RA,Kementerian Agama,,,,,268 TAHUN 2022,21-02-2022,Silakan Upload SK (link file tidak valid) => [239629-627158-https,2022-10-17 13,,0,,2.,,,,,,.000000000000,.000000000000,0,0,0,0,,,2022/2023-2,,0,0,0,0,0,0,0,0,0,0,0,0,0,0,0,0,0,0,0,0,0,0,0,0,,,,
Jawa Timur,Kab. Bojonegoro,Baureno,https://sekolah.data.kemdikbud.go.id/index.php/Chome/profil/C41400B7-AE6E-48C0-927D-DCEC1DCFE9BF,https://referensi.data.kemdikbud.go.id/pendidikan/npsn/69752858,RA MADINATUL ULUM,69752858,JL. KANOR NO.626 KM.01 PASINAN,PASINAN,KEC. BAURENO,KAB. BOJONEGORO,PROV. JAWA TIMUR,SWASTA,RA,Kementerian Agama,,,Mm.20/05.00/PP.00.4/1620/2001,10-10-2001,Kd.13.22/4/PP.03.2/541/2010,18-03-2010,Lihat SK Operasional,2016-02-12 07,,0,,2.,,,,,,-7.121495000000,112.088683000000,0,0,0,0,,,2022/2023-2,,0,0,0,0,0,0,0,0,0,0,0,0,0,0,0,0,0,0,0,0,0,0,0,0,,,,
Jawa Timur,Kab. Bojonegoro,Baureno,https://sekolah.data.kemdikbud.go.id/index.php/Chome/profil/A23F2ABA-13C0-4E5A-B1EE-0DD82E1A472E,https://referensi.data.kemdikbud.go.id/pendidikan/npsn/69977628,RA MIFTAHUL ULUM,69977628,JL. MASJID BAITURRAHMAN 01,PUCANGARUM,KEC. BAURENO,KAB. BOJONEGORO,PROV. JAWA TIMUR,SWASTA,RA,Kementerian Agama,,,6006 TAHUN 2017,09-04-2017,6006 TAHUN 2017,09-04-2017,Silakan Upload SK (link file tidak valid) => [-],2018-06-03 10,,0,,2.,,,,,,-7.078964900000,112.078724200000,0,0,0,0,,,2022/2023-2,,0,0,0,0,0,0,0,0,0,0,0,0,0,0,0,0,0,0,0,0,0,0,0,0,,,,
Jawa Timur,Kab. Bojonegoro,Baureno,https://sekolah.data.kemdikbud.go.id/index.php/Chome/profil/F1D5C6D5-2A38-4B26-8187-A975B8EA332D,https://referensi.data.kemdikbud.go.id/pendidikan/npsn/69753627,RA NURUL UMMAH 01,69753627,JL. GAJAH BOLONG RT.07 RW.04,KAUMAN,KEC. BAURENO,KAB. BOJONEGORO,PROV. JAWA TIMUR,SWASTA,RA,Kementerian Agama,,,W.m.06.02/2.974/Ket./1992,27-11-1990,RA/22.0140/2017,04-09-2017,Lihat SK Operasional,2020-01-14 17,,0,,2.,,,,,,-7.135300000000,112.096600000000,0,0,0,0,,,2022/2023-2,,0,0,0,0,0,0,0,0,0,0,0,0,0,0,0,0,0,0,0,0,0,0,0,0,,,,
Jawa Timur,Kab. Bojonegoro,Baureno,https://sekolah.data.kemdikbud.go.id/index.php/Chome/profil/3F22F73A-ABCE-4F64-BCE2-54BF28821C25,https://referensi.data.kemdikbud.go.id/pendidikan/npsn/69887655,RA. Khusnul Qulub,69887655,Parengan Lebaksari,BANJARANYAR,KEC. BAURENO,KAB. BOJONEGORO,PROV. JAWA TIMUR,SWASTA,RA,Kementerian Agama,Lainnya,,6090 TAHUN 2017,04-09-2017,6090 TAHUN 2017,04-09-2017,Silakan Upload SK,,,0,,2.,,,,,,-7.094026000000,112.118050000000,0,0,0,0,,,2022/2023-2,,0,0,0,0,0,0,0,0,0,0,0,0,0,0,0,0,0,0,0,0,0,0,0,0,,,,
Jawa Timur,Kab. Bojonegoro,Baureno,https://sekolah.data.kemdikbud.go.id/index.php/Chome/profil/0038226E-AA31-4B8A-89DE-48466AC2F473,https://referensi.data.kemdikbud.go.id/pendidikan/npsn/69885247,RA. Tanwirul Qulub,69885247,Jl. Masjid Jami,LEBAKSARI,KEC. BAURENO,KAB. BOJONEGORO,PROV. JAWA TIMUR,SWASTA,RA,Kementerian Agama,Lainnya,,,,,,Silakan Upload SK,,,0,,2.,,,,,,-7.104848000000,112.285139000000,0,0,0,0,,,2022/2023-2,,0,0,0,0,0,0,0,0,0,0,0,0,0,0,0,0,0,0,0,0,0,0,0,0,,,,
Jawa Timur,Kab. Bojonegoro,Baureno,https://sekolah.data.kemdikbud.go.id/index.php/Chome/profil/FE023E4F-0EE6-40CC-8338-B1A6CB3FAF59,https://referensi.data.kemdikbud.go.id/pendidikan/npsn/69747481,RA/BA/TA AL FALAH,69747481,JL. MADRASAH NO.1 Kadungrejo Baureno Bojonegoro,KADUNGREJO,KEC. BAURENO,KAB. BOJONEGORO,PROV. JAWA TIMUR,SWASTA,RA,Kementerian Agama,YAYASAN PENDIDIKAN MIFTAHUL HUDA,AK1215,W.m.06.02/404/Ket/1987,14-09-1987,Kd..13.22/4/PP.03.2/541.RA.143/2010,18-03-2010,Lihat SK Operasional,2017-03-12 11,,0,,2.,,,,,,-7.089530000000,112.093119000000,0,0,0,0,,,2022/2023-2,,0,0,0,0,0,0,0,0,0,0,0,0,0,0,0,0,0,0,0,0,0,0,0,0,,,,
Jawa Timur,Kab. Bojonegoro,Baureno,https://sekolah.data.kemdikbud.go.id/index.php/Chome/profil/B6FC7234-C019-4949-8367-875F4AFFBFFB,https://referensi.data.kemdikbud.go.id/pendidikan/npsn/69747482,RA/BA/TA AL IKHLAS,69747482,JL MASJID AL-IKHLAS NO.640 SRATUREJO BAURENO,SRATUREJO,KEC. BAURENO,KAB. BOJONEGORO,PROV. JAWA TIMUR,SWASTA,RA,Kementerian Agama,,,D/Kd.13.22/RA/0036/2004,02-11-2004,Kd.13.22/4/PP.03.2/541.RA.155/2010,18-03-2015,Lihat SK Operasional,2017-03-13 11,,0,,2.,,,,,,-7.139900000000,112.091600000000,0,0,0,0,,,2022/2023-2,,0,0,0,0,0,0,0,0,0,0,0,0,0,0,0,0,0,0,0,0,0,0,0,0,,,,
Jawa Timur,Kab. Bojonegoro,Baureno,https://sekolah.data.kemdikbud.go.id/index.php/Chome/profil/5833B256-996B-4B6D-B5E4-31CA6B6404FF,https://referensi.data.kemdikbud.go.id/pendidikan/npsn/69747476,RA/BA/TA AN-NAFI`AH,69747476,JL MASJID BAITURRAHMAN NO 4 BANJARAN,BANJARAN,KEC. BAURENO,KAB. BOJONEGORO,PROV. JAWA TIMUR,SWASTA,RA,Kementerian Agama,,,W.m.06.02/412/Ket./1984,14-09-1984,Kd.13.22/4/PP.03.2/541.RA.39/2010,18-03-2010,Lihat SK Operasional,2017-03-16 13,,0,,2.,,,,,,-7.130398700000,112.285039000000,0,0,0,0,,,2022/2023-2,,0,0,0,0,0,0,0,0,0,0,0,0,0,0,0,0,0,0,0,0,0,0,0,0,,,,
Jawa Timur,Kab. Bojonegoro,Baureno,https://sekolah.data.kemdikbud.go.id/index.php/Chome/profil/1D148440-5702-4A6F-9246-E7E0BFDD7592,https://referensi.data.kemdikbud.go.id/pendidikan/npsn/69747477,RA/BA/TA BA AISYIYAH,69747477,KOMPLEK MASJID AL MUAWAWANAH NO.457 GUNUNGSARI BAURENO BOJONEGORO,GUNUNGSARI,KEC. BAURENO,KAB. BOJONEGORO,PROV. JAWA TIMUR,SWASTA,RA,Kementerian Agama,Yayasan Pimpinan Daerah Muhammadiyah (PDM) Kab. Bojonegoro,AO5442,W.m06.02/4/6/Ket.1984,14-09-1984,Kd.13.22/4/PP.03.2/541/2010,18-03-2010,Lihat SK Operasional,2017-03-13 08,,0,,2.,,,,,,-7.127250000000,112.140278000000,0,0,0,0,,,2022/2023-2,,0,0,0,0,0,0,0,0,0,0,0,0,0,0,0,0,0,0,0,0,0,0,0,0,,,,
Jawa Timur,Kab. Bojonegoro,Baureno,https://sekolah.data.kemdikbud.go.id/index.php/Chome/profil/A1B7CEA7-2947-4D24-86F9-22D1B3A94890,https://referensi.data.kemdikbud.go.id/pendidikan/npsn/69747483,RA/BA/TA DARUL ULUM PASINAN,69747483,JL. MASJID NO.12 PASINAN BAURENO,PASINAN,KEC. BAURENO,KAB. BOJONEGORO,PROV. JAWA TIMUR,SWASTA,RA,Kementerian Agama,,,W.m06.02/425/ket/1984,14-09-1984,Kd.13.22/4.PP/03.2/541/2010,18-03-2010,Lihat SK Operasional,2016-08-29 09,,0,,2.,,,,,,-7.124600000000,112.098300000000,0,0,0,0,,,2022/2023-2,,0,0,0,0,0,0,0,0,0,0,0,0,0,0,0,0,0,0,0,0,0,0,0,0,,,,
Jawa Timur,Kab. Bojonegoro,Baureno,https://sekolah.data.kemdikbud.go.id/index.php/Chome/profil/46F9295E-F410-4B8C-9F59-D91E67741276,https://referensi.data.kemdikbud.go.id/pendidikan/npsn/69747478,RA/BA/TA MABDAUSSHOLAH POMAHAN,69747478,JL.SOSROBAHU RT 12 RW 06 POMAHAN BAURENO BOJONEGORO,POMAHAN,KEC. BAURENO,KAB. BOJONEGORO,PROV. JAWA TIMUR,SWASTA,RA,Kementerian Agama,,,W.m.06.02/411/Ket./1984,14-09-1984,Kd.13.22/4/PP.03.2/541/2010,18-03-2010,Silakan Upload SK (link file tidak valid) => [61926-897631-297997-107071834-2002905456.PDF],2016-02-04 06,,0,,2.,,,,,,-7.114500000000,112.068700000000,0,0,0,0,,,2022/2023-2,,0,0,0,0,0,0,0,0,0,0,0,0,0,0,0,0,0,0,0,0,0,0,0,0,,,,
Jawa Timur,Kab. Bojonegoro,Baureno,https://sekolah.data.kemdikbud.go.id/index.php/Chome/profil/8F757FC6-1616-4BE5-B0B4-121B17F46394,https://referensi.data.kemdikbud.go.id/pendidikan/npsn/69747480,RA/BA/TA MIFTAHUL HIDAYAH,69747480,"RT.002/RW.001,DESA SUMURAGUNG",SUMURAGUNG,KEC. BAURENO,KAB. BOJONEGORO,PROV. JAWA TIMUR,SWASTA,RA,Kementerian Agama,,,Kd.13.22./4/PP.03.2/541/2010,18-03-2010,-Mm.20/05.00.4/61/2003,14-01-2003,Lihat SK Operasional,2016-02-09 04,,0,,2.,,,,,,-7.136980700000,112.160366000000,0,0,0,0,,,2022/2023-2,,0,0,0,0,0,0,0,0,0,0,0,0,0,0,0,0,0,0,0,0,0,0,0,0,,,,
Jawa Timur,Kab. Bojonegoro,Baureno,https://sekolah.data.kemdikbud.go.id/index.php/Chome/profil/0DDE78BE-27FA-430C-8CFC-0B660CA010CC,https://referensi.data.kemdikbud.go.id/pendidikan/npsn/69747485,RA/BA/TA MIFTAHUL HUDA,69747485,BUMIAYU BAURENO BOJONEGORO,BUMIAYU,KEC. BAURENO,KAB. BOJONEGORO,PROV. JAWA TIMUR,SWASTA,RA,Kementerian Agama,,,W.m.06.02/479/Ket./1984,05-10-1984,Kd.13.22/1/pp.01.1/672.20/2009,17-03-2009,Lihat SK Operasional,2016-08-22 08,,0,,2.,,,,,,-7.119029000000,112.126557000000,0,0,0,0,,,2022/2023-2,,0,0,0,0,0,0,0,0,0,0,0,0,0,0,0,0,0,0,0,0,0,0,0,0,,,,
Jawa Timur,Kab. Bojonegoro,Baureno,https://sekolah.data.kemdikbud.go.id/index.php/Chome/profil/43B2838A-BFAD-4A7D-A61E-A22E07B33345,https://referensi.data.kemdikbud.go.id/pendidikan/npsn/69747486,RA/BA/TA MUSLIMAT GUNUNGSARI,69747486,JALAN RAYA NO. 16 GUNUNGSARI,BANJARANYAR,KEC. BAURENO,KAB. BOJONEGORO,PROV. JAWA TIMUR,SWASTA,RA,Kementerian Agama,,,W.m. 06.02/418./Ket./1984,14-09-1984,Kd.13.22/4/PP.03.2/541/2010,18-03-2010,Lihat SK Operasional,2016-08-29 14,,0,,2.,,,,,,-7.124500000000,112.144800000000,0,0,0,0,,,2022/2023-2,,0,0,0,0,0,0,0,0,0,0,0,0,0,0,0,0,0,0,0,0,0,0,0,0,,,,
Jawa Timur,Kab. Bojonegoro,Baureno,https://sekolah.data.kemdikbud.go.id/index.php/Chome/profil/7D1B3E1C-3B52-4675-B1C9-AEB1B095A311,https://referensi.data.kemdikbud.go.id/pendidikan/npsn/69747487,RA/BA/TA NURUL ULUM,69747487,JL. TLAGA JAYA MANDIRI RT. 22 RW. 08 DUSUN WIRE,NGEMPLAK,KEC. BAURENO,KAB. BOJONEGORO,PROV. JAWA TIMUR,SWASTA,RA,Kementerian Agama,,,KD.13.22/4/PP.00.4/338/2004,04-03-2004,kd.13.22/4/PP.03.2/541/2010,18-03-2010,Lihat SK Operasional,2016-03-07 07,,0,,2.,,,,,,-7.150359000000,112.072541000000,0,0,0,0,,,2022/2023-2,,0,0,0,0,0,0,0,0,0,0,0,0,0,0,0,0,0,0,0,0,0,0,0,0,,,,
Jawa Timur,Kab. Bojonegoro,Baureno,https://sekolah.data.kemdikbud.go.id/index.php/Chome/profil/88958852-AC0B-4D43-AF79-82E9BABB45B7,https://referensi.data.kemdikbud.go.id/pendidikan/npsn/69747479,RA/BA/TA NURUL UMMAH,69747479,JALAN RAJAWALI DESA NGEMPLAK BAURENO,NGEMPLAK,KEC. BAURENO,KAB. BOJONEGORO,PROV. JAWA TIMUR,SWASTA,RA,Kementerian Agama,,,W.m.06.02/403/Ket./1984,14-09-1984,Kd.13.22/4/PP.03.2/541/2010,18-03-2010,Lihat SK Operasional,2016-02-09 04,,0,,2.,,,,,,-7.151810000000,112.063445000000,0,0,0,0,,,2022/2023-2,,0,0,0,0,0,0,0,0,0,0,0,0,0,0,0,0,0,0,0,0,0,0,0,0,,,,
Jawa Timur,Kab. Bojonegoro,Baureno,https://sekolah.data.kemdikbud.go.id/index.php/Chome/profil/AC5D244B-653E-4E9B-9B75-3754875BC975,https://referensi.data.kemdikbud.go.id/pendidikan/npsn/69747490,RA/BA/TA RAHMATULLAH TULUNGAGUNG,69747490,JL. PGA NO. 17 A,TULUNGAGUNG,KEC. BAURENO,KAB. BOJONEGORO,PROV. JAWA TIMUR,SWASTA,RA,Kementerian Agama,,,W.m.06.02/424/Ket./1984,14-09-1984,Kd.13.22/4/PP.03.2/541/2010,18-03-2015,Lihat SK Operasional,2016-02-04 10,,0,,2.,,,,,,-7.128019000000,112.116666000000,0,0,0,0,,,2022/2023-2,,0,0,0,0,0,0,0,0,0,0,0,0,0,0,0,0,0,0,0,0,0,0,0,0,,,,
Jawa Timur,Kab. Bojonegoro,Baureno,https://sekolah.data.kemdikbud.go.id/index.php/Chome/profil/225F6B51-54B7-4235-9763-DA0FD55ED980,https://referensi.data.kemdikbud.go.id/pendidikan/npsn/69747489,RA/BA/TA TANWIRIYAH,69747489,DESA KALISARI KEC. BAURENO KAB. BOJONEGORO,KALISARI,KEC. BAURENO,KAB. BOJONEGORO,PROV. JAWA TIMUR,SWASTA,RA,Kementerian Agama,,,W.m.06.02/405/Ket./1984,14-09-1984,Kd.13.22/4/PP.03.2/541.MI.35/2010,18-03-2010,Lihat SK Operasional,2017-03-16 13,,0,,2.,,,,,,-7.295035000000,112.285035000000,0,0,0,0,,,2022/2023-2,,0,0,0,0,0,0,0,0,0,0,0,0,0,0,0,0,0,0,0,0,0,0,0,0,,,,
Jawa Timur,Kab. Bojonegoro,Baureno,https://sekolah.data.kemdikbud.go.id/index.php/Chome/profil/8546243A-EC00-4B3F-B43A-842B52929FFC,https://referensi.data.kemdikbud.go.id/pendidikan/npsn/69800635,TK ABA DRAJAT,69800635,R.A KARTINI,DRAJAT,KEC. BAURENO,KAB. BOJONEGORO,PROV. JAWA TIMUR,SWASTA,TK,"Kementerian Pendidikan, Kebudayaan, Riset, dan Teknologi",Yayasan Pimpinan Daerah Muhammadiyah (PDM) Kab. Bojonegoro,AO5442,,01-01-1900,"188/039/Kep/421,42/2007",01-01-1900,Silakan Upload SK (link file tidak valid) => [628781-722054--],2022-05-27 09,,900,1. Smartfren,2. Smartfren,PLN & Diesel,0353332219,,icalway123@gmail.com,,-7.147285000000,112.050612000000,1,0,0,0,Sore/6 hari,,2022/2023-2,0,2,0,0,1,0,0,2,0,0,0,1,0,0,1,0,0,1,0,0,0,0,0,1,0,0,1,2013,Smartfren
Jawa Timur,Kab. Bojonegoro,Baureno,https://sekolah.data.kemdikbud.go.id/index.php/Chome/profil/1A81F37B-1D40-4BD5-9F50-7A954C86EFCB,https://referensi.data.kemdikbud.go.id/pendidikan/npsn/69800782,TK AL FALAH GAJAH,69800782,MASJID NO.01 SUMURALAS,GAJAH,KEC. BAURENO,KAB. BOJONEGORO,PROV. JAWA TIMUR,SWASTA,TK,"Kementerian Pendidikan, Kebudayaan, Riset, dan Teknologi",Yayasan YPI AL FALAH,AK1205,,,"188/1385/Kep/421,42/2007",,Silakan Upload SK,,,136,1. Indosat IM3,2. -,PLN,,,mualifah2812@gmail.com,,-7.117400000000,112.163200000000,1,0,0,0,Pagi/6 hari,,2022/2023-2,450,2,0,0,2,0,0,2,0,1,0,0,0,0,1,0,0,1,0,0,1,0,0,0,0,0,1,2013,Indosat IM3
Jawa Timur,Kab. Bojonegoro,Baureno,https://sekolah.data.kemdikbud.go.id/index.php/Chome/profil/CF26A1F0-E113-437A-B795-F248EB28FA5E,https://referensi.data.kemdikbud.go.id/pendidikan/npsn/69800543,TK DHARMA WANITA,69800543,Rt. 3 Rw. 2,SEMBUNGLOR,KEC. BAURENO,KAB. BOJONEGORO,PROV. JAWA TIMUR,SWASTA,TK,"Kementerian Pendidikan, Kebudayaan, Riset, dan Teknologi",,,800/2307/412.201/2019,24-07-2019,800/2307/412.201/2019,24-07-2019,Lihat SK Operasional,2021-11-24 07,B,0,1. -,2. Lainnya,PLN,,,tk.dharmawanita.sembunglor@gmail.com,http,-7.117842000000,112.057543000000,1,0,0,0,Pagi/6 hari,,2022/2023-2,0,2,0,0,1,0,0,2,0,1,0,0,0,2,-1,0,1,0,0,0,0,1,0,0,0,0,1,2013,Tidak Ada
Jawa Timur,Kab. Bojonegoro,Baureno,https://sekolah.data.kemdikbud.go.id/index.php/Chome/profil/0630FDCD-9D5F-4826-B52D-365D8EFE874B,https://referensi.data.kemdikbud.go.id/pendidikan/npsn/69800573,TK DHARMA WANITA 1 GUNUNGSARI,69800573,DUSUN KEDUNGREJO,GUNUNGSARI,KEC. BAURENO,KAB. BOJONEGORO,PROV. JAWA TIMUR,SWASTA,TK,"Kementerian Pendidikan, Kebudayaan, Riset, dan Teknologi",,,033/YYS/Dh.W/Bng/SK/II/1992,01-02-1992,907/I04.13/I/96,20-03-1996,Lihat SK Operasional,2021-06-12 17,C,0,1. Telkomsel Flash,2. Indosat IM3,PLN,,,tkdharmawanita1gunungsari@gmail.com,,-5.429231000000,114.424238000000,2,0,0,0,Pagi/6 hari,,2022/2023-2,450,2,0,0,0,1,0,0,1,1,0,0,1,0,2,0,2,0,0,1,0,0,0,0,1,0,2,2013,Telkomsel Flash
Jawa Timur,Kab. Bojonegoro,Baureno,https://sekolah.data.kemdikbud.go.id/index.php/Chome/profil/23DEFB3E-7F4F-4D3F-934C-6C82763AE3AB,https://referensi.data.kemdikbud.go.id/pendidikan/npsn/69800803,TK DHARMA WANITA BANJARAN,69800803,"Dusun Banggle, Rt. 18, Rw. 05",BANJARAN,KEC. BAURENO,KAB. BOJONEGORO,PROV. JAWA TIMUR,SWASTA,TK,"Kementerian Pendidikan, Kebudayaan, Riset, dan Teknologi",,,044/YYS/Dh. W/Bng/SK/II/1992,01-02-1992,907/10413/1/96,20-03-1996,Lihat SK Operasional,2021-08-17 22,B,0,1. Indosat IM3,2. Indosat IM3,PLN,,,tkdhwbanjaran@gmail.com,,-7.134700000000,112.079100000000,1,0,0,0,Pagi/6 hari,,2022/2023-2,900,2,0,0,0,0,0,2,0,0,0,1,0,0,1,0,1,0,0,0,0,1,0,0,0,0,1,2013,Indosat IM3
Jawa Timur,Kab. Bojonegoro,Baureno,https://sekolah.data.kemdikbud.go.id/index.php/Chome/profil/0222C2D0-940D-46ED-B97D-834846482355,https://referensi.data.kemdikbud.go.id/pendidikan/npsn/69800817,TK DHARMA WANITA BLONGSONG,69800817,AHMAD YANI,BLONGSONG,KEC. BAURENO,KAB. BOJONEGORO,PROV. JAWA TIMUR,SWASTA,TK,"Kementerian Pendidikan, Kebudayaan, Riset, dan Teknologi",,,,,"188/1372/KEP/412,42/2007",,Silakan Upload SK,,Belum Terakreditasi,0,1. -,2. -,PLN,,,tkdharmawanitablongsong@gmail.com,,-7.136700000000,112.096800000000,1,0,0,0,Pagi/6 hari,,2022/2023-2,450,2,0,0,1,1,0,1,0,0,0,0,1,0,1,0,1,0,0,0,0,0,0,1,0,0,1,2013,Tidak Ada
Jawa Timur,Kab. Bojonegoro,Baureno,https://sekolah.data.kemdikbud.go.id/index.php/Chome/profil/E5BCB38D-D889-48C6-BEB3-B83808E0B446,https://referensi.data.kemdikbud.go.id/pendidikan/npsn/69800852,TK DHARMA WANITA DRAJAT,69800852,Ds. Drajat,DRAJAT,KEC. BAURENO,KAB. BOJONEGORO,PROV. JAWA TIMUR,SWASTA,TK,"Kementerian Pendidikan, Kebudayaan, Riset, dan Teknologi",,,"907/104,13/I/96",20-03-1996,"907/104,13/I/96",20-03-1996,Lihat SK Operasional,2017-11-08 14,Belum Terakreditasi,0,1. Telkomsel Flash,2. Telkomsel Flash,PLN,,,tkdwdrajat01@gmail.com,,-7.152646300000,112.049532200000,1,0,0,0,Pagi/6 hari,,2022/2023-2,450,2,0,0,0,1,0,1,0,0,0,1,0,0,1,0,1,0,0,0,0,0,0,1,0,0,1,2013,Telkomsel Flash
Jawa Timur,Kab. Bojonegoro,Baureno,https://sekolah.data.kemdikbud.go.id/index.php/Chome/profil/9AAED014-4834-4B73-9612-9E21CA5A0242,https://referensi.data.kemdikbud.go.id/pendidikan/npsn/69800730,TK DHARMA WANITA I BANJARANYAR,69800730,SOEKARNO-HATTA,BANJARANYAR,KEC. BAURENO,KAB. BOJONEGORO,PROV. JAWA TIMUR,SWASTA,TK,"Kementerian Pendidikan, Kebudayaan, Riset, dan Teknologi",,,907/I04.13/3/96,20-03-1996,907/I04.13/3/96,20-03-1996,Lihat SK Operasional,2016-06-18 11,Belum Terakreditasi,128,1. Smartfren,2. -,PLN,,,tkdhwbanjaranyar@gmail.com,,-7.150886000000,112.058272000000,1,0,0,0,Pagi/6 hari,,2022/2023-2,900,2,0,0,0,0,0,2,0,1,0,0,0,2,-1,0,1,0,0,1,0,0,0,0,0,0,1,2013,Smartfren
Jawa Timur,Kab. Bojonegoro,Baureno,https://sekolah.data.kemdikbud.go.id/index.php/Chome/profil/7D67B46F-5519-4417-9211-4D9C70D6FBC6,https://referensi.data.kemdikbud.go.id/pendidikan/npsn/69800517,TK DHARMA WANITA I BAURENO,69800517,DUKUH MONGKRONG,BAURENO,KEC. BAURENO,KAB. BOJONEGORO,PROV. JAWA TIMUR,SWASTA,TK,"Kementerian Pendidikan, Kebudayaan, Riset, dan Teknologi",,,,,907/I04.13/I/96,,Silakan Upload SK,,,70,1. Telkomsel Flash,2. Telkomsel Flash,PLN,,,tkdhwbaurenoI@gmail.com,,-7.125736000000,112.105345000000,0,0,0,0,Pagi/6 hari,,2022/2023-2,450,2,0,0,0,0,0,1,0,0,0,0,0,0,0,0,0,0,0,0,0,0,0,0,0,0,0,2013,Telkomsel Flash
Jawa Timur,Kab. Bojonegoro,Baureno,https://sekolah.data.kemdikbud.go.id/index.php/Chome/profil/9F1847AF-C98D-4ED7-9F4E-7FEC8C540D91,https://referensi.data.kemdikbud.go.id/pendidikan/npsn/69800539,TK DHARMA WANITA I GAJAH,69800539,Rt.02 Rw.03,GAJAH,KEC. BAURENO,KAB. BOJONEGORO,PROV. JAWA TIMUR,SWASTA,TK,"Kementerian Pendidikan, Kebudayaan, Riset, dan Teknologi",,,188/1376/Kep/421.42/2007,05-04-2007,188/1376/Kep/421.42/2007,05-04-2007,Lihat SK Operasional,2019-02-08 14,Belum Terakreditasi,0,1. -,2. Lainnya (Wavelan),Menumpang,,,tkdhwgajah01@gmail.com,,-7.114265000000,112.168951000000,1,0,0,0,Pagi/6 hari,,2022/2023-2,"1,300",0,0,0,0,0,0,2,0,1,0,0,0,0,1,1,0,0,0,1,0,0,0,0,0,0,1,2013,Tidak Ada
Jawa Timur,Kab. Bojonegoro,Baureno,https://sekolah.data.kemdikbud.go.id/index.php/Chome/profil/F4105A77-ABC8-465E-B9AC-4A63F28A2840,https://referensi.data.kemdikbud.go.id/pendidikan/npsn/69800555,TK DHARMA WANITA I PUCANGARUM,69800555,DUKUH RANDAP,PUCANGARUM,KEC. BAURENO,KAB. BOJONEGORO,PROV. JAWA TIMUR,SWASTA,TK,"Kementerian Pendidikan, Kebudayaan, Riset, dan Teknologi",,,,,"188/1382/Kep/421,42/2/200",,Silakan Upload SK,,Belum Terakreditasi,0,1. Indosat IM3,2. Indosat IM3,PLN,,,tkdhw01pucang@gmail.com,,-7.078881200000,112.078079600000,1,0,0,0,Pagi/6 hari,,2022/2023-2,450,2,0,0,1,0,0,2,0,0,0,1,0,0,1,0,1,0,0,0,0,1,0,0,0,0,1,2013,Indosat IM3
Jawa Timur,Kab. Bojonegoro,Baureno,https://sekolah.data.kemdikbud.go.id/index.php/Chome/profil/CA990697-1084-4249-8957-AA2C56E2E796,https://referensi.data.kemdikbud.go.id/pendidikan/npsn/69800568,TK DHARMA WANITA I SUMURAGUNG,69800568,POROS DESA SUMURAGUNG DUKUH SIMO,SUMURAGUNG,KEC. BAURENO,KAB. BOJONEGORO,PROV. JAWA TIMUR,SWASTA,TK,"Kementerian Pendidikan, Kebudayaan, Riset, dan Teknologi",,,,,"188/1382/Kep/421,42/2/200",,Silakan Upload SK,,Belum Terakreditasi,72,1. Indosat IM3,2. Telkom Speedy,PLN,,,tksumuragung1@gmail.com,,-7.143711000000,112.150819000000,1,0,0,0,Sehari Penuh/6 hari,,2022/2023-2,450,1,0,0,0,0,0,2,0,0,0,1,0,0,1,0,1,0,0,1,0,0,0,0,0,0,1,2013,Indosat IM3
Jawa Timur,Kab. Bojonegoro,Baureno,https://sekolah.data.kemdikbud.go.id/index.php/Chome/profil/5B136FA7-8154-473B-8E62-3409F191E1A0,https://referensi.data.kemdikbud.go.id/pendidikan/npsn/20568770,TK DHARMA WANITA II BANJARANYAR,20568770,Rt. 10 Rw. 04,BANJARANYAR,KEC. BAURENO,KAB. BOJONEGORO,PROV. JAWA TIMUR,SWASTA,TK,"Kementerian Pendidikan, Kebudayaan, Riset, dan Teknologi",,,800/2310/412.201/2019,24-07-2019,800/2310/412.201/2019,24-07-2019,Lihat SK Operasional,2019-07-30 12,Belum Terakreditasi,0,1. Indosat IM3,2. -,PLN,,,tkdhwbanjaranyar2@gmail.com,,-7.144749000000,112.063054000000,0,0,0,0,Pagi/6 hari,,2022/2023-2,450,2,0,0,0,0,0,1,0,0,0,0,0,0,0,0,0,0,0,0,0,0,0,0,0,0,0,2013,Indosat IM3
Jawa Timur,Kab. Bojonegoro,Baureno,https://sekolah.data.kemdikbud.go.id/index.php/Chome/profil/C2DFB6D1-A5A3-42D8-BC87-C4C339F69491,https://referensi.data.kemdikbud.go.id/pendidikan/npsn/69800601,TK DHARMA WANITA II BAURENO,69800601,AHMAD YANI PLUMBUNGAN,BAURENO,KEC. BAURENO,KAB. BOJONEGORO,PROV. JAWA TIMUR,SWASTA,TK,"Kementerian Pendidikan, Kebudayaan, Riset, dan Teknologi",,,,,"188/1384/Kep/421,42/2007",,Silakan Upload SK,,B,90,1. -,2. -,PLN,,,tkdhw2baureno@gmail.com,,-7.129600000000,112.104200000000,1,0,0,0,Double Shift/6 hari,,2022/2023-2,0,2,0,0,0,1,0,1,0,0,0,1,0,0,1,0,1,0,0,0,0,0,0,1,0,0,1,2013,Tidak Ada
Jawa Timur,Kab. Bojonegoro,Baureno,https://sekolah.data.kemdikbud.go.id/index.php/Chome/profil/0F7F2CB5-3BF8-44EA-A8B2-9977E3C865E5,https://referensi.data.kemdikbud.go.id/pendidikan/npsn/20568754,TK DHARMA WANITA II GAJAH,20568754,DS. GAJAH - BAURENO,GAJAH,KEC. BAURENO,KAB. BOJONEGORO,PROV. JAWA TIMUR,SWASTA,TK,"Kementerian Pendidikan, Kebudayaan, Riset, dan Teknologi",,,188/0393/Kep/421.42/2007,30-01-2007,-188/0393/Kep/421.42/2007,30-01-2007,Lihat SK Operasional,2023-03-24 13,B,0,1. Telkomsel Flash,2. Telkom Speedy,PLN,,,,,-7.122736500000,112.150202400000,1,0,0,0,Pagi/6 hari,,2022/2023-2,0,2,0,0,0,0,0,2,0,1,0,0,0,0,1,0,1,0,1,0,0,0,0,0,0,0,1,2013,Telkomsel Flash
Jawa Timur,Kab. Bojonegoro,Baureno,https://sekolah.data.kemdikbud.go.id/index.php/Chome/profil/DFB16B4A-A069-452D-8550-D656EA0CDE40,https://referensi.data.kemdikbud.go.id/pendidikan/npsn/69800649,TK DHARMA WANITA II GUNUNGSARI,69800649,RAYA NO.25,GUNUNGSARI,KEC. BAURENO,KAB. BOJONEGORO,PROV. JAWA TIMUR,SWASTA,TK,"Kementerian Pendidikan, Kebudayaan, Riset, dan Teknologi",,,,,"188/1379/Kep/421,42/2007",,Silakan Upload SK,,B,30,1. -,2. Telkom Speedy,PLN,,,tkdhw2gns@gmail.com,,-7.126021800000,112.143899200000,1,0,0,0,Pagi/6 hari,,2022/2023-2,"1,300",2,0,0,0,1,0,1,0,0,0,1,0,1,0,0,1,0,0,0,0,0,0,0,1,0,1,2013,Tidak Ada
Jawa Timur,Kab. Bojonegoro,Baureno,https://sekolah.data.kemdikbud.go.id/index.php/Chome/profil/7AA03688-F748-48D0-A9ED-82D1F73AF43A,https://referensi.data.kemdikbud.go.id/pendidikan/npsn/20568793,TK DHARMA WANITA II KARANGDAYU,20568793,DS. KARANGDAYU - BAURENO,KARANGDAYU,KEC. BAURENO,KAB. BOJONEGORO,PROV. JAWA TIMUR,SWASTA,TK,"Kementerian Pendidikan, Kebudayaan, Riset, dan Teknologi",,,188/021/Kep/412.40/2012,27-06-2012,188/021/Kep/412.40/2012,27-06-2012,Lihat SK Operasional,2017-11-08 15,,0,1. -,2. -,PLN,,,,,-7.119720500000,112.083089800000,1,0,0,0,Pagi/6 hari,,2022/2023-2,450,2,0,0,2,0,0,2,0,1,0,0,0,1,0,0,1,0,0,1,0,0,0,0,0,0,1,2013,Tidak Ada
Jawa Timur,Kab. Bojonegoro,Baureno,https://sekolah.data.kemdikbud.go.id/index.php/Chome/profil/6B0CD5B5-ECC7-437A-82ED-40CB44EA2F78,https://referensi.data.kemdikbud.go.id/pendidikan/npsn/69800670,TK DHARMA WANITA II PUCANGARUM,69800670,Jalan Poros desa,PUCANGARUM,KEC. BAURENO,KAB. BOJONEGORO,PROV. JAWA TIMUR,SWASTA,TK,"Kementerian Pendidikan, Kebudayaan, Riset, dan Teknologi",Pemerintah Pusat,,,01-01-1900,"188/1381/Kep/421,42/2007",01-01-1900,Silakan Upload SK (link file tidak valid) => [347911-943020--],2020-08-28 07,Belum Terakreditasi,160,1. Telkomsel Flash,2. Telkomsel Flash,PLN,,,tkdhwpucangarum02@gmail.com,,-7.126032500000,112.143909900000,1,0,0,0,Pagi/6 hari,,2022/2023-2,451,2,0,0,0,0,0,2,0,1,0,0,0,0,1,0,1,0,0,1,0,0,0,0,0,0,1,2013,Telkomsel Flash
Jawa Timur,Kab. Bojonegoro,Baureno,https://sekolah.data.kemdikbud.go.id/index.php/Chome/profil/EE170493-AD2E-4899-97DD-1035502ED72F,https://referensi.data.kemdikbud.go.id/pendidikan/npsn/69800733,TK DHARMA WANITA II SUMURAGUNG,69800733,Dsn. Sumuragung Rt. 06 Rw. 02,SUMURAGUNG,KEC. BAURENO,KAB. BOJONEGORO,PROV. JAWA TIMUR,SWASTA,TK,"Kementerian Pendidikan, Kebudayaan, Riset, dan Teknologi",Pemerintah Pusat,,10/YYS/DHW.SMRG/VII/2001,02-07-2001,188/1373/Kep/421.42/2007,05-04-2007,Lihat SK Operasional,2020-09-01 07,,0,1. -,2. Indosat IM3,PLN,,,tksumur2brn@gmail.com,,-7.134437000000,112.154969200000,0,0,0,0,Pagi/6 hari,,2022/2023-2,450,2,0,0,0,0,0,1,0,0,0,0,0,0,0,0,0,0,0,0,0,0,0,0,0,0,0,2013,Tidak Ada
Jawa Timur,Kab. Bojonegoro,Baureno,https://sekolah.data.kemdikbud.go.id/index.php/Chome/profil/D2B7738D-5CE6-4D3F-B006-BC020E6B0354,https://referensi.data.kemdikbud.go.id/pendidikan/npsn/69800713,TK DHARMA WANITA KALISARI,69800713,DUKUH MOJO PENCOL,KALISARI,KEC. BAURENO,KAB. BOJONEGORO,PROV. JAWA TIMUR,SWASTA,TK,"Kementerian Pendidikan, Kebudayaan, Riset, dan Teknologi",,,,,"188/1382/Kep/421,42/2/200",,Silakan Upload SK,,Belum Terakreditasi,0,1. -,2. -,PLN,,,tkdhwkalisari@gmail.com,,-7.107949500000,112.141238400000,1,0,0,0,Pagi/6 hari,,2022/2023-2,450,2,0,0,0,0,0,2,0,1,0,0,0,0,1,0,1,0,1,0,0,0,0,0,0,0,1,2013,Tidak Ada
Jawa Timur,Kab. Bojonegoro,Baureno,https://sekolah.data.kemdikbud.go.id/index.php/Chome/profil/8D0B3B73-DB9B-4EA3-896A-3D60AEFC6236,https://referensi.data.kemdikbud.go.id/pendidikan/npsn/20568795,TK DHARMA WANITA KAUMAN,20568795,Rt. 03 Rw. 01,KAUMAN,KEC. BAURENO,KAB. BOJONEGORO,PROV. JAWA TIMUR,SWASTA,TK,"Kementerian Pendidikan, Kebudayaan, Riset, dan Teknologi",,,800/2308/412.201/2019,24-07-2019,800/2308/412.201/2019,24-07-2019,Lihat SK Operasional,2019-07-30 12,Belum Terakreditasi,0,1. -,2. -,PLN,0,,tkdharmawanitakauman792@gmail.com,http,-7.121138800000,112.102422200000,1,0,0,0,Pagi/6 hari,,2022/2023-2,450,2,0,0,0,0,0,2,0,0,0,1,0,0,1,0,1,0,0,0,0,0,1,0,0,0,1,2013,Tidak Ada
Jawa Timur,Kab. Bojonegoro,Baureno,https://sekolah.data.kemdikbud.go.id/index.php/Chome/profil/EBE4A1CF-095C-45E1-A28A-EA19699FDF19,https://referensi.data.kemdikbud.go.id/pendidikan/npsn/69800728,TK DHARMA WANITA NGEMPLAK,69800728,"Dsn. Banteran, RT. 07/ Rw. 03",NGEMPLAK,KEC. BAURENO,KAB. BOJONEGORO,PROV. JAWA TIMUR,SWASTA,TK,"Kementerian Pendidikan, Kebudayaan, Riset, dan Teknologi",Pemerintah Pusat,,042/YYS/DHW.I/BNG/SK/II/1992,15-02-1992,907/10413/1/96,15-03-1996,Silakan Upload SK (link file tidak valid) => [330567-306293--],2020-08-24 20,Belum Terakreditasi,0,1. Indosat IM3,2. Smartfren,PLN,,,tkdhwngemplak@gmail.com,,-7.153101400000,112.061357600000,1,0,0,0,Pagi/6 hari,,2022/2023-2,"1,200",2,0,0,0,1,0,1,0,0,0,1,0,0,1,0,1,0,0,0,0,0,0,1,0,0,1,2013,Indosat IM3
Jawa Timur,Kab. Bojonegoro,Baureno,https://sekolah.data.kemdikbud.go.id/index.php/Chome/profil/95E98ACF-5B62-4853-9210-0E5544E647F7,https://referensi.data.kemdikbud.go.id/pendidikan/npsn/20568797,TK DHARMA WANITA PASINAN,20568797,JL.RAYA BAURENO NO.317,PASINAN,KEC. BAURENO,KAB. BOJONEGORO,PROV. JAWA TIMUR,SWASTA,TK,"Kementerian Pendidikan, Kebudayaan, Riset, dan Teknologi",,,,,,,Silakan Upload SK,,Belum Terakreditasi,0,1. -,2. -,PLN,,,,,-7.128154900000,112.095202400000,0,0,0,0,Pagi/6 hari,,2022/2023-2,450,2,0,0,2,0,0,1,0,0,0,0,0,0,0,0,0,0,0,0,0,0,0,0,0,0,0,2013,Tidak Ada
Jawa Timur,Kab. Bojonegoro,Baureno,https://sekolah.data.kemdikbud.go.id/index.php/Chome/profil/6BEC2271-D313-4D1F-8710-F40351C59B11,https://referensi.data.kemdikbud.go.id/pendidikan/npsn/69800810,TK DHARMA WANITA PERSATUAN,69800810,Rt. 07 Rw. 04,BLONGSONG,KEC. BAURENO,KAB. BOJONEGORO,PROV. JAWA TIMUR,SWASTA,TK,"Kementerian Pendidikan, Kebudayaan, Riset, dan Teknologi",Lainnya,,188/002/Kep/412.40/2014,13-06-2014,188/002/Kep/412.40/2014,13-06-2014,Lihat SK Operasional,2019-07-08 12,Belum Terakreditasi,0,1. -,2. Indosat IM3,PLN,,,tkdhwpersatuanblongsong@gmail.com,,-7.136487500000,112.096807400000,0,0,0,0,Pagi/6 hari,,2022/2023-2,450,2,0,0,1,0,0,1,0,0,0,0,0,0,0,0,0,0,0,0,0,0,0,0,0,0,0,2013,Tidak Ada
Jawa Timur,Kab. Bojonegoro,Baureno,https://sekolah.data.kemdikbud.go.id/index.php/Chome/profil/8E18F267-509A-49D3-AB2B-F22156A5FF31,https://referensi.data.kemdikbud.go.id/pendidikan/npsn/69800837,TK DHARMA WANITA PERSATUAN BUMIAYU,69800837,Rt.01 Rw.01,BUMIAYU,KEC. BAURENO,KAB. BOJONEGORO,PROV. JAWA TIMUR,SWASTA,TK,"Kementerian Pendidikan, Kebudayaan, Riset, dan Teknologi",,,188/024/Kep/412.40/2012,06-08-2012,188/024/Kep/412.40/2012,06-08-2012,Lihat SK Operasional,2019-02-08 13,C,54,1. Indosat IM3,2. Axis,PLN,,,tkdhwbumiayu@gmail.com,,-5.443757000000,114.421127000000,1,0,0,0,Pagi/6 hari,,2022/2023-2,900,2,0,0,1,0,0,2,0,1,0,0,0,1,0,0,1,0,0,0,1,0,0,0,0,0,1,2013,Indosat IM3
Jawa Timur,Kab. Bojonegoro,Baureno,https://sekolah.data.kemdikbud.go.id/index.php/Chome/profil/46D5A0C9-1EF9-4A58-99D5-7F909B142BFE,https://referensi.data.kemdikbud.go.id/pendidikan/npsn/69800787,TK DHARMA WANITA PERSATUAN II KADUNGREJO,69800787,Dusun mandek Rt. 14 Rw. 6 Desa Kadungrejo Kecamatan Baureno Kabupaten Bojonegoro,KADUNGREJO,KEC. BAURENO,KAB. BOJONEGORO,PROV. JAWA TIMUR,SWASTA,TK,"Kementerian Pendidikan, Kebudayaan, Riset, dan Teknologi",,,,01-01-1900,"188/010/Kep/412,40/2013",01-01-1900,Silakan Upload SK (link file tidak valid) => [362749-300833--],2020-08-31 15,Belum Terakreditasi,690,1. Telkomsel Flash,2. Telkomsel Flash,PLN,,,tkdharmapersatuankdg@gmail.com,,-7.090169900000,112.096802400000,0,0,0,0,Pagi/6 hari,,2022/2023-2,450,3,0,0,0,0,0,1,0,0,0,0,0,0,0,0,0,0,0,0,0,0,0,0,0,0,0,2013,Telkomsel Flash
Jawa Timur,Kab. Bojonegoro,Baureno,https://sekolah.data.kemdikbud.go.id/index.php/Chome/profil/C47468BF-6430-49B6-9415-F18AC614BC9C,https://referensi.data.kemdikbud.go.id/pendidikan/npsn/69800798,TK DHARMA WANITA PERSATUAN II NGEMPLAK,69800798,RAYA NGEMPLAK NO.394,NGEMPLAK,KEC. BAURENO,KAB. BOJONEGORO,PROV. JAWA TIMUR,SWASTA,TK,"Kementerian Pendidikan, Kebudayaan, Riset, dan Teknologi",,,,,"188/025/Kep/412,40/2012",,Silakan Upload SK,,Belum Terakreditasi,0,1. 3 (Tri),2. Telkom Speedy,PLN,,,,,-7.154210000000,112.059941000000,1,0,0,0,Pagi/6 hari,,2022/2023-2,900,2,0,0,0,0,0,2,0,1,0,0,0,1,0,0,1,0,0,1,0,0,0,0,0,0,1,2013,3 (Tri)
Jawa Timur,Kab. Bojonegoro,Baureno,https://sekolah.data.kemdikbud.go.id/index.php/Chome/profil/741144D7-CFF7-4129-B05F-9B58F19F876C,https://referensi.data.kemdikbud.go.id/pendidikan/npsn/69800823,TK DHARMA WANITA PERSATUAN KARANGDAYU,69800823,Ds. Karangdayu,KARANGDAYU,KEC. BAURENO,KAB. BOJONEGORO,PROV. JAWA TIMUR,SWASTA,TK,"Kementerian Pendidikan, Kebudayaan, Riset, dan Teknologi",,,"188/026/KEP/412,40/2012",06-08-2012,"188/026/KEP/412,40/2012",06-08-2012,Lihat SK Operasional,2017-11-08 15,Belum Terakreditasi,0,1. -,2. -,PLN,,,tkdwpersatuankarangdayu@gmail.com,,-7.113677200000,112.073938700000,0,0,0,0,Pagi/6 hari,,2022/2023-2,450,1,0,0,0,0,0,1,0,0,0,0,0,0,0,0,0,0,0,0,0,0,0,0,0,0,0,2013,Tidak Ada
Jawa Timur,Kab. Bojonegoro,Baureno,https://sekolah.data.kemdikbud.go.id/index.php/Chome/profil/E365EBA2-6D2D-4864-A9CA-81212204F0EF,https://referensi.data.kemdikbud.go.id/pendidikan/npsn/69800859,TK DHARMA WANITA PERSATUAN POMAHAN,69800859,Rt.11 Rw.05,POMAHAN,KEC. BAURENO,KAB. BOJONEGORO,PROV. JAWA TIMUR,SWASTA,TK,"Kementerian Pendidikan, Kebudayaan, Riset, dan Teknologi",Yayasan MIFTAHUL ULUM POMAHAN,AK1187,188/492/Kep/412.40/2010,18-03-2010,188/492/Kep/412.40/2010,18-03-2010,Lihat SK Operasional,2019-02-11 15,,"5,000",1. -,2. -,PLN,,,tkdhwpomahan@gmail.com,,-7.114768800000,112.069372700000,1,0,0,0,Pagi/6 hari,,2022/2023-2,450,2,0,0,1,0,0,2,0,1,0,0,0,0,1,0,1,0,1,0,0,0,0,0,0,0,1,2013,Tidak Ada
Jawa Timur,Kab. Bojonegoro,Baureno,https://sekolah.data.kemdikbud.go.id/index.php/Chome/profil/17BFB8FB-22FE-4287-8154-C8D16A1AB86A,https://referensi.data.kemdikbud.go.id/pendidikan/npsn/69800562,TK DHARMA WANITA SRATUREJO,69800562,DUSUN GRENJENG,SRATUREJO,KEC. BAURENO,KAB. BOJONEGORO,PROV. JAWA TIMUR,SWASTA,TK,"Kementerian Pendidikan, Kebudayaan, Riset, dan Teknologi",,,,,907/104.13/I/96,,Silakan Upload SK,,B,0,1. Indosat IM3,2. Indosat IM3,PLN,,,lilikrenata@gmail.com,,-7.134960000000,112.078657000000,1,0,0,0,Pagi/6 hari,,2022/2023-2,900,3,0,0,1,0,0,2,0,0,0,1,0,0,1,0,1,0,0,0,0,0,1,0,0,0,1,2013,Indosat IM3
Jawa Timur,Kab. Bojonegoro,Baureno,https://sekolah.data.kemdikbud.go.id/index.php/Chome/profil/A6AD45F5-5F71-4E08-8F12-46879451C9BB,https://referensi.data.kemdikbud.go.id/pendidikan/npsn/69800580,TK DHARMA WANITA TLOGOAGUNG I,69800580,DUKUH PINGGIR,TLOGOAGUNG,KEC. BAURENO,KAB. BOJONEGORO,PROV. JAWA TIMUR,SWASTA,TK,"Kementerian Pendidikan, Kebudayaan, Riset, dan Teknologi",,,,,"188/494/Kep/412,40/2010",,Silakan Upload SK,,B,0,1. -,2. Telkomsel Flash,PLN,,,tkdhwtlogoagung1@gmail.com,,-7.136519900000,112.145329500000,2,0,0,0,Pagi/6 hari,,2022/2023-2,900,2,0,0,0,0,0,3,0,2,0,0,0,1,1,0,2,0,0,1,1,0,0,0,0,0,2,2013,Tidak Ada
Jawa Timur,Kab. Bojonegoro,Baureno,https://sekolah.data.kemdikbud.go.id/index.php/Chome/profil/E9C0A860-4EE9-424E-84D5-BC584CE6383F,https://referensi.data.kemdikbud.go.id/pendidikan/npsn/69800592,TK DHARMA WANITA TLOGOAGUNG II,69800592,DUKUH JAGIR,TLOGOAGUNG,KEC. BAURENO,KAB. BOJONEGORO,PROV. JAWA TIMUR,SWASTA,TK,"Kementerian Pendidikan, Kebudayaan, Riset, dan Teknologi",,,046/YYS/Dhw/Brn/SK/II/1992,01-02-1992,"188/1386/Kep/421,42/2007",05-04-2007,Lihat SK Operasional,2021-06-22 22,Belum Terakreditasi,0,1. -,2. Axis,PLN,,,tkdharmawanita2.tla@gmail.com,,-5.443757000000,114.421127000000,0,0,0,0,Pagi/6 hari,,2022/2023-2,900,2,0,0,0,0,0,1,0,0,0,0,0,0,0,0,0,0,0,0,0,0,0,0,0,0,0,2013,Tidak Ada
Jawa Timur,Kab. Bojonegoro,Baureno,https://sekolah.data.kemdikbud.go.id/index.php/Chome/profil/173EAF0E-BE9E-4C0C-8E68-EF86332659BC,https://referensi.data.kemdikbud.go.id/pendidikan/npsn/69800640,TK DHARMA WANITA TRI BHAKTI,69800640,Rt.05 Rw.02,LEBAKSARI,KEC. BAURENO,KAB. BOJONEGORO,PROV. JAWA TIMUR,SWASTA,TK,"Kementerian Pendidikan, Kebudayaan, Riset, dan Teknologi",Lainnya,,188/011/Kep/412.40/2012,29-03-2012,188/011/Kep/412.40/2012,29-03-2012,Lihat SK Operasional,2019-02-11 11,B,0,1. -,2. -,PLN,,,tkdhw.tribhaktilebaksari@yahoo.co.id,,-7.098657000000,112.115822000000,1,0,0,0,Pagi/6 hari,,2022/2023-2,450,2,0,0,1,0,0,2,0,1,0,0,0,0,1,0,0,1,0,1,0,0,0,0,0,0,1,2013,Tidak Ada
Jawa Timur,Kab. Bojonegoro,Baureno,https://sekolah.data.kemdikbud.go.id/index.php/Chome/profil/8333BA82-3CA9-4E80-BF20-5DE28E409C31,https://referensi.data.kemdikbud.go.id/pendidikan/npsn/69800654,TK DHARMA WANITA TROJALU,69800654,RAYA TROJALU NO.92,TROJALU,KEC. BAURENO,KAB. BOJONEGORO,PROV. JAWA TIMUR,SWASTA,TK,"Kementerian Pendidikan, Kebudayaan, Riset, dan Teknologi",,,034/YYS/Dh.W/Bng/SK/II/1992,01-02-1992,907/I04.13/I/96,26-03-1996,Lihat SK Operasional,2020-09-28 10,C,"10,800",1. Smartfren,2. Telkom Speedy,PLN,,,tkdhwtrojalu@gmail.com,,-5.443757000000,114.421127000000,1,0,0,0,Pagi/6 hari,,2022/2023-2,"1,200",2,0,0,0,0,0,2,0,1,0,0,0,0,1,0,1,0,1,0,0,0,0,0,0,0,1,2013,Smartfren
Jawa Timur,Kab. Bojonegoro,Baureno,https://sekolah.data.kemdikbud.go.id/index.php/Chome/profil/6F3A47B5-25A7-4207-AC91-A2B11D754D65,https://referensi.data.kemdikbud.go.id/pendidikan/npsn/69800698,TK DW PERSATUAN,69800698,Rt.22 Rw.11,KADUNGREJO,KEC. BAURENO,KAB. BOJONEGORO,PROV. JAWA TIMUR,SWASTA,TK,"Kementerian Pendidikan, Kebudayaan, Riset, dan Teknologi",,,188/1375/Kep/421.42/2007,05-04-2007,188/1375/Kep/421.42/2007,05-04-2007,Lihat SK Operasional,2019-02-11 10,Belum Terakreditasi,128,1. -,2. -,PLN,,,tkdhwkadungrejo1@gmail.com,,-7.091757000000,112.108096000000,2,0,0,0,Pagi/6 hari,,2022/2023-2,900,2,0,0,0,0,0,3,0,2,0,0,0,0,2,0,2,0,0,1,0,0,0,1,0,0,2,2013,Tidak Ada
Jawa Timur,Kab. Bojonegoro,Baureno,https://sekolah.data.kemdikbud.go.id/index.php/Chome/profil/6E8D9259-9CDF-485C-BE8C-D19EA5CB5E2C,https://referensi.data.kemdikbud.go.id/pendidikan/npsn/20577734,TK MARDISIWI,20577734,Rt. 18 Rw. 09,POMAHAN,KEC. BAURENO,KAB. BOJONEGORO,PROV. JAWA TIMUR,SWASTA,TK,"Kementerian Pendidikan, Kebudayaan, Riset, dan Teknologi",,,800/2313/412.201/2019,24-07-2019,800/2313/412.201/2019,24-07-2019,Lihat SK Operasional,2019-07-30 12,,0,1. -,2. -,PLN,,,tkmardisiwi.pmh@gmail.com,,-7.117812400000,112.073184700000,0,0,0,0,Pagi/6 hari,,2022/2023-2,450,1,0,0,2,0,0,1,0,0,0,0,0,0,0,0,0,0,0,0,0,0,0,0,0,0,0,2013,Tidak Ada
Jawa Timur,Kab. Bojonegoro,Baureno,https://sekolah.data.kemdikbud.go.id/index.php/Chome/profil/C100C790-8548-482D-8A8A-BDA421A6968D,https://referensi.data.kemdikbud.go.id/pendidikan/npsn/69800691,TK MIFTAHUL ULUM POMAHAN,69800691,MASJID AL HIDAYAH DUKUH NUNUK,POMAHAN,KEC. BAURENO,KAB. BOJONEGORO,PROV. JAWA TIMUR,SWASTA,TK,"Kementerian Pendidikan, Kebudayaan, Riset, dan Teknologi",Yayasan MIFTAHUL ULUM POMAHAN,AK1187,,,"188/1374/KEP/421,42/2007",,Silakan Upload SK,,,0,1. Telkomsel Flash,2. Telkomsel Flash,PLN,,,tkmiftahululumpomahan@gmail.com,,-7.118994100000,112.070114800000,0,0,0,0,Pagi/6 hari,,2022/2023-2,450,2,0,0,0,0,0,1,0,0,0,0,0,0,0,0,0,0,0,0,0,0,0,0,0,0,0,2013,Telkomsel Flash
Jawa Timur,Kab. Bojonegoro,Baureno,https://sekolah.data.kemdikbud.go.id/index.php/Chome/profil/07B6A2EB-8C15-4ABF-A1BE-B5A2D7FDECEB,https://referensi.data.kemdikbud.go.id/pendidikan/npsn/69800650,TK PERTIWI,69800650,RAYA BAURENO,PASINAN,KEC. BAURENO,KAB. BOJONEGORO,PROV. JAWA TIMUR,SWASTA,TK,"Kementerian Pendidikan, Kebudayaan, Riset, dan Teknologi",,,032/YYS/Dh.W/bng/SK/II/1992,01-02-1992,907/I04.13/I/96,20-03-1996,Lihat SK Operasional,2021-09-28 19,B,192,1. Telkom Speedy,2. Lainnya (Kabel),PLN,,0322459261,tkpertiwibaureno@gmail.com,,-7.127239100000,112.097071300000,4,0,0,0,Pagi/6 hari,,2022/2023-2,450,2,0,0,0,2,0,3,0,2,0,2,0,4,0,0,4,0,1,0,1,0,1,1,0,0,4,2013,Telkom Speedy
Jawa Timur,Kab. Bojonegoro,Baureno,https://sekolah.data.kemdikbud.go.id/index.php/Chome/profil/4BFE1776-CC90-412B-BC90-01B84BAEDC82,https://referensi.data.kemdikbud.go.id/pendidikan/npsn/69800716,TK PGRI BAURENO,69800716,DUSUN SRATU RT.01 RW.06,SRATUREJO,KEC. BAURENO,KAB. BOJONEGORO,PROV. JAWA TIMUR,SWASTA,TK,"Kementerian Pendidikan, Kebudayaan, Riset, dan Teknologi",,,130/SK/E.1/VIII/2002,27-08-2002,"188/3451/421,42/2006",11-09-2006,Lihat SK Operasional,2021-06-17 15,Belum Terakreditasi,0,1. -,2. Telkom Speedy,PLN,,,tkpgribaureno20568812@gmail.com,,-7.139523000000,112.081850700000,1,0,0,0,Pagi/6 hari,,2022/2023-2,450,2,0,0,2,0,0,2,0,1,0,0,0,1,0,0,1,0,0,1,0,0,0,0,0,0,1,2013,Tidak Ada
Jawa Timur,Kab. Bojonegoro,Baureno,https://sekolah.data.kemdikbud.go.id/index.php/Chome/profil/86AA140C-781B-4279-8E68-E2426B1C6D58,https://referensi.data.kemdikbud.go.id/pendidikan/npsn/69800731,TK TUNAS BANGSA,69800731,MASJID JAMI BAITURROHMAN,TULUNGAGUNG,KEC. BAURENO,KAB. BOJONEGORO,PROV. JAWA TIMUR,SWASTA,TK,"Kementerian Pendidikan, Kebudayaan, Riset, dan Teknologi",,,,,"188/1377/Kep/421,42/2007",,Silakan Upload SK,,Belum Terakreditasi,90,1. -,2. Smartfren,PLN,,,tktunasbangsabaureno1@gmail.com,,-7.129930000000,112.126588000000,1,0,0,0,Pagi/6 hari,,2022/2023-2,900,2,0,0,0,0,0,2,0,1,0,0,0,0,1,0,0,1,1,0,0,0,0,0,0,0,1,2013,Tidak Ada
Jawa Timur,Kab. Bojonegoro,Baureno,https://sekolah.data.kemdikbud.go.id/index.php/Chome/profil/D10C82C7-7B81-4D74-91B1-AC094B10F163,https://referensi.data.kemdikbud.go.id/pendidikan/npsn/69800741,TK TUNAS HARAPAN,69800741,DUKUH SURONANGGAN,TROJALU,KEC. BAURENO,KAB. BOJONEGORO,PROV. JAWA TIMUR,SWASTA,TK,"Kementerian Pendidikan, Kebudayaan, Riset, dan Teknologi",,,,,"188/0392/Kep/421,42/2007",,Silakan Upload SK,,Belum Terakreditasi,108,1. Telkomsel Flash,2. Telkomsel Flash,PLN,,,tunasharapantrojalu@gmail.com,,-7.120865000000,112.110350000000,1,0,0,0,Pagi/6 hari,,2022/2023-2,450,2,0,0,0,0,0,2,0,1,0,0,0,0,1,0,1,0,0,0,0,0,1,0,0,0,1,2013,Telkomsel Flash
Jawa Timur,Kab. Bojonegoro,Baureno,https://sekolah.data.kemdikbud.go.id/index.php/Chome/profil/B1D599D8-7694-4270-9759-AB9E6D6E03DC,https://referensi.data.kemdikbud.go.id/pendidikan/npsn/69800413,TPA AT THUFAILY,69800413,JL. MASJID NO. 12,PASINAN,KEC. BAURENO,KAB. BOJONEGORO,PROV. JAWA TIMUR,SWASTA,TPA,"Kementerian Pendidikan, Kebudayaan, Riset, dan Teknologi",Yayasan YTPI DARUL ULUM,AK1172,,,421.9/267.PAUD/412.40/VI/,,Silakan Upload SK,,,220,1. -,2. -,PLN,,,tpa.atthufaily.darululum@gmail.com,,-7.124043000000,112.098961000000,1,0,0,0,Pagi/6 hari,,2022/2023-2,900,1,0,0,1,0,0,1,0,1,0,0,0,0,1,0,0,1,1,0,0,0,0,0,0,0,1,2013,Tidak Ada
