prov_name,kab_name,kec_name,link_sekolah_kita,link_referensi,nama,npsn,alamat,desa/kelurahan,kecamatan/kota_(ln),kab.-kota/negara_(ln),propinsi/luar_negeri_(ln),status_sekolah,bentuk_pendidikan,kementerian_pembina,naungan,npyp,no._sk._pendirian,tanggal_sk._pendirian,nomor_sk_operasional,tanggal_sk_operasional,file_sk_operasional,tanggal_upload_sk_op.,akreditasi,luas_tanah,akses_internet,akses_internet_2,sumber_listrik,fax,telepon,email,website,lintang,bujur,guru,siswa_laki_laki,siswa_perempuan,rombongan_belajar,kurikulum,penyelenggaraan,manajemen_berbasis_sekolah,semester_data,akses_internet_sekolah_kita,daya_listrik,ruang_kelas,laboratorium,perpustakaan,sanitasi_siswa,guru_pns,guru_gtt,guru_gty,guru_honor,guru_gol_i,guru_gol_ii,guru_gol_iii,guru_gol_iv,guru_sertifikasi,guru_belum_sertifikasi,guru_kurang_dari_s1,guru_s1_atau_lebih,guru_data_kosong,guru_kurang_dari_30_tahun,guru_31_35_tahun,guru_36_40,guru_41_45_tahun,guru_46_50_tahun,guru_51_55_tahun,guru_lebih_dari_55_tahun,guru_laki_laki,guru_perempuan
Jawa Timur,Kab. Pasuruan,Bangil,https://sekolah.data.kemdikbud.go.id/index.php/Chome/profil/346EE848-8B8E-471A-8890-828FA60861FE,https://referensi.data.kemdikbud.go.id/pendidikan/npsn/70005310,KB Al - Haq,70005310,Jl. Supriadi No 45,POGAR,KEC. BANGIL,KAB. PASURUAN,PROV. JAWA TIMUR,SWASTA,KB,"Kementerian Pendidikan, Kebudayaan, Riset, dan Teknologi",,,002/KB-AH/XI/2014,02-12-2014,421.9/011/424.071/2018,01-02-2018,Lihat SK Operasional,2021-11-08 01,,0,1. -,2. Axis,PLN,,,,,-7.594300000000,112.773500000000,2,0,0,0,2013,Pagi/6 hari,,2022/2023-2,Tidak Ada,450,1,0,0,0,0,0,2,0,2,0,0,0,0,2,0,0,2,0,0,0,1,0,1,0,0,2
Jawa Timur,Kab. Pasuruan,Bangil,https://sekolah.data.kemdikbud.go.id/index.php/Chome/profil/98842391-CEB3-42BE-A584-C6D75DDCD285,https://referensi.data.kemdikbud.go.id/pendidikan/npsn/69837001,KB AL - IRSYAD,69837001,JL. BADER RT.002 RW. 001,KALIREJO,KEC. BANGIL,KAB. PASURUAN,PROV. JAWA TIMUR,SWASTA,KB,"Kementerian Pendidikan, Kebudayaan, Riset, dan Teknologi",Yayasan Perhimpunan Al-Irsyad,AL7870,007/A/SKPP/05/2004,10-05-2004,503/023/IPPSPNF/I/424.086/2023,31-01-2020,Lihat SK Operasional,2023-01-30 11,A,"1,370",1. Indosat IM3,2. Telkom Speedy,PLN,,,pgalirsyadbangil@gmail.com,,-7.596900000000,112.798600000000,1,0,0,0,2013,Pagi/6 hari,,2022/2023-2,Indosat IM3,"1,300",1,0,0,0,0,0,3,0,1,0,0,0,0,1,0,0,1,1,0,0,0,0,0,0,0,1
Jawa Timur,Kab. Pasuruan,Bangil,https://sekolah.data.kemdikbud.go.id/index.php/Chome/profil/4B7DFA81-3EC2-439C-9D75-B0B56F15C612,https://referensi.data.kemdikbud.go.id/pendidikan/npsn/69836994,KB AL HASAN,69836994,Layur No. 49 Gg II Rt 01 Rw 01 Gempeng Bangil,GEMPENG,KEC. BANGIL,KAB. PASURUAN,PROV. JAWA TIMUR,SWASTA,KB,"Kementerian Pendidikan, Kebudayaan, Riset, dan Teknologi",Yayasan AL HASAN,AK2071,Kd.13.14/05.00/PP.00.4/857/2009,06-07-2009,421.9/011/424.071/2017,31-01-2017,Lihat SK Operasional,2022-07-13 10,,165,1. Telkom Speedy,2. Telkom Speedy,PLN,,,mukhlas.firdiansyah@yahoo.com,,-7.599000000000,112.789600000000,2,0,0,0,2013,Pagi/6 hari,,2022/2023-2,Telkom Speedy,900,1,0,1,1,0,0,3,0,2,0,0,0,0,2,0,1,1,0,0,1,0,1,0,0,0,2
Jawa Timur,Kab. Pasuruan,Bangil,https://sekolah.data.kemdikbud.go.id/index.php/Chome/profil/91A98E1A-3D74-4F3D-A495-794FE4CB8359,https://referensi.data.kemdikbud.go.id/pendidikan/npsn/69836997,KB AL HIDAYAH,69836997,NENER NO.260,KALIANYAR,KEC. BANGIL,KAB. PASURUAN,PROV. JAWA TIMUR,SWASTA,KB,"Kementerian Pendidikan, Kebudayaan, Riset, dan Teknologi",,,12117/104.27/T.86/P.,14-05-2004,503/171/IPPSPNF/VII/424.086/2022,22-07-2022,Lihat SK Operasional,2022-09-22 11,B,520,1. Telkom Speedy,2. Telkom Speedy,PLN,,,kbalhidayah47@yahoo.com,,-7.576800000000,112.799300000000,2,0,0,0,2013,Pagi/6 hari,,2022/2023-2,Telkom Speedy,450,1,0,0,1,0,0,3,0,2,0,0,0,0,2,0,1,1,2,0,0,0,0,0,0,0,2
Jawa Timur,Kab. Pasuruan,Bangil,https://sekolah.data.kemdikbud.go.id/index.php/Chome/profil/03ADA5BA-E908-4C16-A7FE-C7FAB8B40E6D,https://referensi.data.kemdikbud.go.id/pendidikan/npsn/69948909,KB AL HUDA,69948909,JL. Rambutan No. 12A Pesanggrahan Kelurahan Gempeng Kec. Bangil,GEMPENG,KEC. BANGIL,KAB. PASURUAN,PROV. JAWA TIMUR,SWASTA,KB,"Kementerian Pendidikan, Kebudayaan, Riset, dan Teknologi",Yayasan Miftahul Hidayah Canga'an II,AL7879,0012179AH0104,17-06-2016,503/083/IPPSPNF/V/424.086/2022,27-05-2022,Lihat SK Operasional,2022-06-27 23,Belum Terakreditasi,"2,520",1. -,2. Telkom Speedy,PLN,,03437467870,hudacholili@gmail.com,,-7.605900000000,112.787000000000,1,0,0,0,2013,Pagi/6 hari,,2022/2023-2,Tidak Ada,"2,200",1,0,0,2,0,0,2,0,1,0,0,0,0,1,0,0,1,1,0,0,0,0,0,0,1,0
Jawa Timur,Kab. Pasuruan,Bangil,https://sekolah.data.kemdikbud.go.id/index.php/Chome/profil/692CFB27-5B0A-4DAD-903B-65B4F4A567F4,https://referensi.data.kemdikbud.go.id/pendidikan/npsn/69836993,KB AL KHASANAH,69836993,JL. JAKSA AGUNG SUPRAPTO NO. 1 KEL. GEMPENG,GEMPENG,KEC. BANGIL,KAB. PASURUAN,PROV. JAWA TIMUR,SWASTA,KB,"Kementerian Pendidikan, Kebudayaan, Riset, dan Teknologi",Yayasan PC FATAYAT NU BANGIL,AL7847,421.9/011/424.071/2017,31-01-2017,421.9/449/424.071/2020,31-12-2020,Lihat SK Operasional,2021-11-30 10,,70,1. Telkomsel Flash,2. Smartfren,PLN,,,al.khasanah12@gmail.com,,-7.599600000000,112.788400000000,4,0,0,0,2013,Sehari Penuh/5 hari,,2022/2023-2,Telkomsel Flash,900,4,0,0,1,0,0,1,4,4,0,0,0,0,4,0,1,3,1,2,0,0,0,0,1,0,4
Jawa Timur,Kab. Pasuruan,Bangil,https://sekolah.data.kemdikbud.go.id/index.php/Chome/profil/D6C4CE2F-C2FA-42F2-9216-E29ADE16DFBD,https://referensi.data.kemdikbud.go.id/pendidikan/npsn/69836988,KB AL- ISLAMIYAH,69836988,MUSING NO. 637A SINGOPOLO,KAUMAN,KEC. BANGIL,KAB. PASURUAN,PROV. JAWA TIMUR,SWASTA,KB,"Kementerian Pendidikan, Kebudayaan, Riset, dan Teknologi",Yayasan Al Islamiyah,AL7853,421.9/4481/424.071/2020,31-01-2017,421.9/4481/424.071/2020,31-01-2017,Lihat SK Operasional,2021-03-15 12,Belum Terakreditasi,150,1. -,2. 3 (Tri),PLN,,,kbalislamiyah67@gmail.com,,-7.594300000000,112.782800000000,1,0,0,0,2013,Pagi/6 hari,,2022/2023-2,Tidak Ada,900,1,0,0,2,0,0,2,0,1,0,0,0,0,1,0,0,1,1,0,0,0,0,0,0,0,1
Jawa Timur,Kab. Pasuruan,Bangil,https://sekolah.data.kemdikbud.go.id/index.php/Chome/profil/03FA9E9D-8B48-4D26-99C0-864652F2E42E,https://referensi.data.kemdikbud.go.id/pendidikan/npsn/69873390,KB AL-IKHLASH,69873390,JALAN TENGIRI NO 456 RT 06 RW 02,BENDO MUNGAL,KEC. BANGIL,KAB. PASURUAN,PROV. JAWA TIMUR,SWASTA,KB,"Kementerian Pendidikan, Kebudayaan, Riset, dan Teknologi",,,AHU-0008803.AH.01.04,31-12-2016,421.9/4481/424.071/2020,31-12-2016,Lihat SK Operasional,2020-10-27 09,,300,1. Telkomsel Flash,2. Telkom Speedy,PLN & Diesel,,,puspa.indra54@gmail.com,,-7.594100000000,112.786100000000,0,0,0,0,2013,Pagi/6 hari,,2022/2023-2,Telkomsel Flash,"3,600",1,0,0,0,0,0,2,0,0,0,0,0,0,0,0,0,0,0,0,0,0,0,0,0,0,0
Jawa Timur,Kab. Pasuruan,Bangil,https://sekolah.data.kemdikbud.go.id/index.php/Chome/profil/B408FD81-8111-45B5-B927-44734404732B,https://referensi.data.kemdikbud.go.id/pendidikan/npsn/69836979,KB AN NISA,69836979,JL. RAYA BANGIL PANDAAN KM 1,KOLURSARI,KEC. BANGIL,KAB. PASURUAN,PROV. JAWA TIMUR,SWASTA,KB,"Kementerian Pendidikan, Kebudayaan, Riset, dan Teknologi",,,421.9/011/424.071/2018,01-02-2018,503/021/IPPSPNF/I/424.086/2023,12-01-2023,Lihat SK Operasional,2023-02-06 13,,400,1. Smartfren,2. Telkom Speedy,PLN,,,paudannisa425@gmail.com,,-7.606600000000,112.770200000000,4,0,0,0,2013,Pagi/6 hari,,2022/2023-2,Smartfren,"4,500",2,0,0,0,0,0,6,0,4,0,0,0,0,4,0,0,4,4,0,0,0,0,0,0,0,4
Jawa Timur,Kab. Pasuruan,Bangil,https://sekolah.data.kemdikbud.go.id/index.php/Chome/profil/EFEA77D6-4EF0-4C01-82AF-557CCE1E01A6,https://referensi.data.kemdikbud.go.id/pendidikan/npsn/69836983,KB AR ROYYAN,69836983,JL. DURIAN 298,KIDUL DALEM,KEC. BANGIL,KAB. PASURUAN,PROV. JAWA TIMUR,SWASTA,KB,"Kementerian Pendidikan, Kebudayaan, Riset, dan Teknologi",YAYASAN PENDIDIKAN AR ROYYAN,AL7878,,,2051913029,,Silakan Upload SK,,,0,1. -,2. Lainnya,PLN,,,,,-7.603000000000,112.784500000000,2,0,0,0,2013,Pagi/6 hari,,2022/2023-2,Tidak Ada,848,1,0,0,0,0,0,4,0,2,0,0,0,0,2,0,1,1,1,0,0,1,0,0,0,0,2
Jawa Timur,Kab. Pasuruan,Bangil,https://sekolah.data.kemdikbud.go.id/index.php/Chome/profil/F0B6F79E-CD46-4E20-A890-35339A7F7B3E,https://referensi.data.kemdikbud.go.id/pendidikan/npsn/69836989,KB ARROCHMAH,69836989,GURAMI/DAWUR 226 A,KAUMAN,KEC. BANGIL,KAB. PASURUAN,PROV. JAWA TIMUR,SWASTA,KB,"Kementerian Pendidikan, Kebudayaan, Riset, dan Teknologi",YAYASAN ROUDLOTUL ULUM BANGIL,AL7833,AHU-5673.AH.01.04 TAHUN 2013,27-09-2013,421/0001/424.071/2022,17-06-2017,Lihat SK Operasional,2022-08-11 09,B,80,1. XL (GSM),2. Telkom Speedy,PLN,,,,,-7.595800000000,112.781000000000,1,0,0,0,2013,Pagi/6 hari,,2022/2023-2,XL (GSM),450,1,0,1,1,0,0,2,0,1,0,0,0,0,1,0,0,1,0,0,0,0,1,0,0,0,1
Jawa Timur,Kab. Pasuruan,Bangil,https://sekolah.data.kemdikbud.go.id/index.php/Chome/profil/02268C79-B43D-415A-BDAB-2C60FD20BD6E,https://referensi.data.kemdikbud.go.id/pendidikan/npsn/69837002,KB BINA ANAK NEGERI,69837002,JL. BADER KALIREJO,KALIREJO,KEC. BANGIL,KAB. PASURUAN,PROV. JAWA TIMUR,SWASTA,KB,"Kementerian Pendidikan, Kebudayaan, Riset, dan Teknologi",Pemerintah Pusat,AK2066,2009,31-01-2009,421.9/4481/424.071/2020,31-01-2020,Lihat SK Operasional,2022-04-14 04,B,0,1. Telkom Speedy,2. Telkom Speedy,PLN,,742206,diyanaulya@gmail.com,,-7.584600000000,112.791900000000,2,0,0,0,2013,Pagi/6 hari,,2022/2023-2,Telkom Speedy,"2,500",1,0,0,2,0,0,3,0,2,0,0,0,0,2,0,2,0,1,0,1,0,0,0,0,0,2
Jawa Timur,Kab. Pasuruan,Bangil,https://sekolah.data.kemdikbud.go.id/index.php/Chome/profil/DA6E7734-B994-4449-8AEA-7B3C6BFD73B0,https://referensi.data.kemdikbud.go.id/pendidikan/npsn/69836998,KB BUAH HATI,69836998,KALIREJO GG. SATAK JAYA 18,MANARUWI,KEC. BANGIL,KAB. PASURUAN,PROV. JAWA TIMUR,SWASTA,KB,"Kementerian Pendidikan, Kebudayaan, Riset, dan Teknologi",,,421.9/452.1.a/424.051/2010,08-02-2010,503/062/IPPSPNF.V/424.086/2022,18-06-2016,Lihat SK Operasional,2022-08-08 06,Belum Terakreditasi,120,1. Indosat IM3,2. Telkom Speedy,PLN,,,hatikbbuah@gmail.com,,-7.581600000000,112.795400000000,2,0,0,0,2013,Pagi/6 hari,,2022/2023-2,Indosat IM3,900,2,0,0,0,0,0,3,0,2,0,0,0,0,2,0,0,2,2,0,0,0,0,0,0,0,2
Jawa Timur,Kab. Pasuruan,Bangil,https://sekolah.data.kemdikbud.go.id/index.php/Chome/profil/E9B1033D-8280-43DD-88FE-3DDC71C563A5,https://referensi.data.kemdikbud.go.id/pendidikan/npsn/69970967,KB DARUL ULUM,69970967,JALAN CUCUT VIII 145. RT/RW 02/01,BENDO MUNGAL,KEC. BANGIL,KAB. PASURUAN,PROV. JAWA TIMUR,SWASTA,KB,"Kementerian Pendidikan, Kebudayaan, Riset, dan Teknologi",YAYASAN SALAF DARUL ULUM GONDANG BANGIL,AL7882,AHU-0007725.AH.01.04.Tahun 2015,01-06-2015,421.9/011/424.071/2018,04-06-2018,Lihat SK Operasional,2018-07-31 08,,332,1. -,2. -,PLN,,,kbdarululumbangil@gmail.com,,-7.591626000000,112.784179100000,2,0,0,0,2013,Pagi/6 hari,,2022/2023-2,Tidak Ada,900,1,0,0,0,0,0,2,0,2,0,0,0,0,2,0,2,0,2,0,0,0,0,0,0,0,2
Jawa Timur,Kab. Pasuruan,Bangil,https://sekolah.data.kemdikbud.go.id/index.php/Chome/profil/18D7416B-0168-4A2C-9482-2A3410531963,https://referensi.data.kemdikbud.go.id/pendidikan/npsn/69837003,KB DHARMA WANITA PERSATUAN VIII,69837003,JL. KAKAP NO. 04,TAMBAKAN,KEC. BANGIL,KAB. PASURUAN,PROV. JAWA TIMUR,SWASTA,KB,"Kementerian Pendidikan, Kebudayaan, Riset, dan Teknologi",YAYASAN DHARMA WANITA PERSATUAN,AL7868,421.9/011/424.051/2016,17-06-2016,421.9/011/424.051/2016,17-06-2016,Lihat SK Operasional,2020-10-21 13,,363,1. Indosat IM3,2. Indosat IM3,PLN,,,,,-7.573600000000,112.796300000000,2,0,0,0,2013,Pagi/6 hari,,2022/2023-2,Indosat IM3,300,2,0,0,0,0,0,1,2,2,0,0,0,0,2,0,0,2,2,0,0,0,0,0,0,0,2
Jawa Timur,Kab. Pasuruan,Bangil,https://sekolah.data.kemdikbud.go.id/index.php/Chome/profil/5592CC74-D85F-48C0-B0E5-60984A9E08EA,https://referensi.data.kemdikbud.go.id/pendidikan/npsn/69836980,KB DINAR CERIA 1,69836980,APEL NO.685,KIDUL DALEM,KEC. BANGIL,KAB. PASURUAN,PROV. JAWA TIMUR,SWASTA,KB,"Kementerian Pendidikan, Kebudayaan, Riset, dan Teknologi",Yayasan Pimpinan Daerah Muhammadiyah (PDM) Kab. Pasuruan,AO5455,,,002 05 19 13 11,,Silakan Upload SK,,,358,1. Smartfren,2. Smartfren,PLN,,,dinarceriasatu@gmail.com,,-7.603424000000,112.779288000000,2,0,0,0,2013,Pagi/6 hari,,2022/2023-2,Smartfren,450,2,0,0,0,0,0,2,0,2,0,0,0,0,2,0,0,2,1,0,1,0,0,0,0,0,2
Jawa Timur,Kab. Pasuruan,Bangil,https://sekolah.data.kemdikbud.go.id/index.php/Chome/profil/6DB4D34B-F596-4634-8FBD-9955660B84A5,https://referensi.data.kemdikbud.go.id/pendidikan/npsn/69852189,KB DINAR CERIA 2,69852189,ALUN-ALUN TIMUR NO 02,KERSIKAN,KEC. BANGIL,KAB. PASURUAN,PROV. JAWA TIMUR,SWASTA,KB,"Kementerian Pendidikan, Kebudayaan, Riset, dan Teknologi",Yayasan Pimpinan Daerah Muhammadiyah (PDM) Kab. Pasuruan,AO5455,17/PDNA/SK/VII/2006,30-04-2006,421.9/4481/424.071/2020,31-01-2020,Lihat SK Operasional,2021-06-29 08,,178,1. Telkomsel Flash,2. Telkom Speedy,PLN,,,dinarceria2.bangil@gmail.com,,-7.597800000000,112.785900000000,1,0,0,0,2013,Pagi/6 hari,,2022/2023-2,Telkomsel Flash,"1,300",0,0,1,0,0,0,2,0,1,0,0,0,0,1,0,0,1,1,0,0,0,0,0,0,0,1
Jawa Timur,Kab. Pasuruan,Bangil,https://sekolah.data.kemdikbud.go.id/index.php/Chome/profil/69AF9BF9-C8FE-4187-8E6E-38E37EEFDC26,https://referensi.data.kemdikbud.go.id/pendidikan/npsn/69950305,KB HARAPAN BUNDA,69950305,DSN SUKALIPURO KELURAHAN DERMO KECAMATAN BANGIL,DERMO,KEC. BANGIL,KAB. PASURUAN,PROV. JAWA TIMUR,SWASTA,KB,"Kementerian Pendidikan, Kebudayaan, Riset, dan Teknologi",,,AHU-0028895.AH.01.04.TAHU,30-06-2016,503/162/IPPSPNF/VII/424.086/2022,18-07-2022,Lihat SK Operasional,2022-08-05 03,,228,1. XL (GSM),2. Telkom Speedy,PLN,,,kbtkplusharpanbunda@gmail.com,,-7.604000000000,112.790100000000,1,0,0,0,2013,Pagi/6 hari,,2022/2023-2,XL (GSM),900,1,0,0,0,0,0,3,0,1,0,0,0,0,1,0,0,1,1,0,0,0,0,0,0,0,1
Jawa Timur,Kab. Pasuruan,Bangil,https://sekolah.data.kemdikbud.go.id/index.php/Chome/profil/E341032A-104F-4B9B-BC68-128CF2AFECEB,https://referensi.data.kemdikbud.go.id/pendidikan/npsn/69932561,KB HIDAYATUL MUBTADIIN,69932561,Jalan Raya Blawi gg masjid Rt. 09 Rt 03,MASANGAN,KEC. BANGIL,KAB. PASURUAN,PROV. JAWA TIMUR,SWASTA,KB,"Kementerian Pendidikan, Kebudayaan, Riset, dan Teknologi",Yayasan BINA HIDAYATUL MUBTADIIN,AK2079,421.9/3107A/424.051/2010,06-09-2010,503/091/IPPSPNF/V/424.086/2022,27-05-2022,Lihat SK Operasional,2022-07-26 09,,300,1. Indosat Mentari,2. Indosat IM3,PLN,,,kbhidayatulmubtadiinblawi@gmail.com,,-7.604900000000,112.814000000000,3,0,0,0,2013,Pagi/6 hari,,2022/2023-2,Indosat Mentari,450,2,0,0,0,0,0,4,0,3,0,0,0,0,3,0,1,2,0,2,1,0,0,0,0,0,3
Jawa Timur,Kab. Pasuruan,Bangil,https://sekolah.data.kemdikbud.go.id/index.php/Chome/profil/7CE60F01-4631-4DCC-906C-1B41341103DC,https://referensi.data.kemdikbud.go.id/pendidikan/npsn/69918988,KB HIDAYATUS SHIBYAN,69918988,Jalan Kakap No 441 Kali Kuntin,TAMBAKAN,KEC. BANGIL,KAB. PASURUAN,PROV. JAWA TIMUR,SWASTA,KB,"Kementerian Pendidikan, Kebudayaan, Riset, dan Teknologi",,,11/A/YHS/VI/2011,08-06-2011,503/182/IPPSPNF/VII/424.086/2022,26-07-2022,Silakan Upload SK (link file tidak valid) => [675615-749354--],2022-08-09 14,,0,1. Lainnya,2. Lainnya,PLN,,,kbhidayatus87@gmail.com,,-7.578900000000,112.786700000000,1,0,0,0,2013,Pagi/6 hari,,2022/2023-2,Lainnya,450,1,0,1,1,0,0,2,0,1,0,0,0,0,1,0,0,1,1,0,0,0,0,0,0,0,1
Jawa Timur,Kab. Pasuruan,Bangil,https://sekolah.data.kemdikbud.go.id/index.php/Chome/profil/8DC240BD-CBDA-45DD-BDC4-0207E2AA50B5,https://referensi.data.kemdikbud.go.id/pendidikan/npsn/69836984,KB JALALUDDIN,69836984,JL. BENDOSULUNG NO. 63,POGAR,KEC. BANGIL,KAB. PASURUAN,PROV. JAWA TIMUR,SWASTA,KB,"Kementerian Pendidikan, Kebudayaan, Riset, dan Teknologi",YAYASAN JALALUDDIN RANTING GAJAH,AX2158,421.9/448/424.071/2019,15-12-2019,421.9/448/424.071/2019,15-12-2019,Silakan Upload SK (link file tidak valid) => [439868-534397--],2021-04-23 08,,0,1. 3 (Tri),2. Centrin (Kabel),PLN,,,hartinisurya13@gmail.com,,-7.592800000000,112.775600000000,1,0,0,0,2013,Pagi/6 hari,,2022/2023-2,3 (Tri),900,1,0,0,0,0,0,2,0,1,0,0,0,0,1,0,0,1,0,0,1,0,0,0,0,0,1
Jawa Timur,Kab. Pasuruan,Bangil,https://sekolah.data.kemdikbud.go.id/index.php/Chome/profil/E75A4DB5-6B36-4F29-9DA1-DBE7369F885B,https://referensi.data.kemdikbud.go.id/pendidikan/npsn/69873820,KB KHA WAHID HASYIM,69873820,JL. Tongkol 32,DERMO,KEC. BANGIL,KAB. PASURUAN,PROV. JAWA TIMUR,SWASTA,KB,"Kementerian Pendidikan, Kebudayaan, Riset, dan Teknologi",Yayasan Pesantren Putri KHA. WAHID HASYIM,AL7839,AHU-AH.01.06.0025845,21-06-2021,503/023/IPPSPP/I/424.086/2022,21-01-2022,Lihat SK Operasional,2022-07-25 09,A,0,1. Smartfren,2. Telkom Speedy,PLN,,0343743570,paudterpadukhawahidhasyim@yahoo.com,http,-7.601700000000,112.792600000000,4,0,0,0,2013,Pagi/6 hari,,2022/2023-2,Smartfren,"1,200",1,0,1,2,0,0,4,0,4,0,0,0,0,4,0,2,2,2,1,1,0,0,0,0,0,4
Jawa Timur,Kab. Pasuruan,Bangil,https://sekolah.data.kemdikbud.go.id/index.php/Chome/profil/DB4828B7-390E-42A6-9406-8969CC15F356,https://referensi.data.kemdikbud.go.id/pendidikan/npsn/69836982,KB KHODIJAH,69836982,JL. UNTUNG SUROPATI 1366,KIDUL DALEM,KEC. BANGIL,KAB. PASURUAN,PROV. JAWA TIMUR,SWASTA,KB,"Kementerian Pendidikan, Kebudayaan, Riset, dan Teknologi",Yayasan KB KHODHIJAH,AL7837,421.9/011/424.051/2016,01-02-2016,421.9/011/424.051/2016,01-02-2016,Lihat SK Operasional,2018-07-30 14,B,0,1. Smartfren,2. Telkom Speedy,PLN,,,paudkhodijah@gmail.com,,-7.598900000000,112.783900000000,1,0,0,0,2013,Pagi/6 hari,,2022/2023-2,Smartfren,900,1,0,0,1,0,0,2,0,1,0,0,0,0,1,0,1,0,0,0,1,0,0,0,0,0,1
Jawa Timur,Kab. Pasuruan,Bangil,https://sekolah.data.kemdikbud.go.id/index.php/Chome/profil/862286E3-FAD0-4629-881B-98B6E675E42A,https://referensi.data.kemdikbud.go.id/pendidikan/npsn/69836990,KB MASYITHOH,69836990,JL. DORANG NO. 377,BENDO MUNGAL,KEC. BANGIL,KAB. PASURUAN,PROV. JAWA TIMUR,SWASTA,KB,"Kementerian Pendidikan, Kebudayaan, Riset, dan Teknologi",,,421.9/7015/424.071/2017,31-01-2017,421.9/7015/424.071/2017,31-01-2017,Lihat SK Operasional,2018-07-30 13,,77,1. -,2. -,PLN,,,kbm45y1th0h20@gmail.com,,-7.594600000000,112.785000000000,2,0,0,0,2013,Pagi/6 hari,,2022/2023-2,Tidak Ada,450,2,0,0,0,0,0,2,0,2,0,0,0,0,2,0,2,0,1,0,1,0,0,0,0,0,2
Jawa Timur,Kab. Pasuruan,Bangil,https://sekolah.data.kemdikbud.go.id/index.php/Chome/profil/1CA62D28-6C3C-4541-846C-A6DA87B59053,https://referensi.data.kemdikbud.go.id/pendidikan/npsn/69836999,KB MIFTAHUL HUDA,69836999,JL. SILI NO.5 DESA MANARUWI,MANARUWI,KEC. BANGIL,KAB. PASURUAN,PROV. JAWA TIMUR,SWASTA,KB,"Kementerian Pendidikan, Kebudayaan, Riset, dan Teknologi",YAYASAN MIFTAHUL HUDA MANARUWI,AL7865,421.9/69/424.051/2012,01-02-2012,421.9/4481/424.071/2021,02-01-2018,Lihat SK Operasional,2021-08-14 16,Belum Terakreditasi,0,1. -,2. Lainnya,PLN,,,kb.miftahulhudabangil@gmail.com,,-7.592400000000,112.799500000000,2,0,0,0,2013,Pagi/6 hari,,2022/2023-2,Tidak Ada,450,1,0,0,1,0,0,3,0,2,0,0,0,0,2,0,1,1,1,1,0,0,0,0,0,0,2
Jawa Timur,Kab. Pasuruan,Bangil,https://sekolah.data.kemdikbud.go.id/index.php/Chome/profil/88D77D4E-FB38-490B-B592-826E04E33F27,https://referensi.data.kemdikbud.go.id/pendidikan/npsn/69837141,KB NURUL HUDA,69837141,CEMANDI,KERSIKAN,KEC. BANGIL,KAB. PASURUAN,PROV. JAWA TIMUR,SWASTA,KB,"Kementerian Pendidikan, Kebudayaan, Riset, dan Teknologi",Yayasan Nurul Huda,AL7829,18/YLP.NH/VII/2001,16-07-2001,421.9/440/424.071/2020,31-01-2020,Lihat SK Operasional,2020-11-27 12,A,"52,670",1. Telkomsel Flash,2. 3 (Tri),PLN,,,kbnurulhuda54@gmail.com,,-7.597800000000,112.788500000000,1,0,0,0,2013,Pagi/6 hari,,2022/2023-2,Telkomsel Flash,450,2,0,0,1,0,0,2,0,1,0,0,0,0,1,0,0,1,1,0,0,0,0,0,0,0,1
Jawa Timur,Kab. Pasuruan,Bangil,https://sekolah.data.kemdikbud.go.id/index.php/Chome/profil/BA6F8936-D2D4-4D61-9BA0-E8D389BBA33D,https://referensi.data.kemdikbud.go.id/pendidikan/npsn/69918721,KB PERMATA PGRI,69918721,Jalan Kolursari No 28,KOLURSARI,KEC. BANGIL,KAB. PASURUAN,PROV. JAWA TIMUR,SWASTA,KB,"Kementerian Pendidikan, Kebudayaan, Riset, dan Teknologi",,,421.9/011/424.071/2017,31-01-2017,421.9/011/424.071/2017,31-01-2017,Lihat SK Operasional,2018-07-30 13,B,480,1. Indosat IM3,2. Indosat IM3,PLN,,,paud.permata04@gmail.com,,-7.610195200000,112.778761000000,2,0,0,0,2013,Sehari Penuh/5 hari,,2022/2023-2,Indosat IM3,"1,300",1,0,0,1,0,0,3,0,2,0,0,0,0,2,0,0,2,1,1,0,0,0,0,0,0,2
Jawa Timur,Kab. Pasuruan,Bangil,https://sekolah.data.kemdikbud.go.id/index.php/Chome/profil/68F1253A-95F4-402C-96D5-683E7B53713D,https://referensi.data.kemdikbud.go.id/pendidikan/npsn/69836985,KB PERSIS,69836985,Bendosulung Kebon Utara Gg III NO.7-9,POGAR,KEC. BANGIL,KAB. PASURUAN,PROV. JAWA TIMUR,SWASTA,KB,"Kementerian Pendidikan, Kebudayaan, Riset, dan Teknologi",Yayasan PERSISTRI,AL7848,089/B.1/A.5/1996,02-07-1996,421.9/011/424.071/2017,31-01-2017,Lihat SK Operasional,2018-07-30 09,B,630,1. -,2. Indosat IM3,PLN,,0343748980,kbpersisbangil@gmail.com,,-7.594500000000,112.775700000000,1,0,0,0,2013,Pagi/6 hari,,2022/2023-2,Tidak Ada,"1,100",2,0,0,1,0,0,2,0,1,0,0,0,0,1,0,0,1,1,0,0,0,0,0,0,0,1
Jawa Timur,Kab. Pasuruan,Bangil,https://sekolah.data.kemdikbud.go.id/index.php/Chome/profil/90141038-F03D-4EE5-8C24-A317934C303D,https://referensi.data.kemdikbud.go.id/pendidikan/npsn/69836996,KB PERWANIDA,69836996,JL. PERIKANAN NO. 08,RACI,KEC. BANGIL,KAB. PASURUAN,PROV. JAWA TIMUR,SWASTA,KB,"Kementerian Pendidikan, Kebudayaan, Riset, dan Teknologi",Yayasan Masjid Rahmat,AK2073,421.9/011/424.071/2017,31-01-2017,421.9/2964 A/424.051/2011,31-01-2017,Lihat SK Operasional,2018-10-05 09,,0,1. -,2. -,PLN,,,perwanidakb2020@gmail.com,,-7.604400000000,112.824300000000,2,0,0,0,2013,Pagi/6 hari,,2022/2023-2,Tidak Ada,900,1,0,0,2,0,0,3,0,2,0,0,0,0,2,0,1,1,0,2,0,0,0,0,0,0,2
Jawa Timur,Kab. Pasuruan,Bangil,https://sekolah.data.kemdikbud.go.id/index.php/Chome/profil/20856436-6834-4BB9-9517-2925FDE4844E,https://referensi.data.kemdikbud.go.id/pendidikan/npsn/69836991,KB PLUS AL ABRAR,69836991,JL. BETIK KERSIKAN III/179,KERSIKAN,KEC. BANGIL,KAB. PASURUAN,PROV. JAWA TIMUR,SWASTA,KB,"Kementerian Pendidikan, Kebudayaan, Riset, dan Teknologi",Yayasan YAPI AL-MA'HADUL ISLAMI,AK2052,421.1.10/PP/KB.YAPI/2005,01-04-2005,421.9/4481/424.071/2020,31-01-2020,Lihat SK Operasional,2020-10-22 14,Terakreditasi,0,1. Lainnya (Wavelan),2. Lainnya (Wavelan),PLN,,,,,-7.595528000000,112.787055000000,4,0,0,0,2013,Pagi/6 hari,,2022/2023-2,Lainnya (Wavelan),900,2,0,0,2,0,0,4,0,3,0,1,0,0,4,0,3,1,2,0,2,0,0,0,0,0,4
Jawa Timur,Kab. Pasuruan,Bangil,https://sekolah.data.kemdikbud.go.id/index.php/Chome/profil/858BF727-AA11-4BEE-95E7-EBF922C29FE9,https://referensi.data.kemdikbud.go.id/pendidikan/npsn/69836978,KB RAHMAT,69836978,JL. M. YASIN NO. 51,KOLURSARI,KEC. BANGIL,KAB. PASURUAN,PROV. JAWA TIMUR,SWASTA,KB,"Kementerian Pendidikan, Kebudayaan, Riset, dan Teknologi",Yayasan Masjid Rahmat,AK2073,421.9/011/424.071/2017,31-01-2017,421.9/011/424.071/2020,31-01-2017,Lihat SK Operasional,2021-03-09 08,,144,1. -,2. Axis,PLN,,,saropah.mam@gmail.com,,-7.604800000000,112.785000000000,2,0,0,0,2013,Sehari Penuh/3 hari,,2022/2023-2,Tidak Ada,450,2,0,0,1,0,0,3,0,2,0,0,0,0,2,0,1,1,1,1,0,0,0,0,0,0,2
Jawa Timur,Kab. Pasuruan,Bangil,https://sekolah.data.kemdikbud.go.id/index.php/Chome/profil/8DD82722-E833-4FA9-93BD-CA4369624FEF,https://referensi.data.kemdikbud.go.id/pendidikan/npsn/69953537,KB SABILUL FALAH,69953537,Jl. Kolursari Rt.05 Rw. 02 Kel. Kolursari,KOLURSARI,KEC. BANGIL,KAB. PASURUAN,PROV. JAWA TIMUR,SWASTA,KB,"Kementerian Pendidikan, Kebudayaan, Riset, dan Teknologi",YAYASAN NURUL ILMIYAH BANGIL,AX6250,023/PKBMSF14V2014,14-05-2016,421.9/1170/424.071/2019,24-04-2019,Lihat SK Operasional,2021-11-15 08,,300,1. Telkomsel Flash,2. Telkom Speedy,PLN,,,kbsabilulfalahbangil@gmail.com,,-7.611600000000,112.777500000000,2,0,0,0,2013,Sehari Penuh/5 hari,,2022/2023-2,Telkomsel Flash,900,2,0,1,1,0,0,1,1,2,0,0,0,0,2,0,0,2,0,1,0,0,1,0,0,0,2
Jawa Timur,Kab. Pasuruan,Bangil,https://sekolah.data.kemdikbud.go.id/index.php/Chome/profil/5FC577C9-4C22-42FB-8F15-0E965A9810F6,https://referensi.data.kemdikbud.go.id/pendidikan/npsn/69837000,KB SETIA BUDI,69837000,JLN. BADER N0.390 A,KALIREJO,KEC. BANGIL,KAB. PASURUAN,PROV. JAWA TIMUR,SWASTA,KB,"Kementerian Pendidikan, Kebudayaan, Riset, dan Teknologi",,,414.44/431.070/1666/2002,31-08-2001,421.9/4481/424.071/2020,30-01-2020,Lihat SK Operasional,2021-04-22 11,C,315,1. Telkomsel Flash,2. Telkom Speedy,PLN,,,kb.setiabudi390@gmail.com,,-7.577900000000,112.797000000000,2,0,0,0,2013,Pagi/6 hari,,2022/2023-2,Telkomsel Flash,450,1,0,0,1,0,0,3,0,2,0,0,0,0,2,0,0,2,2,0,0,0,0,0,0,0,2
Jawa Timur,Kab. Pasuruan,Bangil,https://sekolah.data.kemdikbud.go.id/index.php/Chome/profil/A2ECE8E2-397F-45E5-987E-9CFCFE03582E,https://referensi.data.kemdikbud.go.id/pendidikan/npsn/70001969,KB SIWIPENI,70001969,Jl. Lembah Kolursari Blok A,KOLURSARI,KEC. BANGIL,KAB. PASURUAN,PROV. JAWA TIMUR,SWASTA,KB,"Kementerian Pendidikan, Kebudayaan, Riset, dan Teknologi",Yayasan SERUNI MEKAR,AK2075,420/KB/424.301.02/2017,31-01-2017,421.9/4481/424.071/2020,31-01-2020,Lihat SK Operasional,2020-06-08 11,,56,1. Indosat IM3,2. 3 (Tri),PLN,,,,,-7.609224600000,112.769459400000,0,0,0,0,2013,Pagi/6 hari,,2022/2023-2,Indosat IM3,0,1,0,0,0,0,0,1,0,0,0,0,0,0,0,0,0,0,0,0,0,0,0,0,0,0,0
Jawa Timur,Kab. Pasuruan,Bangil,https://sekolah.data.kemdikbud.go.id/index.php/Chome/profil/FA7C73A0-5CEF-4285-A1A0-6C2E6457A3E9,https://referensi.data.kemdikbud.go.id/pendidikan/npsn/69836986,KB SUMBER ILMU,69836986,JL. SUNGKONO No. 23 Gg. RT/RW 01/02,POGAR,KEC. BANGIL,KAB. PASURUAN,PROV. JAWA TIMUR,SWASTA,KB,"Kementerian Pendidikan, Kebudayaan, Riset, dan Teknologi",Yayasan AL HIKMA SIRH,AK2067,421.9/216A/424.071/2017,31-01-2017,421.9/216A/424.071/2017,31-01-2017,Lihat SK Operasional,2018-07-30 10,,55,1. -,2. XL (GSM),PLN,,,,,-7.602661000000,112.774951000000,1,0,0,0,2013,Pagi/6 hari,,2022/2023-2,Tidak Ada,900,1,0,0,0,0,0,2,0,1,0,0,0,0,1,0,0,1,1,0,0,0,0,0,0,0,1
Jawa Timur,Kab. Pasuruan,Bangil,https://sekolah.data.kemdikbud.go.id/index.php/Chome/profil/16A4D7CB-353F-4A5F-88C2-F6E33F00B07E,https://referensi.data.kemdikbud.go.id/pendidikan/npsn/69836992,KB TANWIRUL HIJAA,69836992,JALAN LAYUR NO.195 - 196,GEMPENG,KEC. BANGIL,KAB. PASURUAN,PROV. JAWA TIMUR,SWASTA,KB,"Kementerian Pendidikan, Kebudayaan, Riset, dan Teknologi",YAYASAN PENDIDIKAN ISLAM TANWIRUL HIJAA,AL7864,421.9/011/424.071/2000,31-01-2017,421.9/4481/424.071/2020,31-01-2020,Silakan Upload SK (link file tidak valid) => [486099-267584--],2021-08-05 10,B,0,1. Telkom Speedy,2. 3 (Tri),PLN,,,kbtanwirulhijaa16@gmail.com,,-7.597400000000,112.791000000000,1,0,0,0,2013,Pagi/6 hari,,2022/2023-2,Telkom Speedy,900,1,0,0,0,0,0,2,0,1,0,0,0,0,1,0,0,1,0,0,1,0,0,0,0,1,0
Jawa Timur,Kab. Pasuruan,Bangil,https://sekolah.data.kemdikbud.go.id/index.php/Chome/profil/B00F4E76-80DF-4177-94BF-2F7D1F4FA6FD,https://referensi.data.kemdikbud.go.id/pendidikan/npsn/69873391,KB UMMATUL WAHIDAH,69873391,JL. KEPITING 18,GEMPENG,KEC. BANGIL,KAB. PASURUAN,PROV. JAWA TIMUR,SWASTA,KB,"Kementerian Pendidikan, Kebudayaan, Riset, dan Teknologi",Yayasan BANI SAHAL,AL7842,421.2/5307/424.051/2016,31-12-2016,421.9/708/424.071/2019,31-12-2019,Lihat SK Operasional,2022-06-22 15,,0,1. Indosat IM3,2. Lainnya,PLN,,,wahidahkbummatul@gmail.com,,-7.599600000000,112.796400000000,1,0,0,0,2013,Pagi/6 hari,,2022/2023-2,Indosat IM3,450,1,0,0,0,0,0,1,0,1,0,0,0,0,1,0,0,1,1,0,0,0,0,0,0,0,1
Jawa Timur,Kab. Pasuruan,Bangil,https://sekolah.data.kemdikbud.go.id/index.php/Chome/profil/85E4C03C-CC3F-4CE3-B782-2D7CF43A1D08,https://referensi.data.kemdikbud.go.id/pendidikan/npsn/69836987,KBIT AL-USWAH,69836987,RAYA BANGIL PANDAAN KM.1,POGAR,KEC. BANGIL,KAB. PASURUAN,PROV. JAWA TIMUR,SWASTA,KB,"Kementerian Pendidikan, Kebudayaan, Riset, dan Teknologi",Yayasan Amal Sholeh Bangil,AL7871,421.9/011/424.071/2017,31-01-2017,421.9/     /424.071/2020,31-01-2020,Lihat SK Operasional,2022-03-28 14,A,"2,000",1. Indosat IM3,2. Telkom Speedy,PLN,,0343746674,paudterpadualuswah@yahoo.com,http,-7.604500000000,112.772300000000,2,0,0,0,2013,Sehari Penuh/5 hari,,2022/2023-2,Indosat IM3,"2,000",2,0,1,2,0,0,5,0,2,0,0,0,0,2,0,0,2,2,0,0,0,0,0,0,0,2
Jawa Timur,Kab. Pasuruan,Bangil,https://sekolah.data.kemdikbud.go.id/index.php/Chome/profil/3EFDB3C8-538D-403A-90CD-5B6D9E733BD8,https://referensi.data.kemdikbud.go.id/pendidikan/npsn/69836995,KBIT NURUL FITYAN,69836995,NANAS 16 RT 08 RW 02 LUMPANG BOLONG,DERMO,KEC. BANGIL,KAB. PASURUAN,PROV. JAWA TIMUR,SWASTA,KB,"Kementerian Pendidikan, Kebudayaan, Riset, dan Teknologi",Yayasan Nurul Fityan,AL7827,421.9/4222A/424.051/2007,17-11-2007,503/088/IPPSPNF/V/424.086/2022,27-05-2022,Lihat SK Operasional,2022-08-03 09,B,360,1. Indosat IM3,2. Indosat IM3,PLN,,0343743107,kbit.nurulfityan@yahoo.com,http,-7.604800000000,112.793600000000,3,0,0,0,2013,Pagi/6 hari,,2022/2023-2,Indosat IM3,"1,300",2,0,2,2,0,0,4,0,3,0,0,0,0,3,0,1,2,1,0,1,1,0,0,0,0,3
Jawa Timur,Kab. Pasuruan,Bangil,https://sekolah.data.kemdikbud.go.id/index.php/Chome/profil/E98D00A1-4BD7-47B8-81E4-6FD015E1B083,https://referensi.data.kemdikbud.go.id/pendidikan/npsn/69837142,POS PAUD BUNGA MATAHARI,69837142,JL. TONGKOL NO.02 KELURAHAN DERMO,DERMO,KEC. BANGIL,KAB. PASURUAN,PROV. JAWA TIMUR,SWASTA,SPS,"Kementerian Pendidikan, Kebudayaan, Riset, dan Teknologi",,,421.09/ /7015/424.071/2018,02-01-2018,421.9/7015/424.071/2018,02-01-2018,Lihat SK Operasional,2018-09-25 07,,0,1. Indosat IM3,2. Indosat IM3,PLN,,,ppbm.dermo@gmail.com,,-7.602600000000,112.795000000000,2,0,0,0,2013,Pagi/6 hari,,2022/2023-2,Indosat IM3,900,1,0,0,0,0,0,5,0,2,0,0,0,0,2,0,1,1,1,0,0,1,0,0,0,0,2
Jawa Timur,Kab. Pasuruan,Bangil,https://sekolah.data.kemdikbud.go.id/index.php/Chome/profil/711D1B1D-6E94-4E28-9B3A-F7231DCDC3F8,https://referensi.data.kemdikbud.go.id/pendidikan/npsn/69837139,POS PAUD DAHLIA,69837139,JL. GURAMI RT 08 RW 02,KAUMAN,KEC. BANGIL,KAB. PASURUAN,PROV. JAWA TIMUR,SWASTA,SPS,"Kementerian Pendidikan, Kebudayaan, Riset, dan Teknologi",Yayasan PKK KELURAHAN KAUMAN,AL7849,421.9/   /424.071/2017,31-01-2017,421.9/   /424.071/2017,31-01-2017,Lihat SK Operasional,2021-11-12 00,,0,1. Telkom Speedy,2. Telkomsel Flash,PLN,,,ppdahlia008@gmail.com,,-7.595800000000,112.781100000000,2,0,0,0,2013,Pagi/6 hari,,2022/2023-2,Telkom Speedy,450,1,0,0,0,0,0,2,1,2,0,0,0,0,2,0,0,2,2,0,0,0,0,0,0,0,2
Jawa Timur,Kab. Pasuruan,Bangil,https://sekolah.data.kemdikbud.go.id/index.php/Chome/profil/819E21FB-B369-4916-912F-6BE181744697,https://referensi.data.kemdikbud.go.id/pendidikan/npsn/69918989,POS PAUD DURIAN,69918989,Kolursari Rt 01/02,KOLURSARI,KEC. BANGIL,KAB. PASURUAN,PROV. JAWA TIMUR,SWASTA,KB,"Kementerian Pendidikan, Kebudayaan, Riset, dan Teknologi",Lainnya,AL7854,421.9/011/424.051/2016,01-02-2016,421.9/011/424.051/2016,01-02-2016,Lihat SK Operasional,2018-07-31 08,,0,1. Indosat IM2,2. Axis,PLN,,,pauddurianbangil@gmail.com,,.000000000000,.000000000000,1,0,0,0,2013,Pagi/6 hari,,2022/2023-2,Indosat IM2,900,1,0,0,0,0,0,2,1,1,0,0,0,0,1,0,0,1,0,0,1,0,0,0,0,0,1
Jawa Timur,Kab. Pasuruan,Bangil,https://sekolah.data.kemdikbud.go.id/index.php/Chome/profil/AFC84EE1-87C8-40D0-A8AB-3AF83D9CA1D4,https://referensi.data.kemdikbud.go.id/pendidikan/npsn/69918965,POS PAUD HARAPAN IBU,69918965,Jalan Udang No 617 SANGENG,BENDO MUNGAL,KEC. BANGIL,KAB. PASURUAN,PROV. JAWA TIMUR,SWASTA,KB,"Kementerian Pendidikan, Kebudayaan, Riset, dan Teknologi",Yayasan PP HARAPAN IBU,AL7840,4219011/4240512014,01-02-2014,050YYS2015,20-07-2010,Lihat SK Operasional,2018-05-09 07,,36,1. Telkom Speedy,2. Axis,PLN,,,,,.000000000000,.000000000000,2,0,0,0,2013,Pagi/6 hari,,2022/2023-2,Telkom Speedy,450,1,0,0,1,0,0,1,1,2,0,0,0,0,2,0,0,2,0,0,0,1,0,0,1,0,2
Jawa Timur,Kab. Pasuruan,Bangil,https://sekolah.data.kemdikbud.go.id/index.php/Chome/profil/842AD9CA-F7E3-48E9-98E3-EBE809175F3F,https://referensi.data.kemdikbud.go.id/pendidikan/npsn/69837144,POS PAUD KASIH BUNDA,69837144,JL.MASJID RT.07 / RW.02,MASANGAN,KEC. BANGIL,KAB. PASURUAN,PROV. JAWA TIMUR,SWASTA,SPS,"Kementerian Pendidikan, Kebudayaan, Riset, dan Teknologi",Yayasan PKK DESA MASANGAN,AL7825,421.9/011/424.051/2016,17-06-2016,421.9/011/424.051/2016,17-06-2016,Lihat SK Operasional,2018-12-26 07,,60,1. Indosat IM3,2. Telkomsel Flash,PLN,,,paud.kasihbunda16@yahoo.com,,-7.593900000000,112.811800000000,1,0,0,0,2013,Pagi/6 hari,,2022/2023-2,Indosat IM3,900,1,0,0,0,0,0,2,0,1,0,0,0,0,1,0,0,1,0,0,0,0,1,0,0,0,1
Jawa Timur,Kab. Pasuruan,Bangil,https://sekolah.data.kemdikbud.go.id/index.php/Chome/profil/F96639AD-269A-4F79-A77E-6B53ABF8E050,https://referensi.data.kemdikbud.go.id/pendidikan/npsn/69837143,POS PAUD MELATI,69837143,JL . RA . KARTINI 04 RT 05 RW 01,LATEK,KEC. BANGIL,KAB. PASURUAN,PROV. JAWA TIMUR,SWASTA,SPS,"Kementerian Pendidikan, Kebudayaan, Riset, dan Teknologi",Yayasan kelurahan,AL7850,421.9/408/424.071/2019,08-04-2019,421.9 /011/424.071/2016,08-04-2019,Silakan Upload SK (link file tidak valid) => [669525-914500--],2022-08-03 13,,0,1. -,2. -,PLN,,,,,-7.605500000000,112.803600000000,2,0,0,0,2013,Sehari Penuh/3 hari,,2022/2023-2,Tidak Ada,900,3,0,0,1,0,0,4,0,2,0,0,0,0,2,0,0,2,0,0,0,0,0,1,1,0,2
Jawa Timur,Kab. Pasuruan,Bangil,https://sekolah.data.kemdikbud.go.id/index.php/Chome/profil/B28CEF55-6B1B-4E88-965C-34BE3AC9E623,https://referensi.data.kemdikbud.go.id/pendidikan/npsn/69837146,POS PAUD PITALOKA,69837146,PERUMAHAN KALIREJO PERMAI RW 01,KALIREJO,KEC. BANGIL,KAB. PASURUAN,PROV. JAWA TIMUR,SWASTA,SPS,"Kementerian Pendidikan, Kebudayaan, Riset, dan Teknologi",Lainnya,,421.9/7015/424.071/2018,02-01-2018,421.9/7015/424.071/2018,02-01-2018,Silakan Upload SK (link file tidak valid) => [220718-105520-555561-59435818-808384797.PDF],2018-09-22 16,,0,1. Smartfren,2. XL (GSM),PLN,,,op.paudpitaloka@gmail.com,,-7.588400000000,112.791500000000,3,0,0,0,2013,Siang/6 hari,,2022/2023-2,Smartfren,450,2,0,0,1,0,0,4,0,2,0,1,0,1,2,0,1,2,0,2,0,0,0,0,1,0,3
Jawa Timur,Kab. Pasuruan,Bangil,https://sekolah.data.kemdikbud.go.id/index.php/Chome/profil/00353FF9-366E-4937-BCDA-21C24B8EB14B,https://referensi.data.kemdikbud.go.id/pendidikan/npsn/69837145,POS PAUD PUSPA INDAH,69837145,JL. MENTIMUN,MANARUWI,KEC. BANGIL,KAB. PASURUAN,PROV. JAWA TIMUR,SWASTA,SPS,"Kementerian Pendidikan, Kebudayaan, Riset, dan Teknologi",Yayasan PUSPA INDAH,AL7830,421.9/7015/424.071/2018,02-01-2018,421.9/7015/424.071/2018,02-01-2018,Lihat SK Operasional,2018-07-30 13,,0,1. Smartfren,2. Indosat IM3,PLN,,,,,-7.590080000000,112.794271000000,1,0,0,0,2013,Pagi/6 hari,,2022/2023-2,Smartfren,450,1,0,0,0,0,0,2,0,1,0,0,0,0,1,0,1,0,0,1,0,0,0,0,0,0,1
Jawa Timur,Kab. Pasuruan,Bangil,https://sekolah.data.kemdikbud.go.id/index.php/Chome/profil/3CDC1694-6431-48B5-BE8C-F283D06BA09B,https://referensi.data.kemdikbud.go.id/pendidikan/npsn/69837140,POS PAUD TULIP,69837140,jl.Plaosan no.666 kel.kersikan kec.Bangil Kab.Pasuruan,KERSIKAN,KEC. BANGIL,KAB. PASURUAN,PROV. JAWA TIMUR,SWASTA,SPS,"Kementerian Pendidikan, Kebudayaan, Riset, dan Teknologi",,,421.9/7015/424.071/2017,31-01-2017,421.9/7015/424.071/2017,31-01-2017,Lihat SK Operasional,2017-11-29 12,,0,1. -,2. -,PLN,,,,,-7.594500000000,112.790200000000,2,0,0,0,2013,Pagi/6 hari,,2022/2023-2,Tidak Ada,900,1,0,0,2,0,0,2,1,2,0,0,0,0,2,0,0,2,1,0,0,0,1,0,0,0,2
Jawa Timur,Kab. Pasuruan,Bangil,https://sekolah.data.kemdikbud.go.id/index.php/Chome/profil/93CFF424-B741-483A-ACD8-284156A2434D,https://referensi.data.kemdikbud.go.id/pendidikan/npsn/69837138,POS PAUD TUNAS BANGSA,69837138,JL. DIPONEGORO NO.167 Gg.V KAMPUNG BARU,KIDUL DALEM,KEC. BANGIL,KAB. PASURUAN,PROV. JAWA TIMUR,SWASTA,SPS,"Kementerian Pendidikan, Kebudayaan, Riset, dan Teknologi",,,421.9/6/50/424.071/2018,17-06-2016,421.9/6/50/424.071/2018,17-06-2016,Silakan Upload SK (link file tidak valid) => [391562-493096--],2020-10-22 15,,35,1. 3 (Tri),2. XL (GSM),PLN,,,anikcholifah3@gmail.com,http,7.599300000000,112.781100000000,2,0,0,0,2013,Pagi/6 hari,,2022/2023-2,3 (Tri),900,1,0,0,0,0,0,3,0,2,0,0,0,0,2,1,0,1,0,0,0,0,1,0,1,0,2
Jawa Timur,Kab. Pasuruan,Bangil,https://sekolah.data.kemdikbud.go.id/index.php/Chome/profil/1FEC35E9-1F8D-421A-A6A6-88A2222959D6,https://referensi.data.kemdikbud.go.id/pendidikan/npsn/69938176,PP ANGGREK,69938176,Jalan Nener 217 RT 01 RW 01 Kalianyar,KALIANYAR,KEC. BANGIL,KAB. PASURUAN,PROV. JAWA TIMUR,SWASTA,SPS,"Kementerian Pendidikan, Kebudayaan, Riset, dan Teknologi",Yayasan PKK Kalianyar,AL7873,421.9/011/424.051/2016,17-06-2016,471.9/011/424.051/2016,17-06-2016,Lihat SK Operasional,2018-07-30 09,Belum Terakreditasi,0,1. Lainnya,2. Lainnya,PLN,,,pospaudanggrek2017@gmail.com,,-7.575300000000,112.798000000000,2,0,0,0,2013,Pagi/6 hari,,2022/2023-2,Lainnya,900,1,0,0,1,0,0,3,0,2,0,0,0,0,2,0,0,2,0,0,0,1,0,0,1,0,2
Jawa Timur,Kab. Pasuruan,Bangil,https://sekolah.data.kemdikbud.go.id/index.php/Chome/profil/E2789555-8868-48EE-BD86-9A26CC236C96,https://referensi.data.kemdikbud.go.id/pendidikan/npsn/69885111,RA. Darul Ulum,69885111,Jl. Cucut No.VIII/145 Gondang,BENDO MUNGAL,KEC. BANGIL,KAB. PASURUAN,PROV. JAWA TIMUR,SWASTA,RA,Kementerian Agama,Lainnya,,Kd.15.9/2/PP.00/2439/SK/2014,07-11-2016,RA / 14.0406 / 2018,05-08-2014,Lihat SK Operasional,2021-03-10 20,,0,,2.,,,,,,-7.591100000000,112.782700000000,0,0,0,0,,,,2022/2023-2,,,0,0,0,0,0,0,0,0,0,0,0,0,0,0,0,0,0,0,0,0,0,0,0,0,,
Jawa Timur,Kab. Pasuruan,Bangil,https://sekolah.data.kemdikbud.go.id/index.php/Chome/profil/4BBA0BCD-9ADB-4954-A6E1-6B3F8F0E6292,https://referensi.data.kemdikbud.go.id/pendidikan/npsn/69885110,RA. Masa Depan,69885110,JL.BADER KALIANYAR,KALIANYAR,KEC. BANGIL,KAB. PASURUAN,PROV. JAWA TIMUR,SWASTA,RA,Kementerian Agama,Lainnya,,kd.15.9/2/PP.00/1827/SK/2013,08-10-2013,kd.15.9/2/PP.00/1827/SK/2013,08-10-2013,Lihat SK Operasional,2016-02-18 13,,0,,2.,,,,,,-7.577717000000,112.796133000000,0,0,0,0,,,,2022/2023-2,,,0,0,0,0,0,0,0,0,0,0,0,0,0,0,0,0,0,0,0,0,0,0,0,0,,
Jawa Timur,Kab. Pasuruan,Bangil,https://sekolah.data.kemdikbud.go.id/index.php/Chome/profil/9F106489-6061-400D-990E-CC93039CACA7,https://referensi.data.kemdikbud.go.id/pendidikan/npsn/69745992,RA/BA/TA ABDUSSALAM,69745992,JL. KALISARI N0.3 BEKACAK RT 03 RW 03 BANGIL,KOLURSARI,KEC. BANGIL,KAB. PASURUAN,PROV. JAWA TIMUR,SWASTA,RA,Kementerian Agama,,,Mm.17/05.00/PP.00.4/416/2001,10-05-2001,Kd.13.14/05.00/PP.00.4/1279/SK/2010,29-06-2010,Lihat SK Operasional,2015-12-23 09,,0,,2.,,,,,,-7.595900000000,112.780200000000,0,0,0,0,,,,2022/2023-2,,,0,0,0,0,0,0,0,0,0,0,0,0,0,0,0,0,0,0,0,0,0,0,0,0,,
Jawa Timur,Kab. Pasuruan,Bangil,https://sekolah.data.kemdikbud.go.id/index.php/Chome/profil/224B0BA2-E075-4460-9198-36491EC519F0,https://referensi.data.kemdikbud.go.id/pendidikan/npsn/69745993,RA/BA/TA AL HASAN,69745993,JL. LAYUR NO 49 GG 2 GEMPENG BANGIL,GEMPENG,KEC. BANGIL,KAB. PASURUAN,PROV. JAWA TIMUR,SWASTA,RA,Kementerian Agama,,,Kd.13.14/05.00/PP.00.4/857/SK/2009,06-07-2009,Kd.13.14/05.00/PP.00.4/1279/SK/2010,29-06-2010,Lihat SK Operasional,2016-02-15 07,B,0,,2.,,,,,,-7.599000000000,112.789600000000,0,0,0,0,,,,2022/2023-2,,,0,0,0,0,0,0,0,0,0,0,0,0,0,0,0,0,0,0,0,0,0,0,0,0,,
Jawa Timur,Kab. Pasuruan,Bangil,https://sekolah.data.kemdikbud.go.id/index.php/Chome/profil/59A3A9D3-44A3-47B1-ADBC-2BDD70702739,https://referensi.data.kemdikbud.go.id/pendidikan/npsn/69745994,RA/BA/TA AL ISLAMIYAH,69745994,JL.SEKOLAHAN RACI NO 403 PANUMBUAN,RACI,KEC. BANGIL,KAB. PASURUAN,PROV. JAWA TIMUR,SWASTA,RA,Kementerian Agama,,,Kd.13.14/05.00/PP.00.4/1701/SK/2006,29-08-2006,RA/14.0004/2018,10-01-2018,Silakan Upload SK (link file tidak valid) => [370549-282073--],2020-09-06 10,B,0,,2.,,,,,,-7.602100000000,112.822500000000,0,0,0,0,,,,2022/2023-2,,,0,0,0,0,0,0,0,0,0,0,0,0,0,0,0,0,0,0,0,0,0,0,0,0,,
Jawa Timur,Kab. Pasuruan,Bangil,https://sekolah.data.kemdikbud.go.id/index.php/Chome/profil/40E76A79-B73F-40F8-A2D7-D08E9029E1EA,https://referensi.data.kemdikbud.go.id/pendidikan/npsn/69746000,RA/BA/TA AL-HAMIDI,69746000,Jl. Tawes No.1 Gg. Setia Kawan RT.010 RW.004 Satak,MANARUWI,KEC. BANGIL,KAB. PASURUAN,PROV. JAWA TIMUR,SWASTA,RA,Kementerian Agama,,,Kd.13.14/05.00/PP.00.4/1489/SK/2009,10-11-2009,-Kd.13.14/05.00/PP.00.4/1279/SK/2010,29-06-2010,Lihat SK Operasional,2016-01-26 06,,0,,2.,,,,,,-7.590200000000,112.791900000000,0,0,0,0,,,,2022/2023-2,,,0,0,0,0,0,0,0,0,0,0,0,0,0,0,0,0,0,0,0,0,0,0,0,0,,
Jawa Timur,Kab. Pasuruan,Bangil,https://sekolah.data.kemdikbud.go.id/index.php/Chome/profil/1F8F8116-52FB-405E-A00B-05363039F2FF,https://referensi.data.kemdikbud.go.id/pendidikan/npsn/69745995,RA/BA/TA AN NUR,69745995,JL. TENGIRI 524 BENDOMUNGAL BANGIL,MASANGAN,KEC. BANGIL,KAB. PASURUAN,PROV. JAWA TIMUR,SWASTA,RA,Kementerian Agama,,,W.m06.02/3.228/Ket/1994,02-12-1994,-Kd.13.14/05.00/PP.00.4/1979/SK/2010,29-06-2015,Lihat SK Operasional,2015-12-28 11,A,0,,2.,,,,,,-7.591489000000,112.785210000000,0,0,0,0,,,,2022/2023-2,,,0,0,0,0,0,0,0,0,0,0,0,0,0,0,0,0,0,0,0,0,0,0,0,0,,
Jawa Timur,Kab. Pasuruan,Bangil,https://sekolah.data.kemdikbud.go.id/index.php/Chome/profil/3BDED51D-8B43-43DA-9138-76BEA31D31D2,https://referensi.data.kemdikbud.go.id/pendidikan/npsn/69745996,RA/BA/TA HIDAYATUL MUBTADIIN,69745996,"MASANGAN, BANGIL",MASANGAN,KEC. BANGIL,KAB. PASURUAN,PROV. JAWA TIMUR,SWASTA,RA,Kementerian Agama,,,Kd.13.14/05.00/PP.00.4/342/2007,22-08-2007,RA/14.0006/2018,10-01-2018,Lihat SK Operasional,2020-09-04 15,,0,,2.,,,,,,-7.604900000000,112.814000000000,0,0,0,0,,,,2022/2023-2,,,0,0,0,0,0,0,0,0,0,0,0,0,0,0,0,0,0,0,0,0,0,0,0,0,,
Jawa Timur,Kab. Pasuruan,Bangil,https://sekolah.data.kemdikbud.go.id/index.php/Chome/profil/605A1233-58E9-4DF3-9B06-38F23F8FD92A,https://referensi.data.kemdikbud.go.id/pendidikan/npsn/69745997,RA/BA/TA NURUL HUDA,69745997,"JL. CEMANDI, KERSIKAN-BANGIL",KERSIKAN,KEC. BANGIL,KAB. PASURUAN,PROV. JAWA TIMUR,SWASTA,RA,Kementerian Agama,,,Mm.17/05.00/pp.004/416/2000,25-01-2007,RA / 14.0007 /2018,10-01-2018,Lihat SK Operasional,2022-08-01 05,,0,,2.,,,,,,-7.597600000000,112.788500000000,0,0,0,0,,,,2022/2023-2,,,0,0,0,0,0,0,0,0,0,0,0,0,0,0,0,0,0,0,0,0,0,0,0,0,,
Jawa Timur,Kab. Pasuruan,Bangil,https://sekolah.data.kemdikbud.go.id/index.php/Chome/profil/37EB340F-FF0C-4CAF-9768-D2AE7947EA4A,https://referensi.data.kemdikbud.go.id/pendidikan/npsn/69745998,RA/BA/TA PERSIS,69745998,JL. BENDOSULUNG,POGAR,KEC. BANGIL,KAB. PASURUAN,PROV. JAWA TIMUR,SWASTA,RA,Kementerian Agama,,,Mm.17/05.00/PP.004/416/2001,10-05-2001,Kd/13.14/05.00/PP.00.4/1279/SK/2010,29-06-2010,Lihat SK Operasional,2017-02-22 07,,0,,2.,,,,,,-7.595528600000,112.774711000000,0,0,0,0,,,,2022/2023-2,,,0,0,0,0,0,0,0,0,0,0,0,0,0,0,0,0,0,0,0,0,0,0,0,0,,
Jawa Timur,Kab. Pasuruan,Bangil,https://sekolah.data.kemdikbud.go.id/index.php/Chome/profil/0BD7799F-472F-44C6-ADAC-D15667093D71,https://referensi.data.kemdikbud.go.id/pendidikan/npsn/69745999,RA/BA/TA PERWANIDA,69745999,JL. PERIKANAN NO. 08,RACI,KEC. BANGIL,KAB. PASURUAN,PROV. JAWA TIMUR,SWASTA,RA,Kementerian Agama,,,W.m.06.02/1979/ket./1990,29-07-1982,kd.13.14/05.00/PP.00.4/1279/SK/2010,29-06-2009,Lihat SK Operasional,2016-01-27 10,,0,,2.,,,,,,-7.604330000000,112.824321000000,0,0,0,0,,,,2022/2023-2,,,0,0,0,0,0,0,0,0,0,0,0,0,0,0,0,0,0,0,0,0,0,0,0,0,,
Jawa Timur,Kab. Pasuruan,Bangil,https://sekolah.data.kemdikbud.go.id/index.php/Chome/profil/224E7785-BA37-4C4B-8AC1-1F19A37F3775,https://referensi.data.kemdikbud.go.id/pendidikan/npsn/69746001,RA/BA/TA RAHMAT,69746001,JL. M. YASIN NO. 51 BANGIL,KOLURSARI,KEC. BANGIL,KAB. PASURUAN,PROV. JAWA TIMUR,SWASTA,RA,Kementerian Agama,,,W.m.06.02/3.227/Ket/1994,15-07-1987,RA/14.0010/2018,10-01-2018,Silakan Upload SK (link file tidak valid) => [370545-804596--],2020-09-06 10,,0,,2.,,,,,,-7.605000000000,112.784700000000,0,0,0,0,,,,2022/2023-2,,,0,0,0,0,0,0,0,0,0,0,0,0,0,0,0,0,0,0,0,0,0,0,0,0,,
Jawa Timur,Kab. Pasuruan,Bangil,https://sekolah.data.kemdikbud.go.id/index.php/Chome/profil/2F40992A-6D70-4C98-A485-4049A1C02961,https://referensi.data.kemdikbud.go.id/pendidikan/npsn/69837095,TAB AL USWAH,69837095,JL. BANGIL-PANDAAN KM. 1,POGAR,KEC. BANGIL,KAB. PASURUAN,PROV. JAWA TIMUR,SWASTA,TPA,"Kementerian Pendidikan, Kebudayaan, Riset, dan Teknologi",Yayasan Amal Sholeh Bangil,AL7871,022.05/022.05/YAS-LPIT AU/V/2003,01-05-2003,421.9/      /424.071/2020,31-01-2020,Lihat SK Operasional,2022-03-28 14,,"2,000",1. Indosat IM3,2. Telkom Speedy,PLN,,0343746674,paudterpadualuswah@yahoo.com,,-7.604400000000,112.772100000000,3,0,0,0,2013,Sehari Penuh/5 hari,,2022/2023-2,Indosat IM3,"2,000",1,0,0,2,0,0,4,0,3,0,0,0,0,3,0,0,3,3,0,0,0,0,0,0,0,3
Jawa Timur,Kab. Pasuruan,Bangil,https://sekolah.data.kemdikbud.go.id/index.php/Chome/profil/DB969881-8F7B-4B0A-B155-A12E5FA1131A,https://referensi.data.kemdikbud.go.id/pendidikan/npsn/70005788,TAB PERSISTRI,70005788,Jl. Bendosulung Kebon Utara No 0709 RT 1 RW 6,POGAR,KEC. BANGIL,KAB. PASURUAN,PROV. JAWA TIMUR,SWASTA,TPA,"Kementerian Pendidikan, Kebudayaan, Riset, dan Teknologi",,,A001-PAUD/TAB/XII-2013,01-12-2013,421.9/6155/424.071/2018,12-09-2018,Lihat SK Operasional,2021-11-08 01,,90,1. -,2. Indosat IM3,PLN,,,tabpersistri@gmail.com,,-7.594500000000,112.775800000000,3,0,0,0,2013,Sehari Penuh/6 hari,,2022/2023-2,Tidak Ada,"2,200",3,0,0,0,0,0,4,0,3,0,0,0,0,3,0,0,3,2,0,0,0,1,0,0,0,3
Jawa Timur,Kab. Pasuruan,Bangil,https://sekolah.data.kemdikbud.go.id/index.php/Chome/profil/F8DDAF61-5475-4942-8E8E-2003DB12D7A8,https://referensi.data.kemdikbud.go.id/pendidikan/npsn/20552861,TK AISYAH BUSTANUL ATHFAL 2,20552861,JL. APEL NO. 684 KOMPLEKS MASJID MUHAJIRIN,KIDUL DALEM,KEC. BANGIL,KAB. PASURUAN,PROV. JAWA TIMUR,SWASTA,TK,"Kementerian Pendidikan, Kebudayaan, Riset, dan Teknologi",Yayasan Pimpinan Daerah Muhammadiyah (PDM) Kab. Pasuruan,AO5455,05/AISYIYAH/V/I/2006,01-01-2006,421.9/4481/424.051/2020,21-12-2016,Lihat SK Operasional,2020-10-21 12,A,240,1. -,2. Smartfren,PLN,,,tkaisyiyah2bangil@gmail.com,,-7.602600000000,112.780200000000,4,0,0,0,2013,Pagi/6 hari,,2022/2023-2,Tidak Ada,950,4,0,1,2,0,0,5,0,4,0,0,0,2,2,1,2,1,0,0,3,0,1,0,0,0,4
Jawa Timur,Kab. Pasuruan,Bangil,https://sekolah.data.kemdikbud.go.id/index.php/Chome/profil/07414102-0941-4D67-8F23-A30BB0377E50,https://referensi.data.kemdikbud.go.id/pendidikan/npsn/20552821,TK AISYIYAH BUSTANUL ATHFAL I,20552821,JL. ALUN-ALUN TIMUR NO. 02,KERSIKAN,KEC. BANGIL,KAB. PASURUAN,PROV. JAWA TIMUR,SWASTA,TK,"Kementerian Pendidikan, Kebudayaan, Riset, dan Teknologi",Yayasan Pimpinan Daerah Muhammadiyah (PDM) Kab. Pasuruan,AO5455,414.44/431.070/1466/2002,18-08-1959,421.9/7015/424.051/2016,21-12-2016,Lihat SK Operasional,2020-10-23 13,B,"2,280",1. Telkomsel Flash,2. Telkom Speedy,PLN,,,tkaba1bangil@gmail.com,,-7.597800000000,112.785900000000,4,0,0,0,2013,Pagi/6 hari,,2022/2023-2,Telkomsel Flash,"1,300",4,0,1,0,0,0,5,0,4,0,0,0,0,4,0,4,0,2,0,0,2,0,0,0,0,4
Jawa Timur,Kab. Pasuruan,Bangil,https://sekolah.data.kemdikbud.go.id/index.php/Chome/profil/739FC171-858E-4A44-8187-9C7DFAF0DFAF,https://referensi.data.kemdikbud.go.id/pendidikan/npsn/69873360,TK AL IKHLAS,69873360,JALAN TENGIRI NO. 456,BENDO MUNGAL,KEC. BANGIL,KAB. PASURUAN,PROV. JAWA TIMUR,SWASTA,TK,"Kementerian Pendidikan, Kebudayaan, Riset, dan Teknologi",Yayasan FATIMAH AZ ZAHROH,AL7836,AHU-0008803.AH.01.04,23-05-2017,421.9/4481/424.071/2019,21-12-2019,Lihat SK Operasional,2021-06-25 12,B,356,1. Telkomsel Flash,2. Telkom Speedy,PLN & Diesel,,,puspa.indra54@gmail.com,http,-7.593300000000,112.786300000000,7,0,0,0,2013,Pagi/6 hari,,2022/2023-2,Telkomsel Flash,"3,600",7,0,0,2,0,0,9,0,6,0,1,0,1,6,0,2,5,4,1,1,1,0,0,0,0,7
Jawa Timur,Kab. Pasuruan,Bangil,https://sekolah.data.kemdikbud.go.id/index.php/Chome/profil/EF431120-63D8-41F1-A84A-B4050C4DEBD7,https://referensi.data.kemdikbud.go.id/pendidikan/npsn/20552851,TK AL IRSYAD,20552851,JL. BADER RT.002 RW. 001,KALIREJO,KEC. BANGIL,KAB. PASURUAN,PROV. JAWA TIMUR,SWASTA,TK,"Kementerian Pendidikan, Kebudayaan, Riset, dan Teknologi",Yayasan Perhimpunan Al-Irsyad,AL7870,007/A/SKPP/05/2004,10-05-2004,503/012/IPPSPP/I/424.086/2023,31-12-2019,Lihat SK Operasional,2023-01-30 11,A,"1,858",1. Indosat IM3,2. Telkom Speedy,PLN,,,tkalirsyadbangil@gmail.com,,-7.596900000000,112.787300000000,4,0,0,0,2013,Pagi/6 hari,,2022/2023-2,Indosat IM3,"1,300",2,0,0,0,0,0,5,0,4,0,0,0,1,3,0,4,0,0,0,2,0,1,0,1,0,4
Jawa Timur,Kab. Pasuruan,Bangil,https://sekolah.data.kemdikbud.go.id/index.php/Chome/profil/849F08C0-A5AD-481A-8904-36F2A81F1840,https://referensi.data.kemdikbud.go.id/pendidikan/npsn/20552849,TK AL USWAH,20552849,JL. RAYA BANGIL PANDAAN KM. 1,POGAR,KEC. BANGIL,KAB. PASURUAN,PROV. JAWA TIMUR,SWASTA,TK,"Kementerian Pendidikan, Kebudayaan, Riset, dan Teknologi",Yayasan Amal Sholeh Bangil,AL7871,022.05/022.05/YAS-LPIT AU/V/2002,01-05-2002,421.9/4481/424.071/2020,31-01-2020,Lihat SK Operasional,2022-03-28 14,A,"2,000",1. Indosat IM3,2. Telkom Speedy,PLN,,0343746674,paudterpadualuswah@yahoo.co.id,http,-7.604400000000,112.772100000000,8,0,0,0,2013,Sehari Penuh/5 hari,,2022/2023-2,Indosat IM3,"2,000",6,0,1,2,0,0,10,1,8,0,0,0,0,8,0,2,6,5,3,0,0,0,0,0,0,8
Jawa Timur,Kab. Pasuruan,Bangil,https://sekolah.data.kemdikbud.go.id/index.php/Chome/profil/ADFE7F04-CB7A-4FED-9F62-CAFE6978D393,https://referensi.data.kemdikbud.go.id/pendidikan/npsn/20552827,TK AL-ISLAMIYAH BANGIL,20552827,JL. MUSING NO. 637 A SINGOPOLO,KAUMAN,KEC. BANGIL,KAB. PASURUAN,PROV. JAWA TIMUR,SWASTA,TK,"Kementerian Pendidikan, Kebudayaan, Riset, dan Teknologi",,,414.44/431.070/1466/2002,30-08-2001,421.9/4481/424.071/2019,31-12-2019,Lihat SK Operasional,2022-03-21 14,B,150,1. -,2. 3 (Tri),Lainnya,,,tkalislamiyah63@gmail.com,,-7.594100000000,112.783100000000,6,0,0,0,2013,Pagi/6 hari,,2022/2023-2,Tidak Ada,900,6,0,0,0,0,0,7,0,4,0,2,0,0,6,0,5,1,0,1,1,4,0,0,0,0,6
Jawa Timur,Kab. Pasuruan,Bangil,https://sekolah.data.kemdikbud.go.id/index.php/Chome/profil/2E77B8E3-B78C-46F8-81FA-DEDEF4F4DE66,https://referensi.data.kemdikbud.go.id/pendidikan/npsn/20552818,TK ARROCHMAH,20552818,JL. GURAMI / 226 A,KAUMAN,KEC. BANGIL,KAB. PASURUAN,PROV. JAWA TIMUR,SWASTA,TK,"Kementerian Pendidikan, Kebudayaan, Riset, dan Teknologi",YAYASAN ROUDLOTUL ULUM BANGIL,AL7833,AHU-5673.AH.01.04 TAHUN 2013,01-10-1982,421/0001/424.071/2022,21-12-2019,Lihat SK Operasional,2022-08-11 09,A,80,1. XL (GSM),2. Telkom Speedy,PLN,,,,,-7.595800000000,112.781000000000,6,0,0,0,2013,Pagi/6 hari,,2022/2023-2,XL (GSM),450,4,0,1,2,0,0,8,0,6,0,0,0,1,5,0,6,0,0,0,1,1,0,3,1,0,6
Jawa Timur,Kab. Pasuruan,Bangil,https://sekolah.data.kemdikbud.go.id/index.php/Chome/profil/17C8C790-1854-42BD-A039-0CD855D47551,https://referensi.data.kemdikbud.go.id/pendidikan/npsn/69852176,TK DHARMA WANITA PERSATUAN 07,69852176,Jl. Kwangsan No. 59,KALIREJO,KEC. BANGIL,KAB. PASURUAN,PROV. JAWA TIMUR,SWASTA,TK,"Kementerian Pendidikan, Kebudayaan, Riset, dan Teknologi",Yayasan PKK DESA GEMPOL,AI6168,414.44/431.070/1466/200,30-08-2001,421.9/4481/424.071/2019,21-12-2016,Lihat SK Operasional,2020-11-10 13,B,0,1. 3 (Tri),2. Telkom Speedy,PLN,,,tkdwp07@gmail.com,,-7.587500000000,112.792700000000,3,0,0,0,2013,Pagi/6 hari,,2022/2023-2,3 (Tri),450,2,0,1,0,0,0,4,0,3,0,0,0,1,2,0,1,2,2,0,0,1,0,0,0,0,3
Jawa Timur,Kab. Pasuruan,Bangil,https://sekolah.data.kemdikbud.go.id/index.php/Chome/profil/94BBF6C2-1F63-4F77-ABC4-C1E3BB3034DC,https://referensi.data.kemdikbud.go.id/pendidikan/npsn/20552816,TK DHARMA WANITA PERSATUAN 1,20552816,JL. APEL NO. 387,KIDUL DALEM,KEC. BANGIL,KAB. PASURUAN,PROV. JAWA TIMUR,SWASTA,TK,"Kementerian Pendidikan, Kebudayaan, Riset, dan Teknologi",Yayasan PKK DESA GEMPOL,AI6168,414.44/431.070/1466/2002,30-08-2001,421.9/910/424.071/2019,08-04-2019,Lihat SK Operasional,2020-01-30 10,B,0,1. Telkom Speedy,2. Indosat IM3,PLN,,,tkdwpbangil@gmail.com,,-7.601100000000,112.781200000000,2,0,0,0,2013,Pagi/6 hari,,2022/2023-2,Telkom Speedy,450,2,0,0,0,0,0,3,0,2,0,0,0,0,2,0,1,1,2,0,0,0,0,0,0,0,2
Jawa Timur,Kab. Pasuruan,Bangil,https://sekolah.data.kemdikbud.go.id/index.php/Chome/profil/18E81B42-0AAD-45C8-B4DF-581419C53F09,https://referensi.data.kemdikbud.go.id/pendidikan/npsn/20552833,TK DHARMA WANITA PERSATUAN 2,20552833,JL. APEL NO. 387,KIDUL DALEM,KEC. BANGIL,KAB. PASURUAN,PROV. JAWA TIMUR,SWASTA,TK,"Kementerian Pendidikan, Kebudayaan, Riset, dan Teknologi",Yayasan PKK DESA GEMPOL,AI6168,414.44/431.070/1466/2002,01-04-1974,421.9/7015/424.051/2016,21-12-2016,Lihat SK Operasional,2017-11-13 08,B,144,1. Smartfren,2. Smartfren,PLN,,,tkdharmawan2bangil@gmail.com,,-7.603000000000,112.781700000000,5,0,0,0,2013,Pagi/6 hari,,2022/2023-2,Smartfren,900,2,0,0,0,0,0,5,0,5,0,0,0,2,3,0,2,3,1,2,1,0,0,0,1,0,5
Jawa Timur,Kab. Pasuruan,Bangil,https://sekolah.data.kemdikbud.go.id/index.php/Chome/profil/247837D9-8120-42AE-AB5D-D589DC5A52BB,https://referensi.data.kemdikbud.go.id/pendidikan/npsn/20552835,TK DHARMA WANITA PERSATUAN 3 BANGIL,20552835,JL. JENDRAL SUDIRMAN NO. 1,POGAR,KEC. BANGIL,KAB. PASURUAN,PROV. JAWA TIMUR,SWASTA,TK,"Kementerian Pendidikan, Kebudayaan, Riset, dan Teknologi",Yayasan PKK DESA GEMPOL,AI6168,414.44/431.070/1466/2002,30-08-2001,421.9/448/424.071/2019,21-12-2019,Lihat SK Operasional,2022-04-14 04,B,0,1. Telkomsel Flash,2. Telkomsel Flash,PLN,,,,,-7.595800000000,112.771800000000,3,0,0,0,2013,Pagi/6 hari,,2022/2023-2,Telkomsel Flash,900,2,0,0,1,1,0,2,0,2,0,1,0,1,2,0,2,1,1,1,0,1,0,0,0,0,3
Jawa Timur,Kab. Pasuruan,Bangil,https://sekolah.data.kemdikbud.go.id/index.php/Chome/profil/3A999A2F-636E-4EDE-9483-616CD8AD20E1,https://referensi.data.kemdikbud.go.id/pendidikan/npsn/20552820,TK DHARMA WANITA PERSATUAN 5,20552820,JL. MANGGIS NO. 325,DERMO,KEC. BANGIL,KAB. PASURUAN,PROV. JAWA TIMUR,SWASTA,TK,"Kementerian Pendidikan, Kebudayaan, Riset, dan Teknologi",Yayasan PKK DESA GEMPOL,AI6168,414.44/5307/424.051/2010,20-12-2010,421.9/4481/424.071/2020,31-01-2020,Lihat SK Operasional,2022-03-21 08,B,277,1. Indosat IM3,2. Telkom Speedy,PLN,,,tkdewepe5bgl@gmail.com,,-7.603300000000,112.793300000000,3,0,0,0,2013,Double Shift/6 hari,,2022/2023-2,Indosat IM3,0,2,0,0,0,0,0,4,0,3,0,0,0,0,3,0,1,2,1,1,0,0,1,0,0,0,3
Jawa Timur,Kab. Pasuruan,Bangil,https://sekolah.data.kemdikbud.go.id/index.php/Chome/profil/3FF20525-B6F5-4490-AA74-18C91AA524DC,https://referensi.data.kemdikbud.go.id/pendidikan/npsn/20552844,TK DHARMA WANITA PERSATUAN 8,20552844,JL. TILASAREM NO. 76,TAMBAKAN,KEC. BANGIL,KAB. PASURUAN,PROV. JAWA TIMUR,SWASTA,TK,"Kementerian Pendidikan, Kebudayaan, Riset, dan Teknologi",Yayasan PKK DESA GEMPOL,AI6168,414.44/431.070/1466/2002,30-08-2001,503/345/IPPSPP/V/424.086/2022,21-05-2022,Lihat SK Operasional,2022-09-12 06,B,0,1. Lainnya,2. Indosat IM3,PLN,,,dharmawanita8bangil@gmail.com,,-7.573400000000,112.795900000000,3,0,0,0,2013,Pagi/6 hari,,2022/2023-2,Lainnya,450,2,0,0,1,0,0,4,0,3,0,0,0,0,3,0,0,3,1,1,0,0,0,1,0,0,3
Jawa Timur,Kab. Pasuruan,Bangil,https://sekolah.data.kemdikbud.go.id/index.php/Chome/profil/32F9D357-C658-41D6-B264-AB7BAECF75E2,https://referensi.data.kemdikbud.go.id/pendidikan/npsn/20552837,TK DHARMA WANITA PERSATUAN IV,20552837,JL. KEMADEN NO. 689,KERSIKAN,KEC. BANGIL,KAB. PASURUAN,PROV. JAWA TIMUR,SWASTA,TK,"Kementerian Pendidikan, Kebudayaan, Riset, dan Teknologi",Yayasan PKK DESA GEMPOL,AI6168,117/II04.27/T4.82/P.,01-01-1977,421.9/7015/424.051/2016,21-12-2019,Lihat SK Operasional,2018-12-03 12,B,0,1. Smartfren,2. Telkomsel Flash,PLN,,,tkdwp4kersikan@gmail.com,,-7.594700000000,112.790200000000,3,0,0,0,2013,Pagi/6 hari,,2022/2023-2,Smartfren,400,3,0,0,0,0,0,3,0,3,0,0,0,0,3,0,2,1,1,0,0,1,1,0,0,0,3
Jawa Timur,Kab. Pasuruan,Bangil,https://sekolah.data.kemdikbud.go.id/index.php/Chome/profil/54F7809F-C9B2-4B1D-85EE-A0FF43A1FEA7,https://referensi.data.kemdikbud.go.id/pendidikan/npsn/20552830,TK DHARMA WANITA PERSATUAN VI,20552830,JL. PAKUJOYO NO. 20,LATEK,KEC. BANGIL,KAB. PASURUAN,PROV. JAWA TIMUR,SWASTA,TK,"Kementerian Pendidikan, Kebudayaan, Riset, dan Teknologi",Yayasan PKK DESA GEMPOL,AI6168,AHU. 0004357.AH.01.07.tahun 2021,12-04-2021,503/191/IPPSPP/IV/424.086/2022,10-04-2022,Lihat SK Operasional,2023-03-14 09,B,352,1. Telkom Speedy,2. 3 (Tri),PLN,,,tkdwp6latek@gmail.com,,-7.607900000000,112.802100000000,4,0,0,0,2013,Pagi/6 hari,,2022/2023-2,Telkom Speedy,900,4,0,1,1,0,0,5,0,3,0,1,0,0,4,0,4,0,0,0,0,4,0,0,0,0,4
Jawa Timur,Kab. Pasuruan,Bangil,https://sekolah.data.kemdikbud.go.id/index.php/Chome/profil/9E104BB7-6265-4AB1-8519-BC2B0323E4DD,https://referensi.data.kemdikbud.go.id/pendidikan/npsn/69918981,TK HARAPAN BUNDA,69918981,Jalan Nanas Rt 01/03,DERMO,KEC. BANGIL,KAB. PASURUAN,PROV. JAWA TIMUR,SWASTA,TK,"Kementerian Pendidikan, Kebudayaan, Riset, dan Teknologi",Lainnya,AK2068,148/0/424.214.1.08/2015,10-11-2015,421.9/4401/424.071/2019,21-12-2019,Lihat SK Operasional,2020-10-27 08,A,228,1. XL (GSM),2. Telkom Speedy,PLN,0818325258,,harapanbunda142@gmail.com,,-7.603900000000,112.790300000000,3,0,0,0,2013,Pagi/6 hari,,2022/2023-2,XL (GSM),900,2,0,0,1,0,0,4,0,3,0,0,0,0,3,0,3,0,0,2,1,0,0,0,0,0,3
Jawa Timur,Kab. Pasuruan,Bangil,https://sekolah.data.kemdikbud.go.id/index.php/Chome/profil/AF49795F-17D6-4F45-BBF2-24F81C36A173,https://referensi.data.kemdikbud.go.id/pendidikan/npsn/20552819,TK JALALUDDIN,20552819,JL. BENDOSULUNG NO. 63,POGAR,KEC. BANGIL,KAB. PASURUAN,PROV. JAWA TIMUR,SWASTA,TK,"Kementerian Pendidikan, Kebudayaan, Riset, dan Teknologi",YAYASAN JALALUDDIN RANTING GAJAH,AX2158,414.44/431.070/1466/2002,30-08-2001,421.9/448/424.071/2019,21-12-2019,Lihat SK Operasional,2020-03-03 06,B,300,1. 3 (Tri),2. Lainnya (Kabel),PLN,,,ulfahaisyah81@gmail.cm,,-7.592800000000,112.775600000000,3,0,0,0,2013,Pagi/6 hari,,2022/2023-2,3 (Tri),900,2,0,0,1,0,0,4,0,3,0,0,0,0,3,0,1,2,1,0,0,1,1,0,0,0,3
Jawa Timur,Kab. Pasuruan,Bangil,https://sekolah.data.kemdikbud.go.id/index.php/Chome/profil/281EBF83-DC10-489C-BF40-007E9186CEB7,https://referensi.data.kemdikbud.go.id/pendidikan/npsn/20552823,TK KHA WAHID HASYIM,20552823,JL. TONGKOL NO. 32,DERMO,KEC. BANGIL,KAB. PASURUAN,PROV. JAWA TIMUR,SWASTA,TK,"Kementerian Pendidikan, Kebudayaan, Riset, dan Teknologi",Yayasan Pesantren Putri KHA. WAHID HASYIM,AL7839,1963,01-01-1963,421.9/4481/424.071/2020,31-01-2020,Silakan Upload SK (link file tidak valid) => [668977-714581--],2022-08-03 11,A,550,1. Telkom Speedy,2. Telkom Speedy,PLN,,,paudterpadukhawahidhasyim@yahoo.com,http,-7.000000000000,112.000000000000,10,0,0,0,2013,Pagi/6 hari,,2022/2023-2,Telkom Speedy,"2,400",5,0,1,2,0,0,11,0,10,0,0,0,2,8,0,7,3,1,2,3,1,1,2,0,0,10
Jawa Timur,Kab. Pasuruan,Bangil,https://sekolah.data.kemdikbud.go.id/index.php/Chome/profil/1F642C10-6D3C-4181-B022-939C85A689B7,https://referensi.data.kemdikbud.go.id/pendidikan/npsn/20552825,TK M 14 HASYIM ASYARI,20552825,JL. SUNGKONO NO. 115,POGAR,KEC. BANGIL,KAB. PASURUAN,PROV. JAWA TIMUR,SWASTA,TK,"Kementerian Pendidikan, Kebudayaan, Riset, dan Teknologi",Yayasan H. MOESTADJAB,AL7869,421/35/2/1969,02-02-1969,421.9/4481/424.071/2020,01-01-2020,Lihat SK Operasional,2021-04-21 23,B,165,1. Lainnya,2. Telkom Speedy,PLN,,,tkm14hasyimasyari@gmail.com,,-7.601400000000,112.775200000000,5,0,0,0,2013,Pagi/6 hari,,2022/2023-2,Lainnya,450,5,0,1,0,0,0,6,0,5,0,0,0,0,5,0,2,3,0,1,1,2,0,0,1,0,5
Jawa Timur,Kab. Pasuruan,Bangil,https://sekolah.data.kemdikbud.go.id/index.php/Chome/profil/4B0452E2-7587-4421-965F-334E879EE04D,https://referensi.data.kemdikbud.go.id/pendidikan/npsn/20552831,TK MASYITHOH,20552831,JL. DORANG NO. 377,BENDO MUNGAL,KEC. BANGIL,KAB. PASURUAN,PROV. JAWA TIMUR,SWASTA,TK,"Kementerian Pendidikan, Kebudayaan, Riset, dan Teknologi",Yayasan MASYITHOH,AL7843,52/1104.27/14.82/p.,10-02-1971,421.9/705/424.051/2016,21-12-2016,Lihat SK Operasional,2020-10-27 09,C,154,1. -,2. -,PLN,,,nf505268@gmail.com,,-7.594600000000,112.784400000000,1,0,0,0,2013,Pagi/6 hari,,2022/2023-2,Tidak Ada,450,3,0,0,0,0,0,2,0,1,0,0,0,1,0,0,1,0,0,0,1,0,0,0,0,0,1
Jawa Timur,Kab. Pasuruan,Bangil,https://sekolah.data.kemdikbud.go.id/index.php/Chome/profil/BC48608A-B881-4C21-99C4-4D6C9C54945A,https://referensi.data.kemdikbud.go.id/pendidikan/npsn/20552840,TK MIFTAHUL HUDA BANGIL,20552840,JL. SILI NO. 05,MANARUWI,KEC. BANGIL,KAB. PASURUAN,PROV. JAWA TIMUR,SWASTA,TK,"Kementerian Pendidikan, Kebudayaan, Riset, dan Teknologi",YAYASAN MIFTAHUL HUDA MANARUWI,AL7865,414.9/431.070/1466/2002,30-08-2001,421.9/4481/424.071/2021,07-01-2021,Lihat SK Operasional,2021-04-23 15,B,0,1. 3 (Tri),2. Lainnya (Serat Optik),PLN,,,tk.miftahulhudabangil@gmail.com,,-7.592300000000,112.799700000000,4,0,0,0,2013,Pagi/6 hari,,2022/2023-2,3 (Tri),900,2,0,0,0,0,0,5,0,4,0,0,0,0,4,0,4,0,0,1,1,1,1,0,0,0,4
Jawa Timur,Kab. Pasuruan,Bangil,https://sekolah.data.kemdikbud.go.id/index.php/Chome/profil/374DA411-66E5-47CD-93AE-756AD554DD76,https://referensi.data.kemdikbud.go.id/pendidikan/npsn/20552828,TK MUSLIMAT 16 TANWIRUL HIJAA,20552828,JL. LAYUR NO. 195.196,GEMPENG,KEC. BANGIL,KAB. PASURUAN,PROV. JAWA TIMUR,SWASTA,TK,"Kementerian Pendidikan, Kebudayaan, Riset, dan Teknologi",YAYASAN PENDIDIKAN ISLAM TANWIRUL HIJAA,AL7864,414.44/431.070/1466/2002,30-08-2001,421.9/7015/424.051/2016,21-12-2016,Silakan Upload SK (link file tidak valid) => [190478-851846-388164-44096217-700048193.PDF],2017-11-20 09,A,390,1. Linknet,2. Linknet,PLN,,,tkm16tanwirulhijaa@gmail.com,,-7.597400000000,112.791000000000,8,0,0,0,2013,Pagi/6 hari,,2022/2023-2,Linknet,900,8,0,0,1,0,0,8,0,6,0,2,0,1,7,0,6,2,2,3,0,2,1,0,0,0,8
Jawa Timur,Kab. Pasuruan,Bangil,https://sekolah.data.kemdikbud.go.id/index.php/Chome/profil/B32D634D-E7F6-4F06-B96A-B0C271AD6E38,https://referensi.data.kemdikbud.go.id/pendidikan/npsn/69919134,TK MUSLIMAT 83 ANISAH,69919134,Jl. Raya Bangil - Pandaan KM 01 Kolursari Bangil,KOLURSARI,KEC. BANGIL,KAB. PASURUAN,PROV. JAWA TIMUR,SWASTA,TK,"Kementerian Pendidikan, Kebudayaan, Riset, dan Teknologi",Yayasan ANISAH FOUNDATION,AL7859,421.9/736/424.051/2013,21-12-2013,421.9/4481/424.071/2019,21-12-2019,Lihat SK Operasional,2020-02-19 07,A,"1,058",1. Smartfren,2. Telkom Speedy,PLN,,,paud.annisa48@gmail.com,,-7.606300000000,112.770000000000,6,0,0,0,2013,Pagi/6 hari,,2022/2023-2,Smartfren,"4,500",6,0,1,2,1,0,7,0,5,0,1,0,0,6,0,4,2,2,1,0,1,2,0,0,0,6
Jawa Timur,Kab. Pasuruan,Bangil,https://sekolah.data.kemdikbud.go.id/index.php/Chome/profil/F67483C7-7D73-41EB-9FA6-99CD421F929D,https://referensi.data.kemdikbud.go.id/pendidikan/npsn/20552852,TK MUSLIMAT LXXXVII HIDAYATUS SHIBYAN,20552852,JL. KAKAP NO. 441 KALI KUNTING,TAMBAKAN,KEC. BANGIL,KAB. PASURUAN,PROV. JAWA TIMUR,SWASTA,TK,"Kementerian Pendidikan, Kebudayaan, Riset, dan Teknologi",,,421.9/736/424.051/2013,21-12-2013,503/507/IPPSPP/VII/424.086/2022,26-07-2022,Lihat SK Operasional,2022-07-28 07,B,0,1. Lainnya,2. Lainnya,PLN,,,tkhidayatusshibyan87@gmail.com,,-7.579000000000,112.786600000000,2,0,0,0,2013,Siang/6 hari,,2022/2023-2,Lainnya,450,2,0,1,1,0,0,3,0,2,0,0,0,0,2,0,1,1,0,0,1,1,0,0,0,0,2
Jawa Timur,Kab. Pasuruan,Bangil,https://sekolah.data.kemdikbud.go.id/index.php/Chome/profil/3740F036-167F-438E-A8BD-EA0E492F296C,https://referensi.data.kemdikbud.go.id/pendidikan/npsn/20552829,TK MUSLIMAT NU 10 KHODIJAH,20552829,JL. UNTUNG SUROPATI NO. 366 BANGIL,KIDUL DALEM,KEC. BANGIL,KAB. PASURUAN,PROV. JAWA TIMUR,SWASTA,TK,"Kementerian Pendidikan, Kebudayaan, Riset, dan Teknologi",Yayasan Muslimat NU,AL7907,414.44/431.070/1466/2002,05-06-1970,421.9/4481/424.071/2019,21-12-2019,Lihat SK Operasional,2020-02-27 11,A,0,1. Smartfren,2. Telkom Speedy,PLN,,,khodijahkiduldalem@gmail.com,,-7.598700000000,112.783900000000,4,0,0,0,PAUD Merdeka,Pagi/6 hari,,2022/2023-2,Smartfren,900,4,0,0,0,1,0,4,0,3,0,1,0,0,4,1,2,1,0,0,0,2,0,1,1,0,4
Jawa Timur,Kab. Pasuruan,Bangil,https://sekolah.data.kemdikbud.go.id/index.php/Chome/profil/E2078AD3-1877-4EDE-9078-CEEFC8C36CED,https://referensi.data.kemdikbud.go.id/pendidikan/npsn/20552850,TK MUSLIMAT NU 82 NURUL FITYAN,20552850,JL. NANAS 16 RT 08-RW02 LUMPANG BOLONG,DERMO,KEC. BANGIL,KAB. PASURUAN,PROV. JAWA TIMUR,SWASTA,TK,"Kementerian Pendidikan, Kebudayaan, Riset, dan Teknologi",Yayasan Nurul Fityan,AL7827,ahu-07194.50.10.2014,06-10-2014,503/353/IPPSPP/V/424.086/2022,21-05-2022,Lihat SK Operasional,2022-08-03 09,B,360,1. Indosat IM3,2. Indosat IM3,PLN,,0343743107,tkmnu82nurulfityan@yahoo.co.id,http,-7.604800000000,112.793600000000,8,0,0,0,2013,Pagi/6 hari,,2022/2023-2,Indosat IM3,"1,299",6,0,1,2,0,0,8,0,8,0,0,0,0,8,0,7,1,0,3,1,2,0,1,1,1,7
Jawa Timur,Kab. Pasuruan,Bangil,https://sekolah.data.kemdikbud.go.id/index.php/Chome/profil/86A5FF40-D7F2-4650-BB47-1FFC4F499ED2,https://referensi.data.kemdikbud.go.id/pendidikan/npsn/20552824,TK MUSLIMAT NU AL-HIDAYAH,20552824,JL. NENER NO. 260,KALIANYAR,KEC. BANGIL,KAB. PASURUAN,PROV. JAWA TIMUR,SWASTA,TK,"Kementerian Pendidikan, Kebudayaan, Riset, dan Teknologi",Yayasan Al-Hidayah Kalianyar,AL7851,414.44/431.070/1466/2002,30-08-2001,503/489/IPPSPP/VII/424.086/2022,22-07-2022,Lihat SK Operasional,2022-09-27 15,B,520,1. Telkom Speedy,2. Telkom Speedy,PLN,,,tkalhidayah2015x@gmail.com,,-7.576800000000,112.799300000000,5,0,0,0,2013,Pagi/6 hari,,2022/2023-2,Telkom Speedy,450,6,0,0,2,0,0,6,0,5,0,0,0,0,5,0,3,2,3,0,2,0,0,0,0,0,5
Jawa Timur,Kab. Pasuruan,Bangil,https://sekolah.data.kemdikbud.go.id/index.php/Chome/profil/6C26FE9C-2098-4C3F-AA4C-8D6ECB50C394,https://referensi.data.kemdikbud.go.id/pendidikan/npsn/69836862,TK NURUL ILMI,69836862,JL. KALIREJO GG. SATAK JAYA NO. 18,MANARUWI,KEC. BANGIL,KAB. PASURUAN,PROV. JAWA TIMUR,SWASTA,TK,"Kementerian Pendidikan, Kebudayaan, Riset, dan Teknologi",Yayasan NURUL ILMI,AL7874,AHU-0023121.AH.01.04,02-05-2016,503/213/IPPSPP/IV/424.086/2022,21-12-2019,Lihat SK Operasional,2022-12-05 09,B,117,1. -,2. Linknet,PLN,,,tnurulilmi35@gmail.com,,-7.581600000000,112.795500000000,3,0,0,0,2013,Pagi/6 hari,,2022/2023-2,Tidak Ada,900,2,0,0,0,0,0,4,0,3,0,0,0,0,3,0,1,2,1,1,0,1,0,0,0,0,3
Jawa Timur,Kab. Pasuruan,Bangil,https://sekolah.data.kemdikbud.go.id/index.php/Chome/profil/AE97D2D1-E853-4594-B7DA-5D5D175108E8,https://referensi.data.kemdikbud.go.id/pendidikan/npsn/20552843,TK PGRI 04,20552843,JL. KOLURSARI NO. 28,KOLURSARI,KEC. BANGIL,KAB. PASURUAN,PROV. JAWA TIMUR,SWASTA,TK,"Kementerian Pendidikan, Kebudayaan, Riset, dan Teknologi",,,590/395/424.301.1.09/2018,30-08-2001,421.9/4401/424.071/2020,21-12-2016,Lihat SK Operasional,2020-05-08 15,A,480,1. Indosat IM3,2. -,PLN,,,tkpgri.bangil04@gmail.com,,-7.610200000000,112.778700000000,5,0,0,0,2013,Pagi/6 hari,,2022/2023-2,Indosat IM3,"1,300",4,0,0,2,0,0,6,0,3,0,2,0,0,5,0,4,1,0,2,1,2,0,0,0,0,5
Jawa Timur,Kab. Pasuruan,Bangil,https://sekolah.data.kemdikbud.go.id/index.php/Chome/profil/12B9BA3D-442F-4AEC-8BDC-5D6A01989B06,https://referensi.data.kemdikbud.go.id/pendidikan/npsn/20552846,TK PGRI 09,20552846,JL. DURIAN 581,KIDUL DALEM,KEC. BANGIL,KAB. PASURUAN,PROV. JAWA TIMUR,SWASTA,TK,"Kementerian Pendidikan, Kebudayaan, Riset, dan Teknologi",Yayasan Perwakilan YPLP PGRI Kabupaten Pasuruan,AB2848,414.44/431.070/1466/2002,30-08-2001,503/295/IPPSPP/IV/424.086/2022,26-04-2022,Lihat SK Operasional,2022-07-30 01,B,0,1. Telkom Speedy,2. Smartfren,PLN,,,tkpgri9@gmail.com,,-7.601900000000,112.786000000000,3,0,0,0,2013,Pagi/6 hari,,2022/2023-2,Telkom Speedy,450,2,0,0,1,0,0,3,0,2,0,1,0,0,3,0,3,0,1,0,1,1,0,0,0,0,3
Jawa Timur,Kab. Pasuruan,Bangil,https://sekolah.data.kemdikbud.go.id/index.php/Chome/profil/A620FC4A-D599-4D72-A4B7-26E4D952C2E6,https://referensi.data.kemdikbud.go.id/pendidikan/npsn/20552854,TK PGRI 10,20552854,JL. PANDELENGAN NO. 53,RACI,KEC. BANGIL,KAB. PASURUAN,PROV. JAWA TIMUR,SWASTA,TK,"Kementerian Pendidikan, Kebudayaan, Riset, dan Teknologi",,,,16-07-2006,421.9/7015/424.051/2016,21-12-2016,Silakan Upload SK (link file tidak valid) => [341796-48296--],2020-08-26 19,B,0,1. Smartfren,2. Telkom Speedy,PLN,,,tkpgrisepuluh@gmail.com,,-7.609500000000,112.838300000000,2,0,0,0,2013,Pagi/6 hari,,2022/2023-2,Smartfren,900,2,0,0,0,0,0,3,0,1,0,1,0,0,2,0,1,1,1,0,0,0,0,1,0,0,2
Jawa Timur,Kab. Pasuruan,Bangil,https://sekolah.data.kemdikbud.go.id/index.php/Chome/profil/A9E02C6C-6734-4101-A215-B4191EBA9628,https://referensi.data.kemdikbud.go.id/pendidikan/npsn/20552838,TK PGRI 3,20552838,JL. JAKSA AGUNG SUPRAPTO 257 BANGIL,GEMPENG,KEC. BANGIL,KAB. PASURUAN,PROV. JAWA TIMUR,SWASTA,TK,"Kementerian Pendidikan, Kebudayaan, Riset, dan Teknologi",Yayasan Perwakilan YPLP PGRI Kabupaten Pasuruan,AB2848,414.44/431.070/1466/2002,30-08-2001,503/294/IPPSPP/IV/424.086/2022,26-04-2022,Lihat SK Operasional,2022-07-27 10,B,0,1. Telkomsel Flash,2. Indosat IM3,PLN,,,tkpgri03bangil@gmail.com,,-7.602000000000,112.789600000000,3,0,0,0,2013,Pagi/6 hari,,2022/2023-2,Telkomsel Flash,450,2,0,1,0,0,0,3,0,3,0,0,0,1,2,0,2,1,1,0,2,0,0,0,0,0,3
Jawa Timur,Kab. Pasuruan,Bangil,https://sekolah.data.kemdikbud.go.id/index.php/Chome/profil/957BE2A7-2012-4421-A4BE-F10FA89FA8F5,https://referensi.data.kemdikbud.go.id/pendidikan/npsn/20552845,TK PGRI 8,20552845,Desa Masangan,MASANGAN,KEC. BANGIL,KAB. PASURUAN,PROV. JAWA TIMUR,SWASTA,TK,"Kementerian Pendidikan, Kebudayaan, Riset, dan Teknologi",,,AHU0016808AH01122020,21-10-2013,421/0001/424.071/2022,21-12-2019,Lihat SK Operasional,2022-08-04 05,B,234,1. Telkom Speedy,2. Indosat IM3,PLN,,,pgri08masangan@gmail.com,,-7.595200000000,112.811100000000,3,0,0,0,2013,Pagi/6 hari,,2022/2023-2,Telkom Speedy,900,2,0,0,0,0,0,4,0,3,0,0,0,0,3,0,2,1,0,0,1,1,0,0,1,0,3
Jawa Timur,Kab. Pasuruan,Bangil,https://sekolah.data.kemdikbud.go.id/index.php/Chome/profil/EDA731E7-CC50-45E5-B72F-CCD57BD8914C,https://referensi.data.kemdikbud.go.id/pendidikan/npsn/20552842,TK PGRI I,20552842,JL. SUNGKONO NO. 36,POGAR,KEC. BANGIL,KAB. PASURUAN,PROV. JAWA TIMUR,SWASTA,TK,"Kementerian Pendidikan, Kebudayaan, Riset, dan Teknologi",Yayasan Perwakilan YPLP PGRI Kabupaten Pasuruan,AB2848,414.44/431.070/1466/2002,21-07-1980,503/435/IPPSPP/VI/424.086/2022,21-06-2022,Lihat SK Operasional,2022-07-27 10,B,0,1. Telkomsel Flash,2. Telkomsel Flash,PLN,,,tkpgri1bgl@gmail.com,,-7.603100000000,112.774700000000,3,0,0,0,2013,Pagi/6 hari,,2022/2023-2,Telkomsel Flash,450,3,0,0,0,0,0,3,0,3,0,0,0,0,3,0,1,2,1,0,1,0,1,0,0,0,3
Jawa Timur,Kab. Pasuruan,Bangil,https://sekolah.data.kemdikbud.go.id/index.php/Chome/profil/A5B7D967-F50F-4E05-92BE-91624D18D22D,https://referensi.data.kemdikbud.go.id/pendidikan/npsn/20552847,TK PKK MANARUWI,20552847,JL. BALAI DESA 09,MANARUWI,KEC. BANGIL,KAB. PASURUAN,PROV. JAWA TIMUR,SWASTA,TK,"Kementerian Pendidikan, Kebudayaan, Riset, dan Teknologi",Yayasan PKK DESA GEMPOL,AI6168,414.44/431.070/1466/2002,30-08-2002,421.9/4481/424.071/2021,07-01-2021,Lihat SK Operasional,2021-04-23 15,B,0,1. -,2. -,PLN,,,,,-7.589600000000,112.794000000000,4,0,0,0,2013,Pagi/6 hari,,2022/2023-2,Tidak Ada,450,4,0,0,0,0,0,5,0,4,0,0,0,1,3,0,3,1,0,1,2,0,0,0,1,0,4
Jawa Timur,Kab. Pasuruan,Bangil,https://sekolah.data.kemdikbud.go.id/index.php/Chome/profil/A89AFFCD-2762-498F-AD17-C0FD7EC9A9AF,https://referensi.data.kemdikbud.go.id/pendidikan/npsn/20552848,TK PLUS AL ABRAR,20552848,JL. BETIK III / 179,KERSIKAN,KEC. BANGIL,KAB. PASURUAN,PROV. JAWA TIMUR,SWASTA,TK,"Kementerian Pendidikan, Kebudayaan, Riset, dan Teknologi",Yayasan AL-MA'HADUL ISLAMI,AL7876,414.44/431.070/1466/2002,01-04-1995,421.9/4481/424.071/2019,21-12-2019,Lihat SK Operasional,2020-10-22 14,A,"82,468",1. -,2. Lainnya,PLN,03436750894,03436750894,tkalabrar80@gmail.com,,-7.595500000000,112.787100000000,7,0,0,0,2013,Pagi/6 hari,,2022/2023-2,Tidak Ada,0,5,0,0,2,0,0,8,0,6,0,1,0,1,6,2,5,0,1,0,5,1,0,0,0,0,7
Jawa Timur,Kab. Pasuruan,Bangil,https://sekolah.data.kemdikbud.go.id/index.php/Chome/profil/B38F7052-F52A-47B9-85A5-CAE3DEA50F03,https://referensi.data.kemdikbud.go.id/pendidikan/npsn/20552836,TK RIYADLUL ULUM,20552836,JL. SALAK NO. 405,KIDUL DALEM,KEC. BANGIL,KAB. PASURUAN,PROV. JAWA TIMUR,SWASTA,TK,"Kementerian Pendidikan, Kebudayaan, Riset, dan Teknologi",Yayasan YAPIRUBANGIL,AK2074,AHU-0009144.AH.01.04,05-01-1976,421.9/44.81/424.071/2019,21-12-2019,Lihat SK Operasional,2022-07-29 11,B,325,1. Lainnya (Wavelan),2. Telkom Speedy,PLN,,,tk.riyadluluulum@gmail.com,,-7.598900000000,112.783600000000,5,0,0,0,2013,Pagi/6 hari,,2022/2023-2,Lainnya (Wavelan),0,2,0,1,1,0,0,6,0,4,0,1,0,1,4,0,3,2,0,1,2,1,0,0,1,0,5
Jawa Timur,Kab. Pasuruan,Bangil,https://sekolah.data.kemdikbud.go.id/index.php/Chome/profil/9EED0C5E-396B-4330-9FFE-FE2A83AC827B,https://referensi.data.kemdikbud.go.id/pendidikan/npsn/70004298,TK SABILUL FALAH,70004298,JL. KOLURSARI RT. 5 RW 2 KOLURSARI,KOLURSARI,KEC. BANGIL,KAB. PASURUAN,PROV. JAWA TIMUR,SWASTA,TK,"Kementerian Pendidikan, Kebudayaan, Riset, dan Teknologi",YAYASAN NURUL ILMIYAH BANGIL,AX6250,010/YYS-NI/2013,01-07-2013,421.9/448/424.071/2020,18-06-2020,Lihat SK Operasional,2021-11-17 16,,0,1. Telkomsel Flash,2. Telkom Speedy,PLN,,,tksabilulfalah@gmail.com,,-7.611600000000,112.777500000000,2,0,0,0,2013,Pagi/6 hari,,2022/2023-2,Telkomsel Flash,900,2,0,0,1,0,0,2,1,2,0,0,0,0,2,0,0,2,0,1,0,0,1,0,0,0,2
Jawa Timur,Kab. Pasuruan,Bangil,https://sekolah.data.kemdikbud.go.id/index.php/Chome/profil/10374BED-69D8-474C-A846-A7799DCFDA6D,https://referensi.data.kemdikbud.go.id/pendidikan/npsn/20552853,TK SERUNI MEKAR,20552853,JL. PERUM. LEMBAH KOLURSARI BLOK A-1,KOLURSARI,KEC. BANGIL,KAB. PASURUAN,PROV. JAWA TIMUR,SWASTA,TK,"Kementerian Pendidikan, Kebudayaan, Riset, dan Teknologi",Yayasan SERUNI MEKAR,AK2075,414.44/5307/424.051/2010,21-12-2010,421.9/7015/424.051/2016,21-12-2016,Lihat SK Operasional,2017-11-30 10,B,120,1. Axis,2. 3 (Tri),PLN,,,tkserunimekar@gmail.com,,-7.609300000000,112.769400000000,2,0,0,0,2013,Pagi/6 hari,,2022/2023-2,Axis,900,1,0,0,2,0,0,3,0,2,0,0,0,0,2,0,1,1,1,0,1,0,0,0,0,0,2
Jawa Timur,Kab. Pasuruan,Bangil,https://sekolah.data.kemdikbud.go.id/index.php/Chome/profil/B68495B6-2DF4-4434-9EEC-B5AD814511B5,https://referensi.data.kemdikbud.go.id/pendidikan/npsn/20552822,TK SETIA BUDI,20552822,JL. BADER NO. 390 A,KALIREJO,KEC. BANGIL,KAB. PASURUAN,PROV. JAWA TIMUR,SWASTA,TK,"Kementerian Pendidikan, Kebudayaan, Riset, dan Teknologi",,,414.44/431.070/1466/2002,30-08-2001,503/541/IPPSPP/VII/424.086/2022,28-07-2022,Lihat SK Operasional,2023-03-14 21,B,560,1. Telkomsel Flash,2. Telkom Speedy,PLN,,0343742968,tksetiabudi2015@gmail.com,,-7.577300000000,112.796700000000,5,0,0,0,2013,Sehari Penuh/6 hari,,2022/2023-2,Telkomsel Flash,450,6,0,1,0,0,0,6,0,4,0,1,0,0,5,0,3,2,0,0,1,1,1,2,0,0,5
Jawa Timur,Kab. Pasuruan,Bangil,https://sekolah.data.kemdikbud.go.id/index.php/Chome/profil/D493578D-1878-4548-97DB-0C3DB5133BA7,https://referensi.data.kemdikbud.go.id/pendidikan/npsn/69961658,TK SITI AMINAH,69961658,Jl. Rambutan 12 A,GEMPENG,KEC. BANGIL,KAB. PASURUAN,PROV. JAWA TIMUR,SWASTA,TK,"Kementerian Pendidikan, Kebudayaan, Riset, dan Teknologi",Yayasan Miftahul Hidayah Canga'an II,AL7879,AHU0012179.AH.01.04. 2015,01-09-2015,503/209/IPPSPP/IV/424.086/2022,14-04-2022,Lihat SK Operasional,2022-07-25 08,A,"2,520",1. -,2. Telkom Speedy,PLN,,03437467870,ahmadhudach@gmail.com,,-7.606000000000,112.787100000000,2,0,0,0,2013,Pagi/6 hari,,2022/2023-2,Tidak Ada,"2,200",3,0,1,3,0,0,4,1,2,0,0,0,0,2,0,1,1,1,0,1,0,0,0,0,0,2
Jawa Timur,Kab. Pasuruan,Bangil,https://sekolah.data.kemdikbud.go.id/index.php/Chome/profil/B1334EEB-0971-42C3-9CC3-BCDAED3DB548,https://referensi.data.kemdikbud.go.id/pendidikan/npsn/20552855,TK SYARIF HIDAYATULLAH,20552855,JL. SILI NO. 13  RT 02-RW 04,GEMPENG,KEC. BANGIL,KAB. PASURUAN,PROV. JAWA TIMUR,SWASTA,TK,"Kementerian Pendidikan, Kebudayaan, Riset, dan Teknologi",Yayasan syarif hidayatullah,AL7860,AHU-0002991.AHA.01.04.Tahun 2022,02-02-2022,503/478/IPPSPP/VII/424.086/2022,21-12-2019,Lihat SK Operasional,2023-03-29 11,B,900,1. Telkom Speedy,2. Telkomsel Flash,PLN,0,,syahidtk06@gmail.com,http,-7.597800000000,112.797300000000,4,0,0,0,2013,Pagi/6 hari,,2022/2023-2,Telkom Speedy,900,2,0,0,2,0,0,5,0,4,0,0,0,0,4,0,3,1,1,0,3,0,0,0,0,0,4
Jawa Timur,Kab. Pasuruan,Bangil,https://sekolah.data.kemdikbud.go.id/index.php/Chome/profil/5EB0E101-8978-4C3A-9415-6491FE66247D,https://referensi.data.kemdikbud.go.id/pendidikan/npsn/20552856,TK UMMATUL WAHIDAH,20552856,JL. KEPITING NO. 18 RT 01-RW 04,GEMPENG,KEC. BANGIL,KAB. PASURUAN,PROV. JAWA TIMUR,SWASTA,TK,"Kementerian Pendidikan, Kebudayaan, Riset, dan Teknologi",,,421.2/8626.A.39/424.059/2008,22-12-2008,421/0001/424.071/2022,06-07-2022,Lihat SK Operasional,2022-07-28 15,B,231,1. Indosat IM3,2. Lainnya,PLN,,,tkummatulwahidah@gmail.com,,-7.599800000000,112.796600000000,4,0,0,0,2013,Pagi/6 hari,,2022/2023-2,Indosat IM3,450,2,0,0,0,0,0,5,0,4,0,0,0,1,3,0,1,3,1,0,2,0,1,0,0,0,4
Jawa Timur,Kab. Pasuruan,Bangil,https://sekolah.data.kemdikbud.go.id/index.php/Chome/profil/ECCC2A83-1B43-47DC-BA3C-C5CEA57EE9A4,https://referensi.data.kemdikbud.go.id/pendidikan/npsn/20552832,TK YAYASAN WANITA KERETA API,20552832,JL. STASIUN NO. 1 POGAR BANGIL,POGAR,KEC. BANGIL,KAB. PASURUAN,PROV. JAWA TIMUR,SWASTA,TK,"Kementerian Pendidikan, Kebudayaan, Riset, dan Teknologi",Yayasan Wanita Kereta Api,AL3986,414.44/431.070/1466/2002,30-08-2002,421/0001/424.071/2022,21-07-2022,Lihat SK Operasional,2022-08-01 05,B,615,1. -,2. Indosat IM3,PLN,,,tkywkabangil8sby@gmail.com,,-7.598500000000,112.778400000000,2,0,0,0,2013,Pagi/6 hari,,2022/2023-2,Tidak Ada,450,2,0,1,1,0,0,3,0,2,0,0,0,0,2,0,1,1,2,0,0,0,0,0,0,0,2
Jawa Timur,Kab. Pasuruan,Bangil,https://sekolah.data.kemdikbud.go.id/index.php/Chome/profil/248AE6E6-6D53-42E9-A08A-53195020E579,https://referensi.data.kemdikbud.go.id/pendidikan/npsn/69877900,TPA KHA WAHID HASYIM,69877900,JL. Tongkol No 32,DERMO,KEC. BANGIL,KAB. PASURUAN,PROV. JAWA TIMUR,SWASTA,TPA,"Kementerian Pendidikan, Kebudayaan, Riset, dan Teknologi",Yayasan Pesantren Putri KHA. WAHID HASYIM,AL7839,2012,31-01-2012,421.9/4481/424.071/2020,31-01-2020,Lihat SK Operasional,2022-04-14 04,B,540,1. Telkom Speedy,2. Telkom Speedy,PLN,,0343743570,tabkhawahidhasyim@gmail.com,,-7.602388000000,112.793636000000,5,0,0,0,2013,Double Shift/6 hari,,2022/2023-2,Telkom Speedy,1,2,0,0,1,0,0,6,0,5,0,0,0,0,5,0,1,4,2,1,0,1,1,0,0,0,5
Jawa Timur,Kab. Pasuruan,Bangil,https://sekolah.data.kemdikbud.go.id/index.php/Chome/profil/BE747A56-05E8-4065-A323-BAA638821188,https://referensi.data.kemdikbud.go.id/pendidikan/npsn/20552815,UPT SATUAN PENDIDIKAN TKN PEMBINA BANGIL,20552815,JL. BADER,KALIREJO,KEC. BANGIL,KAB. PASURUAN,PROV. JAWA TIMUR,NEGERI,TK,"Kementerian Pendidikan, Kebudayaan, Riset, dan Teknologi",Pemerintah Daerah,,420/299/HK/424.014/2018,12-02-2018,420/299/HK/424.014/2018,12-02-2018,Lihat SK Operasional,2022-01-25 09,A,"2,430",1. Indosat IM3,2. Telkom Speedy,PLN,,0343742206,tknkabpas@gmail.com,http,-7.584600000000,112.791900000000,9,0,0,0,PAUD Merdeka,Pagi/6 hari,,2022/2023-2,Indosat IM3,"2,500",6,0,0,2,6,0,0,3,3,1,5,0,0,9,1,8,0,1,0,2,1,1,4,0,0,9
