prov_name,kab_name,kec_name,link_sekolah_kita,link_referensi,nama,npsn,alamat,desa/kelurahan,kecamatan/kota_(ln),kab.-kota/negara_(ln),propinsi/luar_negeri_(ln),status_sekolah,bentuk_pendidikan,kementerian_pembina,naungan,npyp,no._sk._pendirian,tanggal_sk._pendirian,nomor_sk_operasional,tanggal_sk_operasional,file_sk_operasional,tanggal_upload_sk_op.,akreditasi,luas_tanah,akses_internet,akses_internet_2,sumber_listrik,fax,telepon,email,website,lintang,bujur,guru,siswa_laki_laki,siswa_perempuan,rombongan_belajar,kurikulum,penyelenggaraan,manajemen_berbasis_sekolah,semester_data,akses_internet_sekolah_kita,daya_listrik,ruang_kelas,laboratorium,perpustakaan,sanitasi_siswa,guru_pns,guru_gtt,guru_gty,guru_honor,guru_gol_i,guru_gol_ii,guru_gol_iii,guru_gol_iv,guru_sertifikasi,guru_belum_sertifikasi,guru_kurang_dari_s1,guru_s1_atau_lebih,guru_data_kosong,guru_kurang_dari_30_tahun,guru_31_35_tahun,guru_36_40,guru_41_45_tahun,guru_46_50_tahun,guru_51_55_tahun,guru_lebih_dari_55_tahun,guru_laki_laki,guru_perempuan
Jawa Barat,Kab. Indramayu,Haurgeulis,https://sekolah.data.kemdikbud.go.id/index.php/Chome/profil/93FE1A2E-B1F5-4E19-B4B4-2F3BB9930F80,https://referensi.data.kemdikbud.go.id/pendidikan/npsn/69964616,KB MUTIARA INSANI,69964616,"Jl. Matahari RT.29 RW.13, BTN Griya Cipancuh Asri",CIPANCUH,KEC. HAURGEULIS,KAB. INDRAMAYU,PROV. JAWA BARAT,SWASTA,KB,"Kementerian Pendidikan, Kebudayaan, Riset, dan Teknologi",Yayasan GRIYA MUTIARA KASTARI,AN8716,421.1/Kep.34-PAUD/2017,17-07-2017,421.1/Kep.34-PAUD/2017,17-07-2017,Lihat SK Operasional,2017-07-31 15,,0,1. Telkomsel Flash,2. Telkom Astinet,PLN,,,mutiarainsani011@gmail.com,,-6.440391600000,107.967389800000,2,0,0,0,2013,Sehari Penuh/5 hari,,2022/2023-2,Telkomsel Flash,900,2,0,0,2,0,0,3,0,2,0,0,0,0,2,0,0,2,1,1,0,0,0,0,0,0,2
Jawa Barat,Kab. Indramayu,Haurgeulis,https://sekolah.data.kemdikbud.go.id/index.php/Chome/profil/D00BF3CD-DD4B-4280-9ABF-A797A4BF7114,https://referensi.data.kemdikbud.go.id/pendidikan/npsn/70010583,KB. JANNATUL ATHFAL,70010583,Blok Sukahati,SUKAJATI,KEC. HAURGEULIS,KAB. INDRAMAYU,PROV. JAWA BARAT,SWASTA,KB,"Kementerian Pendidikan, Kebudayaan, Riset, dan Teknologi",,,421.1/KEP. 50-PAUD,30-03-2021,421.1/KEP. 50-PAUD,30-03-2021,Lihat SK Operasional,2021-06-06 12,,72,1. -,2. Telkom Speedy,PLN,,,,,.000000000000,.000000000000,2,0,0,0,2013,Pagi/6 hari,,2022/2023-2,Tidak Ada,"1,300",1,0,0,0,0,0,2,0,2,0,0,0,0,2,0,1,1,1,0,0,0,0,0,1,0,2
Jawa Barat,Kab. Indramayu,Haurgeulis,https://sekolah.data.kemdikbud.go.id/index.php/Chome/profil/0D132DEF-C918-4992-8BC7-18F0633FD233,https://referensi.data.kemdikbud.go.id/pendidikan/npsn/70011940,KB. ZAQIYATUL ATHFAL,70011940,Blok Jatimulya RT/RW. 022/011,SUMBERMULYA,KEC. HAURGEULIS,KAB. INDRAMAYU,PROV. JAWA BARAT,SWASTA,KB,"Kementerian Pendidikan, Kebudayaan, Riset, dan Teknologi",Lainnya,,421.1/KEP.56-PAUD,30-03-2021,421.1/KEP.56-PAUD,30-03-2021,Lihat SK Operasional,2021-08-09 17,,0,,2.,,,,,,.000000000000,.000000000000,0,0,0,0,,,,2022/2023-2,,,0,0,0,0,0,0,0,0,0,0,0,0,0,0,0,0,0,0,0,0,0,0,0,0,,
Jawa Barat,Kab. Indramayu,Haurgeulis,https://sekolah.data.kemdikbud.go.id/index.php/Chome/profil/BB2104FB-FF8D-40B2-A784-AF686B0C4AA0,https://referensi.data.kemdikbud.go.id/pendidikan/npsn/69931761,PAUD AL-ASHRY,69931761,DESA HAURGEULIS,HAURGEULIS,KEC. HAURGEULIS,KAB. INDRAMAYU,PROV. JAWA BARAT,SWASTA,SPS,"Kementerian Pendidikan, Kebudayaan, Riset, dan Teknologi",Yayasan alashry,AN8722,09,10-03-2006,421.1/KEP. 243-PLS/2014,27-10-2014,Lihat SK Operasional,2016-01-25 10,,500,1. -,2. -,PLN,,,spsalashry2020@gmail.com,,-6.452507700000,107.952689500000,1,0,0,0,2013,Pagi/6 hari,,2022/2023-2,Tidak Ada,900,1,0,0,1,0,0,2,0,1,0,0,0,0,1,0,0,1,0,1,0,0,0,0,0,0,1
Jawa Barat,Kab. Indramayu,Haurgeulis,https://sekolah.data.kemdikbud.go.id/index.php/Chome/profil/48DF508E-8742-4540-AD9E-F07A7BA1E85C,https://referensi.data.kemdikbud.go.id/pendidikan/npsn/69932179,PAUD MUTIARA ASTARI,69932179,Blok 05 RT/RW. 003/005,WANAKAYA,KEC. HAURGEULIS,KAB. INDRAMAYU,PROV. JAWA BARAT,SWASTA,SPS,"Kementerian Pendidikan, Kebudayaan, Riset, dan Teknologi",,,421.1/KEP. 70-PLS/2012,26-04-2012,421.1/KEP. 70-PLS/2012,26-04-2012,Lihat SK Operasional,2016-01-27 09,,0,1. -,2. Telkomsel Flash,PLN,,,astarimutiara01@gmail.com,,-5.443757000000,114.421127000000,2,0,0,0,2013,Pagi/6 hari,,2022/2023-2,Tidak Ada,900,3,0,0,2,0,0,3,0,2,0,0,0,0,2,0,0,2,1,0,0,0,0,0,1,0,2
Jawa Barat,Kab. Indramayu,Haurgeulis,https://sekolah.data.kemdikbud.go.id/index.php/Chome/profil/0EB852A0-2AC0-461D-B80F-9A8DB85E5D89,https://referensi.data.kemdikbud.go.id/pendidikan/npsn/69911656,PAUD TUNAS HARAPAN 2,69911656,Kp. Sindangjaya RT.01 RW.01,KARANGTUMARITIS,KEC. HAURGEULIS,KAB. INDRAMAYU,PROV. JAWA BARAT,SWASTA,SPS,"Kementerian Pendidikan, Kebudayaan, Riset, dan Teknologi",Yayasan AL FAJAR KERTANEGARA,AN8706,58,28-04-2016,420.1/KEP.44/DISDIK/2011,22-05-2011,Lihat SK Operasional,2019-08-06 16,,0,1. Lainnya (Serat Optik),2. Telkomsel Flash,PLN,,,tunasharapandua2@gmail.com,,-6.452300000000,107.911300000000,2,0,0,0,2013,Pagi/6 hari,,2022/2023-2,Lainnya (Serat Optik),450,2,0,0,0,0,0,2,1,2,0,0,0,0,2,0,0,2,0,1,0,0,1,0,0,0,2
Jawa Barat,Kab. Indramayu,Haurgeulis,https://sekolah.data.kemdikbud.go.id/index.php/Chome/profil/697E5D5C-6FB5-43F1-BA1A-BCE5C3060FEA,https://referensi.data.kemdikbud.go.id/pendidikan/npsn/69911667,PAUD TUNAS HARAPAN 3,69911667,Jalan Sadewa Blok 7 RT.07 RW.04,KARANGTUMARITIS,KEC. HAURGEULIS,KAB. INDRAMAYU,PROV. JAWA BARAT,SWASTA,SPS,"Kementerian Pendidikan, Kebudayaan, Riset, dan Teknologi",Yayasan AL FAJAR KERTANEGARA,AN8706,420.1/KEP.44/DISDIK/2011,30-05-2011,420.1/KEP.44/DISDIK/2011,30-05-2011,Lihat SK Operasional,2019-08-06 16,,165,1. Lainnya (Serat Optik),2. Telkomsel Flash,PLN,,,tunas_harapantiga@yahoo.com,,-6.462136000000,107.897692000000,2,0,0,0,2013,Pagi/6 hari,,2022/2023-2,Lainnya (Serat Optik),450,2,0,0,0,0,0,1,2,2,0,0,0,0,2,0,0,2,2,0,0,0,0,0,0,0,2
Jawa Barat,Kab. Indramayu,Haurgeulis,https://sekolah.data.kemdikbud.go.id/index.php/Chome/profil/DD17AB82-8C15-41D6-8D6D-EA88874D6167,https://referensi.data.kemdikbud.go.id/pendidikan/npsn/69857336,PAUD TUNAS HARAPAN 4,69857336,Blok 02 RT.001 RW.002,WANAKAYA,KEC. HAURGEULIS,KAB. INDRAMAYU,PROV. JAWA BARAT,SWASTA,SPS,"Kementerian Pendidikan, Kebudayaan, Riset, dan Teknologi",Yayasan AL FAJAR KERTANEGARA,AN8706,58,28-04-2016,421.1/KEP.122-PAUD,26-04-2017,Lihat SK Operasional,2019-08-06 16,,0,1. Telkomsel Flash,2. Telkom Speedy,PLN,,,tunasharapanempat@gmail.com,,-6.457200000000,107.912500000000,3,0,0,0,2013,Pagi/6 hari,,2022/2023-2,Telkomsel Flash,900,3,0,0,2,0,0,4,0,3,0,0,0,0,3,0,0,3,3,0,0,0,0,0,0,1,2
Jawa Barat,Kab. Indramayu,Haurgeulis,https://sekolah.data.kemdikbud.go.id/index.php/Chome/profil/529E3A19-8CC1-4DB2-B4CA-6A281C6E475D,https://referensi.data.kemdikbud.go.id/pendidikan/npsn/69857335,PAUD TUNAS HARAPAN 5,69857335,Blok Maja RT.01 RW.09,WANAKAYA,KEC. HAURGEULIS,KAB. INDRAMAYU,PROV. JAWA BARAT,SWASTA,SPS,"Kementerian Pendidikan, Kebudayaan, Riset, dan Teknologi",Lainnya,AN8706,58,28-04-2016,421.1/KEP.116-PAUD,30-05-2011,Lihat SK Operasional,2019-08-06 16,,40,,2.,,,,tunasharapanlima@gmail.com,,-6.470100000000,107.928000000000,2,0,0,0,2013,,,2022/2023-2,,,0,0,0,0,0,0,3,0,2,0,0,0,0,2,0,0,2,1,0,1,0,0,0,0,0,2
Jawa Barat,Kab. Indramayu,Haurgeulis,https://sekolah.data.kemdikbud.go.id/index.php/Chome/profil/D5AFF7F8-739A-4EF3-AE67-6B6B4BBDED6E,https://referensi.data.kemdikbud.go.id/pendidikan/npsn/69857383,POS PAUD BABUL JANNAH,69857383,KALENJERO,HAURKOLOT,KEC. HAURGEULIS,KAB. INDRAMAYU,PROV. JAWA BARAT,SWASTA,SPS,"Kementerian Pendidikan, Kebudayaan, Riset, dan Teknologi",Yayasan Perdamaian Semesta Indramayu,AA3680,,,421.1/KEP.135,,Silakan Upload SK,,,0,1. Telkomsel Flash,2. Telkomsel Flash,PLN,,,spsbabuljannah@gmail.com,,-5.443757000000,114.421127000000,1,0,0,0,2013,Pagi/6 hari,,2022/2023-2,Telkomsel Flash,900,1,0,0,0,0,0,0,1,1,0,0,0,0,1,0,0,1,0,0,0,0,0,0,1,0,1
Jawa Barat,Kab. Indramayu,Haurgeulis,https://sekolah.data.kemdikbud.go.id/index.php/Chome/profil/4A21A6F6-71D6-4E76-B650-D8B1D32743F7,https://referensi.data.kemdikbud.go.id/pendidikan/npsn/69857386,POS PAUD DAHLIA,69857386,Dusun IV Sumurwatu RT.10 RW.05,SIDADADI,KEC. HAURGEULIS,KAB. INDRAMAYU,PROV. JAWA BARAT,SWASTA,SPS,"Kementerian Pendidikan, Kebudayaan, Riset, dan Teknologi",Lainnya,AN8722,421.1/KEP.135-PLS,02-07-2013,421.1/KEP.135-PLS,02-07-2013,Silakan Upload SK,,,0,1. -,2. Telkomsel Flash,PLN,,,pauddahlia478@gmail.com,,-6.416125000000,107.932074400000,2,0,0,0,2013,Siang/6 hari,,2022/2023-2,Tidak Ada,450,1,0,0,0,0,0,3,0,2,0,0,0,0,2,0,0,2,0,1,0,1,0,0,0,1,1
Jawa Barat,Kab. Indramayu,Haurgeulis,https://sekolah.data.kemdikbud.go.id/index.php/Chome/profil/7715A16D-8143-41F1-B53D-7B078FD52ABE,https://referensi.data.kemdikbud.go.id/pendidikan/npsn/69857333,POS PAUD KB AISYIYAH BUSTANULATHFAL,69857333,BLOK BEDENG,HAURGEULIS,KEC. HAURGEULIS,KAB. INDRAMAYU,PROV. JAWA BARAT,SWASTA,KB,"Kementerian Pendidikan, Kebudayaan, Riset, dan Teknologi",Yayasan Pimpinan Daerah Muhammadiyah (PDM) Kab. Indramayu,AA3784,,,4211/KEP90PLS,,Silakan Upload SK,,,520,1. Telkomsel Flash,2. Telkomsel Flash,PLN,,,kbabahaurgeulis@gmail.com,,-6.461941000000,107.941409000000,2,0,0,0,2013,Pagi/6 hari,,2022/2023-2,Telkomsel Flash,300,1,0,0,0,0,0,3,0,2,0,0,0,0,2,0,0,2,2,0,0,0,0,0,0,0,2
Jawa Barat,Kab. Indramayu,Haurgeulis,https://sekolah.data.kemdikbud.go.id/index.php/Chome/profil/4F336539-0613-440A-858E-588214B4302F,https://referensi.data.kemdikbud.go.id/pendidikan/npsn/69857334,POS PAUD KB SMART KIDS,69857334,JEND AHMAD YANI NO.10,SUKAJATI,KEC. HAURGEULIS,KAB. INDRAMAYU,PROV. JAWA BARAT,SWASTA,KB,"Kementerian Pendidikan, Kebudayaan, Riset, dan Teknologi",Yayasan Anak Soleh Haurgeulis,AN8711,,,420.01,,Silakan Upload SK,,,0,1. Telkomsel Flash,2. Telkom Speedy,PLN,,,tk.itsmartkidshaurgeulis@gmail.com,,-6.458900000000,107.939000000000,3,0,0,0,2013,Pagi/6 hari,,2022/2023-2,Telkomsel Flash,"1,200",1,0,0,2,0,0,2,2,3,0,0,0,0,3,0,0,3,2,1,0,0,0,0,0,1,2
Jawa Barat,Kab. Indramayu,Haurgeulis,https://sekolah.data.kemdikbud.go.id/index.php/Chome/profil/AA2FA7E8-EDAE-43AC-9D21-13BAA0095FDE,https://referensi.data.kemdikbud.go.id/pendidikan/npsn/69737224,RA AL IKHLAS,69737224,Jl. Ki Hajar Dewantara No. 17 Desa Sukajati,HAURGEULIS,KEC. HAURGEULIS,KAB. INDRAMAYU,PROV. JAWA BARAT,SWASTA,RA,Kementerian Agama,,,,,,,Silakan Upload SK,,,0,,2.,,,,,,-6.385004000000,107.700400000000,0,0,0,0,,,,2022/2023-2,,,0,0,0,0,0,0,0,0,0,0,0,0,0,0,0,0,0,0,0,0,0,0,0,0,,
Jawa Barat,Kab. Indramayu,Haurgeulis,https://sekolah.data.kemdikbud.go.id/index.php/Chome/profil/6A5A5388-FE50-464C-9B77-71503F53F8D8,https://referensi.data.kemdikbud.go.id/pendidikan/npsn/69976136,RA AL MUSYAHADAH SUMURWATU,69976136,DUSUN IV SUMURWATU RT. 09 RW. 05,SIDADADI,KEC. HAURGEULIS,KAB. INDRAMAYU,PROV. JAWA BARAT,SWASTA,RA,Kementerian Agama,,,823 TAHUN 2017,06-09-2017,823 TAHUN 2017,06-09-2017,Silakan Upload SK (link file tidak valid) => [-],2018-05-04 08,,0,,2.,,,,,,.000000000000,.000000000000,0,0,0,0,,,,2022/2023-2,,,0,0,0,0,0,0,0,0,0,0,0,0,0,0,0,0,0,0,0,0,0,0,0,0,,
Jawa Barat,Kab. Indramayu,Haurgeulis,https://sekolah.data.kemdikbud.go.id/index.php/Chome/profil/659A9A6E-4BF8-49C5-AD73-F5880513DEC9,https://referensi.data.kemdikbud.go.id/pendidikan/npsn/69737225,RA AMANAH PUI,69737225,Babakan Jati Iii Rt 18 Rw 06 Desa Mekarjati,MEKARJATI,KEC. HAURGEULIS,KAB. INDRAMAYU,PROV. JAWA BARAT,SWASTA,RA,Kementerian Agama,,,,,,,Silakan Upload SK,,,0,,2.,,,,,,-6.449532000000,107.948001000000,0,0,0,0,,,,2022/2023-2,,,0,0,0,0,0,0,0,0,0,0,0,0,0,0,0,0,0,0,0,0,0,0,0,0,,
Jawa Barat,Kab. Indramayu,Haurgeulis,https://sekolah.data.kemdikbud.go.id/index.php/Chome/profil/33A70152-E213-46BE-B77D-9D1739D493AD,https://referensi.data.kemdikbud.go.id/pendidikan/npsn/69737226,RA BAITURROHIM,69737226,Jl. Semeru No.2 Desa Mekar Jati,HAURGEULIS,KEC. HAURGEULIS,KAB. INDRAMAYU,PROV. JAWA BARAT,SWASTA,RA,Kementerian Agama,,,,,,,Silakan Upload SK,,,0,,2.,,,,,,-6.555475000000,107.925459000000,0,0,0,0,,,,2022/2023-2,,,0,0,0,0,0,0,0,0,0,0,0,0,0,0,0,0,0,0,0,0,0,0,0,0,,
Jawa Barat,Kab. Indramayu,Haurgeulis,https://sekolah.data.kemdikbud.go.id/index.php/Chome/profil/77531E1B-DDC3-4F9B-9253-F63307A0CD4D,https://referensi.data.kemdikbud.go.id/pendidikan/npsn/70033798,RA CAHAYA QOLBI ANJATAN,70033798,Kp. Sindangjaya RT 01 RW 01,KARANGTUMARITIS,KEC. HAURGEULIS,KAB. INDRAMAYU,PROV. JAWA BARAT,SWASTA,RA,Kementerian Agama,,,,,727 TAHUN 2021,28-05-2021,Silakan Upload SK (link file tidak valid) => [238710-899583-https,2022-09-27 20,,120,,2.,,,,,,.000000000000,.000000000000,0,0,0,0,,,,2022/2023-2,,,0,0,0,0,0,0,0,0,0,0,0,0,0,0,0,0,0,0,0,0,0,0,0,0,,
Jawa Barat,Kab. Indramayu,Haurgeulis,https://sekolah.data.kemdikbud.go.id/index.php/Chome/profil/E3E87118-CFC0-48E3-AB78-C4E49B75CAB7,https://referensi.data.kemdikbud.go.id/pendidikan/npsn/69897903,RA Darunnajah,69897903,Jl. K. Abdurrahman Dusun Jatimulya Rt.22/rw.11 Desa Sumbermulya,MEKARJATI,KEC. HAURGEULIS,KAB. INDRAMAYU,PROV. JAWA BARAT,SWASTA,RA,Kementerian Agama,Lainnya,,,,,,Silakan Upload SK,,,0,,2.,,,,,,-6.434830500000,107.941122000000,0,0,0,0,,,,2022/2023-2,,,0,0,0,0,0,0,0,0,0,0,0,0,0,0,0,0,0,0,0,0,0,0,0,0,,
Jawa Barat,Kab. Indramayu,Haurgeulis,https://sekolah.data.kemdikbud.go.id/index.php/Chome/profil/9DE4C5B8-C75F-48F7-A921-2D538B782E0F,https://referensi.data.kemdikbud.go.id/pendidikan/npsn/70010366,RA NURUL HIKMAH HAURGEULIS,70010366,BLOK BABAKANJATI III,MEKARJATI,KEC. HAURGEULIS,KAB. INDRAMAYU,PROV. JAWA BARAT,SWASTA,RA,Kementerian Agama,Lainnya,,No 760 tahun 2020,14-07-2020,No 760 tahun 2020,14-07-2020,Lihat SK Operasional,2021-06-13 22,B,"1,495",,2.,,,,,,.000000000000,.000000000000,0,0,0,0,,,,2022/2023-2,,,0,0,0,0,0,0,0,0,0,0,0,0,0,0,0,0,0,0,0,0,0,0,0,0,,
Jawa Barat,Kab. Indramayu,Haurgeulis,https://sekolah.data.kemdikbud.go.id/index.php/Chome/profil/6ED3CEBD-E869-4E0D-A8CF-99341753DA85,https://referensi.data.kemdikbud.go.id/pendidikan/npsn/70003015,RA NURUL HUDA SIDADADI,70003015,JL. MANGGA BESAR NO. 74 RT/RW. 08/04 DUSUN 3,SIDADADI,KEC. HAURGEULIS,KAB. INDRAMAYU,PROV. JAWA BARAT,SWASTA,RA,Kementerian Agama,,,005/YNHS/VII/2014,01-07-2014,919 TAHUN 2019,15-07-2019,Lihat SK Operasional,2021-07-29 09,,560,,2.,,,,,,.000000000000,.000000000000,0,0,0,0,,,,2022/2023-2,,,0,0,0,0,0,0,0,0,0,0,0,0,0,0,0,0,0,0,0,0,0,0,0,0,,
Jawa Barat,Kab. Indramayu,Haurgeulis,https://sekolah.data.kemdikbud.go.id/index.php/Chome/profil/E7A7F419-55E3-4289-BA71-1B024209FA26,https://referensi.data.kemdikbud.go.id/pendidikan/npsn/69897902,RA Siti Aminah,69897902,Blok Kubang Gading Utara Rt.17/rw.08,CIPANCUH,KEC. HAURGEULIS,KAB. INDRAMAYU,PROV. JAWA BARAT,SWASTA,RA,Kementerian Agama,Lainnya,,Kd.10.12/PP.00.4/126/2013,13-05-2013,Kd.10.12/PP.00.4/024/2013,13-05-2013,Lihat SK Operasional,2021-06-12 09,,0,,2.,,,,,,-6.449500000000,107.940100000000,0,0,0,0,,,,2022/2023-2,,,0,0,0,0,0,0,0,0,0,0,0,0,0,0,0,0,0,0,0,0,0,0,0,0,,
Jawa Barat,Kab. Indramayu,Haurgeulis,https://sekolah.data.kemdikbud.go.id/index.php/Chome/profil/7F618D3D-EB67-4DBE-B550-C27113C9B8AD,https://referensi.data.kemdikbud.go.id/pendidikan/npsn/69737223,RA/BA/TA AL BAROKAH,69737223,Jl. Purbaya No 1 Rt 16 Rw 04,HAURKOLOT,KEC. HAURGEULIS,KAB. INDRAMAYU,PROV. JAWA BARAT,SWASTA,RA,Kementerian Agama,,,,,,,Silakan Upload SK,,,0,,2.,,,,,,-6.350000000000,107.509999000000,0,0,0,0,,,,2022/2023-2,,,0,0,0,0,0,0,0,0,0,0,0,0,0,0,0,0,0,0,0,0,0,0,0,0,,
Jawa Barat,Kab. Indramayu,Haurgeulis,https://sekolah.data.kemdikbud.go.id/index.php/Chome/profil/FADBBA70-B3C6-490C-B767-FD8E2CA840DF,https://referensi.data.kemdikbud.go.id/pendidikan/npsn/70025084,SPS ADIBA MEKARJATI,70025084,Blok Babakan Jati III RT.016 RW.005,MEKARJATI,KEC. HAURGEULIS,KAB. INDRAMAYU,PROV. JAWA BARAT,SWASTA,SPS,"Kementerian Pendidikan, Kebudayaan, Riset, dan Teknologi",,,421.1/KEP.91-PAUD,03-12-2021,421.1/KEP.91-PAUD,03-12-2021,Lihat SK Operasional,2022-01-23 15,,306,1. Lainnya,2. Biznet (Serat Optik),PLN,,,,,.000000000000,.000000000000,3,0,0,0,2013,Pagi/6 hari,,2022/2023-2,Lainnya,900,2,0,0,0,0,0,4,0,3,0,0,0,0,3,0,3,0,2,1,0,0,0,0,0,1,2
Jawa Barat,Kab. Indramayu,Haurgeulis,https://sekolah.data.kemdikbud.go.id/index.php/Chome/profil/58E6B8C1-C083-47D8-8908-C1F162FF010A,https://referensi.data.kemdikbud.go.id/pendidikan/npsn/69929419,SPS ANGGREK,69929419,SUMBERMULYA,SUMBERMULYA,KEC. HAURGEULIS,KAB. INDRAMAYU,PROV. JAWA BARAT,SWASTA,SPS,"Kementerian Pendidikan, Kebudayaan, Riset, dan Teknologi",YAYASAN AL-MUSTAQIM CININI,AA3678,11/SK/DS.2007/VI/2012,07-07-2012,421.1/KEP. 212-PLS/2013,16-10-2013,Lihat SK Operasional,2016-01-11 07,,0,1. -,2. -,PLN,,,spsanggreksumbermulya@gmail.com,,-6.449943200000,107.955343600000,2,0,0,0,2013,Pagi/6 hari,,2022/2023-2,Tidak Ada,900,2,0,0,2,0,0,4,0,2,0,0,0,0,2,0,0,2,0,1,0,0,1,0,0,0,2
Jawa Barat,Kab. Indramayu,Haurgeulis,https://sekolah.data.kemdikbud.go.id/index.php/Chome/profil/40CE5C76-76F1-4EEF-A937-83F2848968EB,https://referensi.data.kemdikbud.go.id/pendidikan/npsn/69929423,SPS ASH-SHAFF,69929423,Blok Jatimulya RT/RW. 022/011,SUMBERMULYA,KEC. HAURGEULIS,KAB. INDRAMAYU,PROV. JAWA BARAT,SWASTA,SPS,"Kementerian Pendidikan, Kebudayaan, Riset, dan Teknologi",YAYASAN ASH-SHAFF HAURGEULIS,AN8721,20,31-01-2009,421.1/KEP. 102-PLS/2014,07-05-2016,Lihat SK Operasional,2016-01-11 08,,50,1. -,2. Lainnya (Wavelan),PLN,,,spsashshaff@gmail.com,,-6.444333800000,107.893162300000,2,0,0,0,2013,Pagi/6 hari,,2022/2023-2,Tidak Ada,900,3,0,0,2,0,0,3,0,2,0,0,0,0,2,0,0,2,2,0,0,0,0,0,0,0,2
Jawa Barat,Kab. Indramayu,Haurgeulis,https://sekolah.data.kemdikbud.go.id/index.php/Chome/profil/4CB3C637-13CD-4C7C-93DF-75DD482145D8,https://referensi.data.kemdikbud.go.id/pendidikan/npsn/69929424,SPS GARUDA MAS,69929424,JL. SUMUR BANDUNG,CIPANCUH,KEC. HAURGEULIS,KAB. INDRAMAYU,PROV. JAWA BARAT,SWASTA,SPS,"Kementerian Pendidikan, Kebudayaan, Riset, dan Teknologi",,,05/SK/DS. 2007/VI/2008,10-07-2008,421.1/KEP. 212-PLS/2013,16-10-2013,Lihat SK Operasional,2016-01-11 08,,0,1. -,2. Telkomsel Flash,PLN,,,spsgarudamas1@gmail.com,,-6.471330400000,107.945087900000,2,0,0,0,2013,Pagi/6 hari,,2022/2023-2,Tidak Ada,900,2,0,0,2,0,0,2,1,2,0,0,0,0,2,0,0,2,0,1,0,0,0,1,0,0,2
Jawa Barat,Kab. Indramayu,Haurgeulis,https://sekolah.data.kemdikbud.go.id/index.php/Chome/profil/C53CBA38-9EB2-47C2-8DEA-EBF295B64A41,https://referensi.data.kemdikbud.go.id/pendidikan/npsn/70034815,SPS GRAHA INSAN MULIA,70034815,Jl. Galur Harapan RT.019 RW.007,MEKARJATI,KEC. HAURGEULIS,KAB. INDRAMAYU,PROV. JAWA BARAT,SWASTA,SPS,"Kementerian Pendidikan, Kebudayaan, Riset, dan Teknologi",Lainnya,,421.1/KEP. 214 - PAUD,14-12-2021,421.1/KEP. 214 - PAUD,14-12-2021,Lihat SK Operasional,2022-10-26 07,,0,,2.,,,,,,.000000000000,.000000000000,0,0,0,0,,,,2022/2023-2,,,0,0,0,0,0,0,0,0,0,0,0,0,0,0,0,0,0,0,0,0,0,0,0,0,,
Jawa Barat,Kab. Indramayu,Haurgeulis,https://sekolah.data.kemdikbud.go.id/index.php/Chome/profil/578CAED3-2168-49FB-B0D7-0C11B6AB6E88,https://referensi.data.kemdikbud.go.id/pendidikan/npsn/69972698,SPS IMMANUEL,69972698,Blok Sukahati,SUKAJATI,KEC. HAURGEULIS,KAB. INDRAMAYU,PROV. JAWA BARAT,SWASTA,SPS,"Kementerian Pendidikan, Kebudayaan, Riset, dan Teknologi",,,421.1/Kep.47-PAUD/2017,23-10-2017,421.1/Kep.47-PAUD/2017,23-10-2017,Lihat SK Operasional,2018-02-06 15,,28,1. Lainnya (Wavelan),2. Lainnya (Wavelan),PLN,,,spsimmanuel@gmail.com,,-6.460063500000,107.949152500000,1,0,0,0,2013,Pagi/6 hari,,2022/2023-2,Lainnya (Wavelan),450,1,0,0,0,0,0,2,0,1,0,0,0,0,1,0,0,1,0,0,0,1,0,0,0,0,1
Jawa Barat,Kab. Indramayu,Haurgeulis,https://sekolah.data.kemdikbud.go.id/index.php/Chome/profil/8469D641-A0A5-4DD9-B9FF-CF8DC0F8C687,https://referensi.data.kemdikbud.go.id/pendidikan/npsn/69929420,SPS KEMBAR SARI,69929420,DESA CIPANCUH,CIPANCUH,KEC. HAURGEULIS,KAB. INDRAMAYU,PROV. JAWA BARAT,SWASTA,SPS,"Kementerian Pendidikan, Kebudayaan, Riset, dan Teknologi",Yayasan Permatasari Cipancuh,AN8694,05/SK/DS.2007/VI/2008,12-10-2012,421.1/KEP. 166-PLS/2012,12-10-2012,Lihat SK Operasional,2016-01-11 08,,0,1. Lainnya,2. -,Menumpang,,,,,-6.428812700000,107.966522400000,1,0,0,0,2013,Pagi/6 hari,,2022/2023-2,Lainnya,900,2,0,0,0,0,0,0,1,1,0,0,0,0,1,0,0,1,0,1,0,0,0,0,0,0,1
Jawa Barat,Kab. Indramayu,Haurgeulis,https://sekolah.data.kemdikbud.go.id/index.php/Chome/profil/CA0A9CA3-C22A-4FC9-89B1-65F3638255FA,https://referensi.data.kemdikbud.go.id/pendidikan/npsn/70034808,SPS KENANGA,70034808,Blok Carik RT.029 RW.007,HAURGEULIS,KEC. HAURGEULIS,KAB. INDRAMAYU,PROV. JAWA BARAT,SWASTA,SPS,"Kementerian Pendidikan, Kebudayaan, Riset, dan Teknologi",Lainnya,,421.1/KEP. 181 - PAUD,14-12-2021,421.1/KEP. 181 - PAUD,14-12-2021,Lihat SK Operasional,2022-10-24 14,,0,,2.,,,,,,.000000000000,.000000000000,1,0,0,0,,,,2022/2023-2,,,0,0,0,0,0,0,2,0,1,0,0,0,0,1,0,0,1,0,0,0,1,0,0,0,0,1
Jawa Barat,Kab. Indramayu,Haurgeulis,https://sekolah.data.kemdikbud.go.id/index.php/Chome/profil/666796F6-31CE-4020-B4B8-4165D2813373,https://referensi.data.kemdikbud.go.id/pendidikan/npsn/69922038,SPS SALAK,69922038,BLOK 22,KERTANEGARA,KEC. HAURGEULIS,KAB. INDRAMAYU,PROV. JAWA BARAT,SWASTA,SPS,"Kementerian Pendidikan, Kebudayaan, Riset, dan Teknologi",Yayasan alashry,AN8722,101/pkk/kertanegara,22-07-2006,421.1/KEP. 212-PLS,16-10-2013,Lihat SK Operasional,2015-12-01 07,,0,1. -,2. Telkomsel Flash,PLN,,,paudsalak6@gmail.com,,-6.459252000000,107.920543000000,4,0,0,0,2013,Pagi/6 hari,,2022/2023-2,Tidak Ada,450,2,0,0,0,0,0,5,0,4,0,0,0,0,4,0,0,4,1,1,0,1,0,1,0,0,4
Jawa Barat,Kab. Indramayu,Haurgeulis,https://sekolah.data.kemdikbud.go.id/index.php/Chome/profil/E774A028-3078-47DC-9023-C7E936D04DC7,https://referensi.data.kemdikbud.go.id/pendidikan/npsn/69996248,SPS. BERINGIN,69996248,Jalan Sadewa Blok 07 RT/RW. 07/04,KARANGTUMARITIS,KEC. HAURGEULIS,KAB. INDRAMAYU,PROV. JAWA BARAT,SWASTA,SPS,"Kementerian Pendidikan, Kebudayaan, Riset, dan Teknologi",,,421.1/KEP. 115-PAUD,05-04-2019,421.1/KEP. 115-PAUD,05-04-2019,Lihat SK Operasional,2020-02-03 11,,0,1. XL (GSM),2. Telkomsel Flash,PLN,,,spsberingin01@gmail.com,,-6.452741700000,107.918274200000,1,0,0,0,2013,Pagi/6 hari,,2022/2023-2,XL (GSM),900,2,0,0,0,0,0,2,0,1,0,0,0,0,1,0,0,1,0,0,0,1,0,0,0,0,1
Jawa Barat,Kab. Indramayu,Haurgeulis,https://sekolah.data.kemdikbud.go.id/index.php/Chome/profil/C2558C2B-65F6-425C-9E82-B51EE03BB703,https://referensi.data.kemdikbud.go.id/pendidikan/npsn/20264070,TK AISYIYAH,20264070,DESA HAURGEULIS,HAURGEULIS,KEC. HAURGEULIS,KAB. INDRAMAYU,PROV. JAWA BARAT,SWASTA,TK,"Kementerian Pendidikan, Kebudayaan, Riset, dan Teknologi",Yayasan Pimpinan Daerah Muhammadiyah (PDM) Kab. Indramayu,AA3784,421.1/KEP. 98-DISDIK/2010,10-11-2010,420.00.SIP/KEP.26-Sekret,24-02-2016,Lihat SK Operasional,2016-06-20 10,A,"1,512",1. Telkomsel Flash,2. Telkomsel Flash,PLN,,,aisyiyahhaurgeulis8@gmail.com,,-6.459900000000,107.943800000000,7,0,0,0,2013,Pagi/6 hari,,2022/2023-2,Telkomsel Flash,900,6,0,0,2,0,0,7,0,6,0,1,0,4,3,1,1,5,0,0,1,1,1,3,1,0,7
Jawa Barat,Kab. Indramayu,Haurgeulis,https://sekolah.data.kemdikbud.go.id/index.php/Chome/profil/08F92FFB-E629-4CD4-A23B-496DBA35211C,https://referensi.data.kemdikbud.go.id/pendidikan/npsn/20264078,TK AL ASHARY MANGGUNGAN,20264078,JL. RAYA HAURGEULIS NO.17,HAURGEULIS,KEC. HAURGEULIS,KAB. INDRAMAYU,PROV. JAWA BARAT,SWASTA,TK,"Kementerian Pendidikan, Kebudayaan, Riset, dan Teknologi",Yayasan alashry,AN8722,420.00/SIP.281/Kep.26-Sekret,24-02-2016,420.00/SIP.281/Kep.26-Sekret,24-02-2016,Silakan Upload SK,,C,"30,000",1. -,2. -,PLN,,,s.fajariyah123@gmail.com,,-6.450496600000,107.945903800000,2,0,0,0,2013,Pagi/6 hari,,2022/2023-2,Tidak Ada,900,1,0,0,0,0,0,3,0,2,0,0,0,0,2,0,0,2,1,0,0,0,1,0,0,0,2
Jawa Barat,Kab. Indramayu,Haurgeulis,https://sekolah.data.kemdikbud.go.id/index.php/Chome/profil/423B3AD1-5F3F-49B8-883C-B9EF49CA434D,https://referensi.data.kemdikbud.go.id/pendidikan/npsn/20264079,TK AL ASHRY,20264079,JL. JEND. SUDIRMAN NO.179,CIPANCUH,KEC. HAURGEULIS,KAB. INDRAMAYU,PROV. JAWA BARAT,SWASTA,TK,"Kementerian Pendidikan, Kebudayaan, Riset, dan Teknologi",YAYASAN AL-ASHRY,AN8699,421.1/KEP. 44-DISDIK/2006,12-06-2006,421.1/KEP. 44-DISDIK/2006,12-06-2006,Lihat SK Operasional,2016-02-08 19,C,0,1. -,2. -,PLN,,,alashrycip@gmail.com,,-6.457189700000,107.897896800000,1,0,0,0,2013,Pagi/6 hari,,2022/2023-2,Tidak Ada,900,1,0,0,0,0,0,2,0,1,0,0,0,0,1,0,0,1,1,0,0,0,0,0,0,0,1
Jawa Barat,Kab. Indramayu,Haurgeulis,https://sekolah.data.kemdikbud.go.id/index.php/Chome/profil/7247F87C-A3DC-41A6-98D8-F60264892023,https://referensi.data.kemdikbud.go.id/pendidikan/npsn/20264092,TK AL-IKHLAS,20264092,JL. NURUL KOBIAH,HAURKOLOT,KEC. HAURGEULIS,KAB. INDRAMAYU,PROV. JAWA BARAT,SWASTA,TK,"Kementerian Pendidikan, Kebudayaan, Riset, dan Teknologi",Yayasan Perdamaian Semesta Indramayu,AA3680,421.1/KEP. 98-DISDIK/2006,11-10-2006,421.1/KEP. 98-DISDIK/2006,11-10-2006,Lihat SK Operasional,2016-01-31 00,C,0,1. Telkomsel Flash,2. Telkomsel Flash,PLN,,,tkalikhlashaurkolot12@gmail.com,,-6.452674500000,107.945817700000,4,0,0,0,2013,Pagi/6 hari,,2022/2023-2,Telkomsel Flash,900,2,0,0,0,0,0,5,0,4,0,0,0,0,4,0,2,2,0,0,0,0,2,2,0,0,4
Jawa Barat,Kab. Indramayu,Haurgeulis,https://sekolah.data.kemdikbud.go.id/index.php/Chome/profil/880572AD-56A9-4E90-BD91-82366568FC06,https://referensi.data.kemdikbud.go.id/pendidikan/npsn/20264102,TK AMALIYAH HAURGEULIS,20264102,JL. ANYELIR NO.10 PERUM CIPANCUH,CIPANCUH,KEC. HAURGEULIS,KAB. INDRAMAYU,PROV. JAWA BARAT,SWASTA,TK,"Kementerian Pendidikan, Kebudayaan, Riset, dan Teknologi",Yayasan Perwakilan YPLP PGRI Kabupaten Indramayu,AA3821,421.1/KEP.95-DISDIK/2006,03-10-2006,421.1/KEP.95-DISDIK/2006,03-10-2006,Lihat SK Operasional,2016-01-31 00,B,710,1. Lainnya (Wavelan),2. Lainnya (Wavelan),PLN,,,tk_amaliyah@gmail.com,,-6.455500000000,107.939500000000,5,0,0,0,2013,Pagi/6 hari,,2022/2023-2,Lainnya (Wavelan),900,3,0,0,3,0,0,6,0,5,0,0,0,0,5,0,2,3,0,2,1,0,1,1,0,0,5
Jawa Barat,Kab. Indramayu,Haurgeulis,https://sekolah.data.kemdikbud.go.id/index.php/Chome/profil/FBBD3B8D-814F-4F6B-843C-C4FCF90D18D8,https://referensi.data.kemdikbud.go.id/pendidikan/npsn/20264253,TK AMANDA SEJAHTERA,20264253,DESA SUKAJATI,SUKAJATI,KEC. HAURGEULIS,KAB. INDRAMAYU,PROV. JAWA BARAT,SWASTA,TK,"Kementerian Pendidikan, Kebudayaan, Riset, dan Teknologi",Yayasan TP PKK DESA SUKAJATI,AN8693,759/1 02/KEP/E-92,17-10-1992,759/1 02/KEP/E-92,17-10-1992,Lihat SK Operasional,2016-09-02 11,C,0,1. XL (GSM),2. Telkomsel Flash,PLN,,,Tkamandasejahtera20@gmail.com,,-6.458919000000,107.933528000000,2,0,0,0,2013,Pagi/6 hari,,2022/2023-2,XL (GSM),450,3,0,0,0,0,0,1,1,1,0,0,1,0,2,0,2,0,1,0,0,0,0,0,1,0,2
Jawa Barat,Kab. Indramayu,Haurgeulis,https://sekolah.data.kemdikbud.go.id/index.php/Chome/profil/0CBAD5B5-338A-42A1-976E-D4D61886B9DB,https://referensi.data.kemdikbud.go.id/pendidikan/npsn/69919036,TK BAITUL HIKMAH,69919036,Jl. Jati Mas Blok 4 Desa Wanakaya,WANAKAYA,KEC. HAURGEULIS,KAB. INDRAMAYU,PROV. JAWA BARAT,SWASTA,TK,"Kementerian Pendidikan, Kebudayaan, Riset, dan Teknologi",Yayasan menara jati mas wanakaya,AN8719,04/GNBH/IX/2005,05-08-2005,421.1/Kep.02-DISDIK/2006,18-02-2006,Lihat SK Operasional,2015-11-12 14,B,525,1. Telkomsel Flash,2. Telkom Speedy,PLN,,,tkbaitulhikmah7171@gmail.com,,-6.459820000000,107.910853000000,2,0,0,0,2013,Pagi/6 hari,,2022/2023-2,Telkomsel Flash,900,4,0,0,0,0,0,3,0,2,0,0,0,1,1,0,0,2,0,0,2,0,0,0,0,0,2
Jawa Barat,Kab. Indramayu,Haurgeulis,https://sekolah.data.kemdikbud.go.id/index.php/Chome/profil/AEB90013-62EF-4E61-A968-E27018AA47B0,https://referensi.data.kemdikbud.go.id/pendidikan/npsn/20264118,TK BERINGIN,20264118,DESA HAURGEULIS,HAURGEULIS,KEC. HAURGEULIS,KAB. INDRAMAYU,PROV. JAWA BARAT,SWASTA,TK,"Kementerian Pendidikan, Kebudayaan, Riset, dan Teknologi",Yayasan DHARMA WANITA,AN8715,420.00.SIP-006/KEP.26-Sekret,24-02-2016,420.00.SIP-006/KEP.26-Sekret,24-02-2016,Lihat SK Operasional,2016-09-21 10,B,0,1. Telkomsel Flash,2. Telkomsel Flash,PLN,,,tkberingin@gmail.com,,-6.460800000000,107.943600000000,3,0,0,0,2013,Pagi/6 hari,,2022/2023-2,Telkomsel Flash,450,3,0,0,2,1,0,1,1,2,0,1,0,0,3,1,1,1,0,1,0,0,1,0,1,0,3
Jawa Barat,Kab. Indramayu,Haurgeulis,https://sekolah.data.kemdikbud.go.id/index.php/Chome/profil/81A05169-BBFD-4F2A-9371-D416519F708C,https://referensi.data.kemdikbud.go.id/pendidikan/npsn/20264134,TK DARUL ABSHOR,20264134,JL. SILIWANGI PURBAYA,HAURGEULIS,KEC. HAURGEULIS,KAB. INDRAMAYU,PROV. JAWA BARAT,SWASTA,TK,"Kementerian Pendidikan, Kebudayaan, Riset, dan Teknologi",,,421.1/kEP. 49-DISDIK/2006,19-06-2006,420.00.SIP-011/Kep.26-Sekret,24-02-2016,Lihat SK Operasional,2017-03-15 10,B,91,1. Telkomsel Flash,2. Telkomsel Flash,PLN,,,tkdarulashor50@gmail.com,,-5.443757000000,114.421127000000,2,0,0,0,2013,Pagi/6 hari,,2022/2023-2,Telkomsel Flash,900,3,0,0,1,0,0,3,0,2,0,0,0,0,2,0,2,0,1,1,0,0,0,0,0,0,2
Jawa Barat,Kab. Indramayu,Haurgeulis,https://sekolah.data.kemdikbud.go.id/index.php/Chome/profil/111B4371-5281-4401-A488-E09AFF572523,https://referensi.data.kemdikbud.go.id/pendidikan/npsn/20264135,TK DARUROHMAN,20264135,JL. KH.ABDUL BASYIR BLOK.10,KERTANEGARA,KEC. HAURGEULIS,KAB. INDRAMAYU,PROV. JAWA BARAT,SWASTA,TK,"Kementerian Pendidikan, Kebudayaan, Riset, dan Teknologi",Yayasan DARURROHMAN,AN8705,421.1/KEP. 43-DISDIK/2006,12-06-2006,421.1/KEP. 43-DISDIK/2006,12-06-2006,Lihat SK Operasional,2016-04-18 12,C,930,1. Telkomsel Flash,2. Telkom Speedy,PLN,,,uumumarohatun@gmail.com,,-5.443757000000,114.421127000000,4,0,0,0,2013,Pagi/6 hari,,2022/2023-2,Telkomsel Flash,0,4,0,0,0,0,0,5,0,4,0,0,0,2,2,0,2,2,1,1,2,0,0,0,0,0,4
Jawa Barat,Kab. Indramayu,Haurgeulis,https://sekolah.data.kemdikbud.go.id/index.php/Chome/profil/22B76C42-4012-46A9-A998-871BF6843D1F,https://referensi.data.kemdikbud.go.id/pendidikan/npsn/20264141,TK FAJAR,20264141,JL. P. DIPONEGORO NO.30,KERTANEGARA,KEC. HAURGEULIS,KAB. INDRAMAYU,PROV. JAWA BARAT,SWASTA,TK,"Kementerian Pendidikan, Kebudayaan, Riset, dan Teknologi",Yayasan Lembaga Pemberdayaan Masyarakat,AM8619,421.1/KEP. 72-DISDIK/2005,21-09-2005,421.1/KEP. 72-DISDIK/2005,21-09-2005,Lihat SK Operasional,2016-01-31 00,B,601,1. -,2. -,PLN,,,,,-6.452075000000,107.928030000000,4,0,0,0,2013,Pagi/6 hari,,2022/2023-2,Tidak Ada,450,3,0,0,0,0,0,3,2,4,0,0,0,0,4,0,0,4,2,0,0,2,0,0,0,0,4
Jawa Barat,Kab. Indramayu,Haurgeulis,https://sekolah.data.kemdikbud.go.id/index.php/Chome/profil/FD18E617-B308-48F0-BD53-D1AB85FBDC02,https://referensi.data.kemdikbud.go.id/pendidikan/npsn/20264149,TK HARAPAN,20264149,DESA WANAKAYA,WANAKAYA,KEC. HAURGEULIS,KAB. INDRAMAYU,PROV. JAWA BARAT,SWASTA,TK,"Kementerian Pendidikan, Kebudayaan, Riset, dan Teknologi",Yayasan LPM,AA3679,213/102.20/ds/1998,22-01-1998,213/102.20/ds/1998,22-01-1998,Lihat SK Operasional,2017-03-27 07,A,432,1. -,2. Telkom Astinet,PLN,,,tkharapan.wanakaya@gmail.com,,-6.466445000000,107.911835000000,2,0,0,0,2013,Pagi/6 hari,,2022/2023-2,Tidak Ada,900,1,0,0,1,0,0,2,0,2,0,0,0,0,2,0,1,1,1,1,0,0,0,0,0,0,2
Jawa Barat,Kab. Indramayu,Haurgeulis,https://sekolah.data.kemdikbud.go.id/index.php/Chome/profil/6B9BD87A-DF1F-48AD-8C84-0F589E6339B7,https://referensi.data.kemdikbud.go.id/pendidikan/npsn/69923139,TK Islam An Nur,69923139,Jl. Galur Harapam Km.02,MEKARJATI,KEC. HAURGEULIS,KAB. INDRAMAYU,PROV. JAWA BARAT,SWASTA,TK,"Kementerian Pendidikan, Kebudayaan, Riset, dan Teknologi",Yayasan Pendidikan An Nur Cipedang Bunder,AN8712,015/YP An Nur.CBR/XII/201,02-12-2013,421.1/KEP.114-DISDIK/2014,21-05-2014,Lihat SK Operasional,2015-12-07 13,,0,1. -,2. Telkom Speedy,PLN,,,tk_islam_annur@yahoo.co.id,,-6.455300000000,107.960500000000,2,0,0,0,2013,Pagi/6 hari,,2022/2023-2,Tidak Ada,450,2,0,0,0,0,0,3,0,2,0,0,0,1,1,0,1,1,1,1,0,0,0,0,0,1,1
Jawa Barat,Kab. Indramayu,Haurgeulis,https://sekolah.data.kemdikbud.go.id/index.php/Chome/profil/63B430F4-947B-47C5-A7DB-969F10EA2341,https://referensi.data.kemdikbud.go.id/pendidikan/npsn/20264170,TK ISLAM NURUL HIKMAH,20264170,DESA SUKAJATI,SUKAJATI,KEC. HAURGEULIS,KAB. INDRAMAYU,PROV. JAWA BARAT,SWASTA,TK,"Kementerian Pendidikan, Kebudayaan, Riset, dan Teknologi",YAYASAN NURUL HIKMAH,AN8703,1355/102.20/DS/1997,09-07-1997,1355/102.20/DS/1997,09-07-1997,Silakan Upload SK (link file tidak valid) => [463248-39663--],2021-06-17 14,B,840,1. Telkom Speedy,2. Telkom Speedy,PLN,,,tk.islamnurulhikmahsukajati@gmail.com,,-6.466229000000,107.943490000000,4,0,0,0,2013,Pagi/6 hari,,2022/2023-2,Telkom Speedy,450,5,0,0,0,0,0,4,1,4,0,0,0,0,4,0,0,4,1,0,1,1,1,0,0,0,4
Jawa Barat,Kab. Indramayu,Haurgeulis,https://sekolah.data.kemdikbud.go.id/index.php/Chome/profil/A27CC310-0598-4CD8-9CEC-AC572CE3B730,https://referensi.data.kemdikbud.go.id/pendidikan/npsn/69960271,TK IT SMART KIDS,69960271,Jln. Jenderal Ahmad Yani,SUKAJATI,KEC. HAURGEULIS,KAB. INDRAMAYU,PROV. JAWA BARAT,SWASTA,TK,"Kementerian Pendidikan, Kebudayaan, Riset, dan Teknologi",Lainnya,,421.1/KEP.13-PAUD/2017,09-02-2017,421.1/KEP.13-PAUD/2017,09-02-2017,Lihat SK Operasional,2017-03-07 07,B,0,1. Telkomsel Flash,2. Telkom Speedy,PLN,,,tk.itsmartkidshaurgeulis@gmail.com,,-6.458900000000,107.939000000000,4,0,0,0,2013,Pagi/6 hari,,2022/2023-2,Telkomsel Flash,"1,200",3,0,0,2,0,0,2,3,4,0,0,0,0,4,0,1,3,2,0,1,0,0,0,1,0,4
Jawa Barat,Kab. Indramayu,Haurgeulis,https://sekolah.data.kemdikbud.go.id/index.php/Chome/profil/2452BD95-2267-468A-AE0A-24FD1826BEBF,https://referensi.data.kemdikbud.go.id/pendidikan/npsn/69972934,TK IT SUMBER MULYA,69972934,Blok Sumurwedi RT.09 RW.05,SUMBERMULYA,KEC. HAURGEULIS,KAB. INDRAMAYU,PROV. JAWA BARAT,SWASTA,TK,"Kementerian Pendidikan, Kebudayaan, Riset, dan Teknologi",Lainnya,AD5519,420.00.SIP-212/KEP.26-Sekret,23-10-2017,420.00.SIP-212/KEP.26-Sekret,23-10-2017,Lihat SK Operasional,2018-02-13 12,,400,1. Telkom Speedy,2. Telkom Speedy,PLN,,,tkitsumbermulya@gmail.com,http,-6.427657000000,107.944079000000,1,0,0,0,2013,Pagi/6 hari,,2022/2023-2,Telkom Speedy,450,2,0,0,0,0,0,2,0,1,0,0,0,0,1,0,0,1,0,1,0,0,0,0,0,0,1
Jawa Barat,Kab. Indramayu,Haurgeulis,https://sekolah.data.kemdikbud.go.id/index.php/Chome/profil/1BB77317-5CBB-4541-9D8B-A358F6E65310,https://referensi.data.kemdikbud.go.id/pendidikan/npsn/69922037,TK KARTIKA,69922037,JALAN JATI MAS 2 BLOK 3,WANAKAYA,KEC. HAURGEULIS,KAB. INDRAMAYU,PROV. JAWA BARAT,SWASTA,TK,"Kementerian Pendidikan, Kebudayaan, Riset, dan Teknologi",Yayasan AI FATHURROHIM HAURGEULIS,AN8697,422.6/134.UPTD,06-08-2012,421.1/KEP. 132-DISDIK,30-05-2013,Lihat SK Operasional,2015-12-01 07,,147,,2.,,,,pasgapandu@gmail.com,,-6.459300000000,107.915700000000,0,0,0,0,2013,,,2022/2023-2,,,0,0,0,0,0,0,0,0,0,0,0,0,0,0,0,0,0,0,0,0,0,0,0,0,,
Jawa Barat,Kab. Indramayu,Haurgeulis,https://sekolah.data.kemdikbud.go.id/index.php/Chome/profil/8A436807-36F4-4ADD-A9AC-1350650F6D57,https://referensi.data.kemdikbud.go.id/pendidikan/npsn/20264188,TK KUNTUM MEKAR,20264188,DESA MEKARJATI,MEKARJATI,KEC. HAURGEULIS,KAB. INDRAMAYU,PROV. JAWA BARAT,SWASTA,TK,"Kementerian Pendidikan, Kebudayaan, Riset, dan Teknologi",Yayasan Lembaga Pemberdayaan Masyarakat,AN8707,840/1.02/KEP/E 92,04-11-1992,840/1.02/KEP/E 92,04-11-1992,Lihat SK Operasional,2016-01-30 23,,0,1. Telkom Speedy,2. Telkomsel Flash,PLN,,,tkkuntummekar0@gmail.com,,-6.466775900000,107.952109400000,2,0,0,0,2013,Pagi/6 hari,,2022/2023-2,Telkom Speedy,600,3,0,0,0,0,0,2,0,2,0,0,0,0,2,1,0,1,0,0,1,0,0,1,0,0,2
Jawa Barat,Kab. Indramayu,Haurgeulis,https://sekolah.data.kemdikbud.go.id/index.php/Chome/profil/A52C555E-6322-4817-B955-52649A5E241D,https://referensi.data.kemdikbud.go.id/pendidikan/npsn/20264194,TK MEKAR MULYA,20264194,DESA SUMBERMULYA,SUMBERMULYA,KEC. HAURGEULIS,KAB. INDRAMAYU,PROV. JAWA BARAT,SWASTA,TK,"Kementerian Pendidikan, Kebudayaan, Riset, dan Teknologi",,,838/102/KEP/E-92,04-11-1992,838/102/KEP/E-92,04-11-1992,Lihat SK Operasional,2016-01-30 23,C,650,1. -,2. Telkomsel Flash,PLN,,,tkmekarmulya.haurgeulis@gmail.com,,-6.425699000000,107.950770000000,3,0,0,0,2013,Pagi/6 hari,,2022/2023-2,Tidak Ada,900,3,0,0,1,0,0,3,0,3,0,0,0,0,3,0,1,2,2,1,0,0,0,0,0,0,3
Jawa Barat,Kab. Indramayu,Haurgeulis,https://sekolah.data.kemdikbud.go.id/index.php/Chome/profil/B7616BD4-AEE6-4C1A-BB9F-37996A39F31C,https://referensi.data.kemdikbud.go.id/pendidikan/npsn/20269480,TK MUSLIMAT NU HAURGEULIS,20269480,JL. KI HAJAR DEWANTARA NO. 32,SUKAJATI,KEC. HAURGEULIS,KAB. INDRAMAYU,PROV. JAWA BARAT,SWASTA,TK,"Kementerian Pendidikan, Kebudayaan, Riset, dan Teknologi",YAYASAN AL HUDA,AN8695,421.1/KEP. 96-DISDIK/2010,10-11-2010,421.1/KEP. 96-DISDIK/2010,10-11-2010,Lihat SK Operasional,2016-02-08 20,B,"2,685",1. -,2. -,PLN,,,tkmuslimatnuhgl09@gmail.com,,-6.464750000000,107.936068000000,2,0,0,0,2013,Pagi/6 hari,,2022/2023-2,Tidak Ada,450,2,0,0,0,0,0,4,0,2,0,0,0,0,2,0,0,2,0,2,0,0,0,0,0,0,2
Jawa Barat,Kab. Indramayu,Haurgeulis,https://sekolah.data.kemdikbud.go.id/index.php/Chome/profil/7CEAC72A-1EDA-4E5A-A4F6-EFD3C16C61C5,https://referensi.data.kemdikbud.go.id/pendidikan/npsn/69959778,TK MUTIARA INSANI,69959778,Jln. Pangeran Diponegoro Blok 20,KERTANEGARA,KEC. HAURGEULIS,KAB. INDRAMAYU,PROV. JAWA BARAT,SWASTA,TK,"Kementerian Pendidikan, Kebudayaan, Riset, dan Teknologi",Yayasan Griya Mutiara Kastari,AN8709,421.1/KEP.13-PAUD/2017,09-02-2017,421.1/KEP.13-PAUD/2017,09-02-2017,Lihat SK Operasional,2017-02-24 11,,216,1. Telkomsel Flash,2. Telkom Speedy,PLN,,,insanimutiara99@gmail.com,,-6.475478600000,107.955613700000,2,0,0,0,2013,Pagi/6 hari,,2022/2023-2,Telkomsel Flash,878,4,0,0,1,0,0,2,0,2,0,0,0,0,2,0,1,1,1,1,0,0,0,0,0,0,2
Jawa Barat,Kab. Indramayu,Haurgeulis,https://sekolah.data.kemdikbud.go.id/index.php/Chome/profil/9FD80178-B3E3-47CE-BBD3-E9D498FCB818,https://referensi.data.kemdikbud.go.id/pendidikan/npsn/20264226,TK NURUL HUDA,20264226,JL. MANGGA BESAR SIDODADI,SIDADADI,KEC. HAURGEULIS,KAB. INDRAMAYU,PROV. JAWA BARAT,SWASTA,TK,"Kementerian Pendidikan, Kebudayaan, Riset, dan Teknologi",,,421.1/KEP. 45-DISDIK/2006,12-06-2006,421.1/KEP. 45-DISDIK/2006,12-06-2006,Lihat SK Operasional,2016-01-31 00,C,132,1. -,2. Smartfren,Menumpang,,,tknurulhudahaurgeulis@gmail.com,,-6.427673200000,107.982337400000,2,0,0,0,2013,Pagi/6 hari,,2022/2023-2,Tidak Ada,900,2,0,0,2,0,0,2,1,2,0,0,0,1,1,0,0,2,1,1,0,0,0,0,0,0,2
Jawa Barat,Kab. Indramayu,Haurgeulis,https://sekolah.data.kemdikbud.go.id/index.php/Chome/profil/689BE08C-F8CD-4A3A-A2AE-7872429FCDAD,https://referensi.data.kemdikbud.go.id/pendidikan/npsn/20264271,TK PERINTIS,20264271,DESA KARANG TUMARITIS,KARANGTUMARITIS,KEC. HAURGEULIS,KAB. INDRAMAYU,PROV. JAWA BARAT,SWASTA,TK,"Kementerian Pendidikan, Kebudayaan, Riset, dan Teknologi",,,124/102.20/05/1997,09-07-1997,124/102.20/05/1997,09-07-1997,Lihat SK Operasional,2016-01-30 23,B,0,1. Lainnya (Wavelan),2. Lainnya (Wavelan),PLN,,,tkperintis9@gmail.com,,-6.457507000000,107.898835000000,3,0,0,0,2013,Pagi/6 hari,,2022/2023-2,Lainnya (Wavelan),900,3,0,0,2,0,0,3,0,3,0,0,0,0,3,0,2,1,0,0,1,2,0,0,0,0,3
Jawa Barat,Kab. Indramayu,Haurgeulis,https://sekolah.data.kemdikbud.go.id/index.php/Chome/profil/258B2D0E-6538-40DE-9BA4-DC296C1D5C91,https://referensi.data.kemdikbud.go.id/pendidikan/npsn/69962117,TK PERSATUAN UMAT ISLAM (PUI),69962117,Jl. Kauman Dalam,HAURGEULIS,KEC. HAURGEULIS,KAB. INDRAMAYU,PROV. JAWA BARAT,SWASTA,TK,"Kementerian Pendidikan, Kebudayaan, Riset, dan Teknologi",Yayasan Persatuan Ummat Islam (PUI),AA3676,423.2/001/YPUI/2017,10-01-2017,421.1/KEP.13-PAUD/2017,09-02-2017,Lihat SK Operasional,2017-04-22 03,B,900,1. -,2. -,PLN,,,tkpuihaurgeulis@gmail.com,,-6.461004000000,107.942957000000,4,0,0,0,2013,Pagi/6 hari,,2022/2023-2,Tidak Ada,900,5,0,0,2,0,0,5,0,4,0,0,0,2,2,0,1,3,2,2,0,0,0,0,0,0,4
Jawa Barat,Kab. Indramayu,Haurgeulis,https://sekolah.data.kemdikbud.go.id/index.php/Chome/profil/AD8D0280-3546-4CD5-B0B0-3923EE58D816,https://referensi.data.kemdikbud.go.id/pendidikan/npsn/70012245,TK. ALAM AISYIYAH BUSTANUL ATHFAL SUKAJATI,70012245,Jl. Masjid Al Muhajirin I Blok Sukahati RT.027 RW.013,SUKAJATI,KEC. HAURGEULIS,KAB. INDRAMAYU,PROV. JAWA BARAT,SWASTA,TK,"Kementerian Pendidikan, Kebudayaan, Riset, dan Teknologi",,,421.1/KEP.77-PAUD,30-03-2021,421.1/KEP.77-PAUD,30-03-2021,Lihat SK Operasional,2021-08-23 21,,779,1. -,2. Telkomsel Flash,PLN,,,,,.000000000000,.000000000000,1,0,0,0,2013,Pagi/6 hari,,2022/2023-2,Tidak Ada,900,2,0,0,0,0,0,2,0,1,0,0,0,0,1,0,0,1,0,1,0,0,0,0,0,0,1
Jawa Barat,Kab. Indramayu,Haurgeulis,https://sekolah.data.kemdikbud.go.id/index.php/Chome/profil/2A0F1CE2-A767-490B-BE90-214FA9913CE9,https://referensi.data.kemdikbud.go.id/pendidikan/npsn/70011898,TK. AT-TAQWA,70011898,Jl. Jatimas I Blok 11 RT.004 RW.004,WANAKAYA,KEC. HAURGEULIS,KAB. INDRAMAYU,PROV. JAWA BARAT,SWASTA,TK,"Kementerian Pendidikan, Kebudayaan, Riset, dan Teknologi",,,421.1/KEP.68-PAUD,30-04-2021,421.1/KEP.68-PAUD,30-03-2021,Lihat SK Operasional,2021-08-09 15,,0,1. -,2. -,PLN,,,attaqwatk0@gmail.cm,,.000000000000,.000000000000,2,0,0,0,2013,Pagi/6 hari,,2022/2023-2,Tidak Ada,900,2,0,0,0,0,0,3,0,2,0,0,0,0,2,0,0,2,1,0,1,0,0,0,0,0,2
Jawa Barat,Kab. Indramayu,Haurgeulis,https://sekolah.data.kemdikbud.go.id/index.php/Chome/profil/A1B1471F-D37F-4E02-A876-D634374FCE7F,https://referensi.data.kemdikbud.go.id/pendidikan/npsn/70013129,TK. ISLAM TERPADU MADJA MULYA,70013129,Blok Kalen Maja RT.13 RW.006,SIDADADI,KEC. HAURGEULIS,KAB. INDRAMAYU,PROV. JAWA BARAT,SWASTA,TK,"Kementerian Pendidikan, Kebudayaan, Riset, dan Teknologi",,,421.1/KEP.79-PAUD,30-03-2021,421.1/KEP.79-PAUD,30-03-2021,Lihat SK Operasional,2021-09-17 18,,338,,2.,,,,,,.000000000000,.000000000000,0,0,0,0,2013,,,2022/2023-2,,,0,0,0,0,0,0,0,0,0,0,0,0,0,0,0,0,0,0,0,0,0,0,0,0,,
Jawa Barat,Kab. Indramayu,Haurgeulis,https://sekolah.data.kemdikbud.go.id/index.php/Chome/profil/841468E1-73FC-4B92-A212-1277B828B4A4,https://referensi.data.kemdikbud.go.id/pendidikan/npsn/70035249,TK. ISLAM TERPADU NURUL HUSNA HAURGEULIS,70035249,Blok 19 RT.004 RW.002,KERTANEGARA,KEC. HAURGEULIS,KAB. INDRAMAYU,PROV. JAWA BARAT,SWASTA,TK,"Kementerian Pendidikan, Kebudayaan, Riset, dan Teknologi",Lainnya,,421.1/KEP. 178-PAUD,14-12-2021,421.1/KEP. 178-PAUD,14-12-2021,Lihat SK Operasional,2022-11-08 15,,0,,2.,,,,,,.000000000000,.000000000000,0,0,0,0,,,,2022/2023-2,,,0,0,0,0,0,0,0,0,0,0,0,0,0,0,0,0,0,0,0,0,0,0,0,0,,
Jawa Barat,Kab. Indramayu,Haurgeulis,https://sekolah.data.kemdikbud.go.id/index.php/Chome/profil/4481253F-4A25-48AA-8BA2-70424B1ED24D,https://referensi.data.kemdikbud.go.id/pendidikan/npsn/70010739,TK. IT. ASH-SHAAF,70010739,Gg. SDN Kebon Karet Dusun Sumurwedi I,SUMBERMULYA,KEC. HAURGEULIS,KAB. INDRAMAYU,PROV. JAWA BARAT,SWASTA,TK,"Kementerian Pendidikan, Kebudayaan, Riset, dan Teknologi",,,421.1/KEP.48-PAUD,30-03-2021,421.1/KEP.48-PAUD,30-03-2021,Lihat SK Operasional,2021-08-30 14,,"2,000",1. -,2. Lainnya (Wavelan),PLN,,,tkit.ashshaff01@gmail.com,,.000000000000,.000000000000,2,0,0,0,2013,Pagi/6 hari,,2022/2023-2,Tidak Ada,900,2,0,0,0,0,0,3,0,2,0,0,0,1,1,0,1,1,2,0,0,0,0,0,0,0,2
Jawa Barat,Kab. Indramayu,Haurgeulis,https://sekolah.data.kemdikbud.go.id/index.php/Chome/profil/6FDE5A1B-C70D-4603-9A51-3F77ED760F08,https://referensi.data.kemdikbud.go.id/pendidikan/npsn/70010469,TK. JANNATUL ATHFAL,70010469,Blok Sukahati Rt 32 Rw 13,SUKAJATI,KEC. HAURGEULIS,KAB. INDRAMAYU,PROV. JAWA BARAT,SWASTA,TK,"Kementerian Pendidikan, Kebudayaan, Riset, dan Teknologi",,,421.1/KEP.49-PAUD,30-03-2021,421.1/KEP.49-PAUD,30-03-2021,Silakan Upload SK (link file tidak valid) => [519291-608337--],2021-09-21 05,,361,1. -,2. Telkom Speedy,PLN,,,,,.000000000000,.000000000000,1,0,0,0,2013,Pagi/6 hari,,2022/2023-2,Tidak Ada,"1,299",2,0,0,0,0,0,2,0,1,0,0,0,0,1,0,0,1,0,0,0,0,1,0,0,0,1
Jawa Barat,Kab. Indramayu,Haurgeulis,https://sekolah.data.kemdikbud.go.id/index.php/Chome/profil/2EB591D0-B710-4AF8-AD4B-4D32DD00C82A,https://referensi.data.kemdikbud.go.id/pendidikan/npsn/70011777,TK. MENTARI,70011777,Jl. Mangga Blok 11 RT.016 RW.008,KERTANEGARA,KEC. HAURGEULIS,KAB. INDRAMAYU,PROV. JAWA BARAT,SWASTA,TK,"Kementerian Pendidikan, Kebudayaan, Riset, dan Teknologi",Yayasan AL FAJAR KERTANEGARA,AN8706,421.1/KEP.57-PAUD,30-03-2021,421.1/KEP.57-PAUD,30-03-2021,Lihat SK Operasional,2021-08-04 18,,0,1. Telkomsel Flash,2. Telkom Speedy,PLN,,,tkmentarikertanegara@gmail.com,,-6.455400000000,107.924300000000,3,0,0,0,2013,Pagi/6 hari,,2022/2023-2,Telkomsel Flash,900,2,0,0,0,0,0,4,0,3,0,0,0,0,3,0,0,3,1,1,0,0,0,1,0,0,3
Jawa Barat,Kab. Indramayu,Haurgeulis,https://sekolah.data.kemdikbud.go.id/index.php/Chome/profil/B7327DBD-00BD-4345-933F-782EBF6BDF67,https://referensi.data.kemdikbud.go.id/pendidikan/npsn/70012208,TK. NUUR AL HASBY SIDADADI,70012208,Blok Pelem Gede RT.004 RW.002,SIDADADI,KEC. HAURGEULIS,KAB. INDRAMAYU,PROV. JAWA BARAT,SWASTA,TK,"Kementerian Pendidikan, Kebudayaan, Riset, dan Teknologi",,,421.1/KEP.70-PAUD,30-03-2021,421.1/KEP.70-PAUD,30-03-2021,Lihat SK Operasional,2021-08-19 20,,580,,2.,,,,,,.000000000000,.000000000000,4,0,0,0,2013,,,2022/2023-2,,,0,0,0,0,0,0,3,1,4,0,0,0,0,4,0,0,4,4,0,0,0,0,0,0,0,4
Jawa Barat,Kab. Indramayu,Haurgeulis,https://sekolah.data.kemdikbud.go.id/index.php/Chome/profil/407BD113-8049-450B-8223-B7485B1425BA,https://referensi.data.kemdikbud.go.id/pendidikan/npsn/70012207,TK. PELANGI,70012207,Jl. Branjangan Blok 22 RT.012 RW.006,KERTANEGARA,KEC. HAURGEULIS,KAB. INDRAMAYU,PROV. JAWA BARAT,SWASTA,TK,"Kementerian Pendidikan, Kebudayaan, Riset, dan Teknologi",,,421.1/KEP. 58-PAUD,30-03-2021,421.1/KEP. 58-PAUD,30-03-2021,Lihat SK Operasional,2021-08-19 20,,0,1. Telkomsel Flash,2. Telkom Speedy,PLN,,,tkpelangihgl@gmail.com,,.000000000000,.000000000000,1,0,0,0,2013,Pagi/6 hari,,2022/2023-2,Telkomsel Flash,450,1,0,0,0,0,0,1,1,1,0,0,0,0,1,0,0,1,1,0,0,0,0,0,0,0,1
Jawa Barat,Kab. Indramayu,Haurgeulis,https://sekolah.data.kemdikbud.go.id/index.php/Chome/profil/2E6C9629-E1D2-41FB-BD2D-06F9932FEC66,https://referensi.data.kemdikbud.go.id/pendidikan/npsn/70025778,TK. WANAKAYA,70025778,Blok 6 RT 004 RW 005,WANAKAYA,KEC. HAURGEULIS,KAB. INDRAMAYU,PROV. JAWA BARAT,SWASTA,TK,"Kementerian Pendidikan, Kebudayaan, Riset, dan Teknologi",YAYASAN REPUBLIK MAX,AD5521,421.1/KEP.170-PAUD,14-12-2021,421.1/KEP.170-PAUD,14-12-2021,Lihat SK Operasional,2022-03-02 02,,400,1. -,2. XL (GSM),PLN,,,tkwanakaya@gmail.com,,-6.464800000000,107.910800000000,2,0,0,0,2013,Pagi/6 hari,,2022/2023-2,Tidak Ada,"1,300",2,0,0,0,0,0,3,0,2,0,0,0,0,2,0,0,2,0,1,1,0,0,0,0,0,2
