prov_name,kab_name,kec_name,link_sekolah_kita,link_referensi,nama,npsn,alamat,desa/kelurahan,kecamatan/kota_(ln),kab.-kota/negara_(ln),propinsi/luar_negeri_(ln),status_sekolah,bentuk_pendidikan,kementerian_pembina,naungan,npyp,no._sk._pendirian,tanggal_sk._pendirian,nomor_sk_operasional,tanggal_sk_operasional,file_sk_operasional,tanggal_upload_sk_op.,akreditasi,luas_tanah,akses_internet,akses_internet_2,sumber_listrik,fax,telepon,email,website,lintang,bujur,guru,siswa_laki_laki,siswa_perempuan,rombongan_belajar,penyelenggaraan,manajemen_berbasis_sekolah,semester_data,daya_listrik,ruang_kelas,laboratorium,perpustakaan,sanitasi_siswa,guru_pns,guru_gtt,guru_gty,guru_honor,guru_gol_i,guru_gol_ii,guru_gol_iii,guru_gol_iv,guru_sertifikasi,guru_belum_sertifikasi,guru_kurang_dari_s1,guru_s1_atau_lebih,guru_data_kosong,guru_kurang_dari_30_tahun,guru_31_35_tahun,guru_36_40,guru_41_45_tahun,guru_46_50_tahun,guru_51_55_tahun,guru_lebih_dari_55_tahun,guru_laki_laki,guru_perempuan,kurikulum,akses_internet_sekolah_kita
Nusa Tenggara Barat,Kab. Lombok Tengah,Batukliang Utara,https://sekolah.data.kemdikbud.go.id/index.php/Chome/profil/7EC10BC3-41FC-4C86-AE0E-8F226799A56D,https://referensi.data.kemdikbud.go.id/pendidikan/npsn/69958214,As-Siddiqien,69958214,Kesah,TERATAK,KEC. BATUKLIANG UTARA,KAB. LOMBOK TENGAH,PROV. NUSA TENGGARA BARAT,SWASTA,RA,Kementerian Agama,Lainnya,AH7691,,,,,Silakan Upload SK,,,0,,2.,,,,,,.000000000000,.000000000000,0,0,0,0,,,2022/2023-2,,0,0,0,0,0,0,0,0,0,0,0,0,0,0,0,0,0,0,0,0,0,0,0,0,,,,
Nusa Tenggara Barat,Kab. Lombok Tengah,Batukliang Utara,https://sekolah.data.kemdikbud.go.id/index.php/Chome/profil/12649BF9-012C-4CAF-864B-64CC8FD05807,https://referensi.data.kemdikbud.go.id/pendidikan/npsn/69898632,Ibnu Mujahid,69898632,Wisata Aik Bukak Dusun Batu Ngrenseng Daye Desa Aik Bukak,AIK BUKAQ,KEC. BATUKLIANG UTARA,KAB. LOMBOK TENGAH,PROV. NUSA TENGGARA BARAT,SWASTA,RA,Kementerian Agama,Lainnya,,,,,,Silakan Upload SK,,,0,,2.,,,,,,-8.587084200000,116.256171000000,0,0,0,0,,,2022/2023-2,,0,0,0,0,0,0,0,0,0,0,0,0,0,0,0,0,0,0,0,0,0,0,0,0,,,,
Nusa Tenggara Barat,Kab. Lombok Tengah,Batukliang Utara,https://sekolah.data.kemdikbud.go.id/index.php/Chome/profil/951DFABA-9B29-4A31-85EE-22D3C3A58CF7,https://referensi.data.kemdikbud.go.id/pendidikan/npsn/69952778,KB AL-AMIN,69952778,Dusun Tanak Beak Barat I,TANAK BEAQ,KEC. BATUKLIANG UTARA,KAB. LOMBOK TENGAH,PROV. NUSA TENGGARA BARAT,SWASTA,KB,"Kementerian Pendidikan, Kebudayaan, Riset, dan Teknologi",Yayasan AL AMIN,AC7415,308 Tahun 2016,18-10-2016,308 Tahun 2016,18-10-2016,Lihat SK Operasional,2016-10-24 13,C,200,1. Lainnya (Wavelan),2. Smartfren,PLN,,,Ahmad.fathoni@yahoo.com,,.000000000000,.000000000000,4,0,0,0,Pagi/6 hari,,2022/2023-2,450,1,0,0,0,0,0,5,0,4,0,0,0,0,4,0,0,4,0,1,1,2,0,0,0,1,3,2013,Lainnya (Wavelan)
Nusa Tenggara Barat,Kab. Lombok Tengah,Batukliang Utara,https://sekolah.data.kemdikbud.go.id/index.php/Chome/profil/16337FD1-34EE-45B1-85D6-D956AB10BDCD,https://referensi.data.kemdikbud.go.id/pendidikan/npsn/69770009,KB AL-IMAN,69770009,BATU KERENSENG,AIK BUKAQ,KEC. BATUKLIANG UTARA,KAB. LOMBOK TENGAH,PROV. NUSA TENGGARA BARAT,SWASTA,KB,"Kementerian Pendidikan, Kebudayaan, Riset, dan Teknologi",Yayasan AS-SYAFI'IAH,AC7401,,,15/PAUD/AL-IMAN/V/2010,,Silakan Upload SK,,C,900,1. XL (GSM),2. Telkomsel Flash,PLN,,,Paudaliman74@gmail.com,,.000000000000,.000000000000,2,0,0,0,Sehari Penuh/5 hari,,2022/2023-2,900,1,0,0,0,0,0,2,1,2,0,0,0,0,2,0,0,2,1,0,0,1,0,0,0,0,2,2013,XL (GSM)
Nusa Tenggara Barat,Kab. Lombok Tengah,Batukliang Utara,https://sekolah.data.kemdikbud.go.id/index.php/Chome/profil/76F91DE6-D1A6-4E8C-8392-333048F6BA77,https://referensi.data.kemdikbud.go.id/pendidikan/npsn/70006757,KB AL-MUSTHOFA,70006757,Karang Sidemen Bawak,KARANG SIDEMEN,KEC. BATUKLIANG UTARA,KAB. LOMBOK TENGAH,PROV. NUSA TENGGARA BARAT,SWASTA,KB,"Kementerian Pendidikan, Kebudayaan, Riset, dan Teknologi",,,745 Tahun 2020,16-12-2020,745 Tahun 2020,16-12-2020,Lihat SK Operasional,2021-01-08 09,,0,1. -,2. Telkomsel Flash,PLN,,,,,.000000000000,.000000000000,3,0,0,0,Pagi/6 hari,,2022/2023-2,450,2,0,0,0,0,0,4,0,3,0,0,0,0,3,0,0,3,2,1,0,0,0,0,0,0,3,2013,Tidak Ada
Nusa Tenggara Barat,Kab. Lombok Tengah,Batukliang Utara,https://sekolah.data.kemdikbud.go.id/index.php/Chome/profil/D5421B7C-B0D7-4D9D-8241-6AD1C42431C6,https://referensi.data.kemdikbud.go.id/pendidikan/npsn/70012515,KB AN-NUR,70012515,Dusun Goak Lauk,MAS-MAS,KEC. BATUKLIANG UTARA,KAB. LOMBOK TENGAH,PROV. NUSA TENGGARA BARAT,SWASTA,KB,"Kementerian Pendidikan, Kebudayaan, Riset, dan Teknologi",YAYASAN AN NUR GOAK LAUK,AX0605,295 Tahun 2021,23-08-2021,295 Tahun 2021,23-08-2021,Lihat SK Operasional,2021-08-30 15,,0,1. Telkomsel Flash,2. Axis,PLN,,,paudannur097@gmail.com,,.000000000000,.000000000000,3,0,0,0,Pagi/6 hari,,2022/2023-2,450,2,0,0,0,0,0,2,1,3,0,0,0,0,3,0,3,0,1,2,0,0,0,0,0,1,2,2013,Telkomsel Flash
Nusa Tenggara Barat,Kab. Lombok Tengah,Batukliang Utara,https://sekolah.data.kemdikbud.go.id/index.php/Chome/profil/48A76AD3-77FA-4519-9E64-A78E2133E374,https://referensi.data.kemdikbud.go.id/pendidikan/npsn/69858553,KB ANAK BANGSA,69858553,SELAK AIK ATAS,AIK BERIK,KEC. BATUKLIANG UTARA,KAB. LOMBOK TENGAH,PROV. NUSA TENGGARA BARAT,SWASTA,KB,"Kementerian Pendidikan, Kebudayaan, Riset, dan Teknologi",Yayasan Al-Mukminin Selak Aik Atas,AC7400,,,225,,Silakan Upload SK,,C,400,,2.,,,,kb.anakbangsa2020@gmail.com,,.000000000000,.000000000000,2,0,0,0,,,2022/2023-2,,0,0,0,0,0,0,1,1,2,0,0,0,0,2,0,0,2,0,1,1,0,0,0,0,0,2,2013,
Nusa Tenggara Barat,Kab. Lombok Tengah,Batukliang Utara,https://sekolah.data.kemdikbud.go.id/index.php/Chome/profil/75488557-C6CC-4E2A-AEB0-5C24D0C96465,https://referensi.data.kemdikbud.go.id/pendidikan/npsn/69946816,KB AR-RUHUL JADIID,69946816,Dusun Tanak Beak Timur,TANAK BEAQ,KEC. BATUKLIANG UTARA,KAB. LOMBOK TENGAH,PROV. NUSA TENGGARA BARAT,SWASTA,KB,"Kementerian Pendidikan, Kebudayaan, Riset, dan Teknologi",YAYASAN AR-RUHUL JADIID,AC7420,231 Tahun 2016,25-06-2016,231 Tahun 2016,25-06-2016,Lihat SK Operasional,2016-08-01 14,C,200,,2.,,,,kbarj2015@gmail.com,,.000000000000,.000000000000,2,0,0,0,,,2022/2023-2,,0,0,0,0,0,0,2,1,2,0,0,0,0,2,0,0,2,1,0,1,0,0,0,0,0,2,2013,
Nusa Tenggara Barat,Kab. Lombok Tengah,Batukliang Utara,https://sekolah.data.kemdikbud.go.id/index.php/Chome/profil/D959EAC1-BAAB-4498-955A-7C9222CC1CD1,https://referensi.data.kemdikbud.go.id/pendidikan/npsn/69967610,KB AS-SYATARIYAH,69967610,Dusun Mertak Paok,KARANG SIDEMEN,KEC. BATUKLIANG UTARA,KAB. LOMBOK TENGAH,PROV. NUSA TENGGARA BARAT,SWASTA,KB,"Kementerian Pendidikan, Kebudayaan, Riset, dan Teknologi",YAYASAN AS-SYATARIYAH,AC7421,452 Tahun 2017,27-09-2017,570 Tahun 2019,29-07-2019,Lihat SK Operasional,2021-06-18 00,C,0,1. Telkomsel Flash,2. XL (GSM),PLN,,,,,.000000000000,.000000000000,4,0,0,0,Pagi/6 hari,,2022/2023-2,450,2,0,0,0,0,0,5,0,4,0,0,0,0,4,0,0,4,3,1,0,0,0,0,0,0,4,2013,Telkomsel Flash
Nusa Tenggara Barat,Kab. Lombok Tengah,Batukliang Utara,https://sekolah.data.kemdikbud.go.id/index.php/Chome/profil/26C1C3FF-BF36-4D7D-95FA-C1AD822BF083,https://referensi.data.kemdikbud.go.id/pendidikan/npsn/69794326,KB AS-SYIFA,69794326,BENJOR,TERATAK,KEC. BATUKLIANG UTARA,KAB. LOMBOK TENGAH,PROV. NUSA TENGGARA BARAT,SWASTA,KB,"Kementerian Pendidikan, Kebudayaan, Riset, dan Teknologi",,,2 TAHUN 2016,12-07-2016,133 TAHUN 2017,20-06-2017,Lihat SK Operasional,2019-08-02 08,B,0,1. XL (GSM),2. XL (GSM),PLN,,,kbassyifa@gmail.com,,-8.576336000000,116.334039000000,2,0,0,0,Sehari Penuh/5 hari,,2022/2023-2,900,3,0,0,1,0,0,3,0,2,0,0,0,0,2,0,0,2,0,0,0,0,0,1,1,1,1,2013,XL (GSM)
Nusa Tenggara Barat,Kab. Lombok Tengah,Batukliang Utara,https://sekolah.data.kemdikbud.go.id/index.php/Chome/profil/58453CF9-7F56-45C1-9E06-C1539CB5C7B0,https://referensi.data.kemdikbud.go.id/pendidikan/npsn/69770013,KB AT-TARBIYAH,69770013,PONDOK KOMAK,LANTAN,KEC. BATUKLIANG UTARA,KAB. LOMBOK TENGAH,PROV. NUSA TENGGARA BARAT,SWASTA,KB,"Kementerian Pendidikan, Kebudayaan, Riset, dan Teknologi",,,,,161 TTAHUN 2011,,Silakan Upload SK,,,0,1. Telkomsel Flash,2. Telkomsel Flash,PLN,,,kattarbiyah@gmail.com,,.000000000000,.000000000000,5,0,0,0,Pagi/6 hari,,2022/2023-2,"2,000",0,0,0,1,0,1,2,2,5,0,0,0,0,5,1,1,3,3,1,1,0,0,0,0,0,5,PAUD Merdeka,Telkomsel Flash
Nusa Tenggara Barat,Kab. Lombok Tengah,Batukliang Utara,https://sekolah.data.kemdikbud.go.id/index.php/Chome/profil/DC7BB9E8-6328-48DE-832B-F1878B85403E,https://referensi.data.kemdikbud.go.id/pendidikan/npsn/70007172,KB BAITUSSALAM,70007172,Dusun Pengenem Lauq,AIK BUKAQ,KEC. BATUKLIANG UTARA,KAB. LOMBOK TENGAH,PROV. NUSA TENGGARA BARAT,SWASTA,KB,"Kementerian Pendidikan, Kebudayaan, Riset, dan Teknologi",,,85 Tahun 2021,13-01-2021,85 Tahun 2021,13-01-2021,Lihat SK Operasional,2021-01-20 09,,200,1. -,2. Telkomsel Flash,PLN,,,,,.000000000000,.000000000000,2,0,0,0,Pagi/6 hari,,2022/2023-2,450,2,0,0,0,0,0,3,0,2,0,0,0,0,2,0,0,2,2,0,0,0,0,0,0,0,2,2013,Tidak Ada
Nusa Tenggara Barat,Kab. Lombok Tengah,Batukliang Utara,https://sekolah.data.kemdikbud.go.id/index.php/Chome/profil/E027D117-9B9D-4CEB-9738-7151A227594A,https://referensi.data.kemdikbud.go.id/pendidikan/npsn/69934887,KB BINA SEJAHTERA,69934887,Dusun Tembeng Kekek,AIK BERIK,KEC. BATUKLIANG UTARA,KAB. LOMBOK TENGAH,PROV. NUSA TENGGARA BARAT,SWASTA,KB,"Kementerian Pendidikan, Kebudayaan, Riset, dan Teknologi",YAYASAN AL-JIHADDI NW,AC7396,37 Tahun 2016,17-02-2016,37 Tahun 2016,17-02-2016,Lihat SK Operasional,2016-02-18 23,C,0,1. -,2. Telkomsel Flash,PLN,,,,,.000000000000,.000000000000,2,0,0,0,Pagi/6 hari,,2022/2023-2,450,2,0,0,0,0,0,3,0,2,0,0,0,0,2,0,0,2,1,0,0,0,1,0,0,2,0,2013,Tidak Ada
Nusa Tenggara Barat,Kab. Lombok Tengah,Batukliang Utara,https://sekolah.data.kemdikbud.go.id/index.php/Chome/profil/F13D8C2C-0423-4F29-8FF1-19A5905E56D3,https://referensi.data.kemdikbud.go.id/pendidikan/npsn/69901778,KB BINTANG HATI,69901778,Dusun Barebunik Timur,TERATAK,KEC. BATUKLIANG UTARA,KAB. LOMBOK TENGAH,PROV. NUSA TENGGARA BARAT,SWASTA,KB,"Kementerian Pendidikan, Kebudayaan, Riset, dan Teknologi",Lainnya,AC7411,141.IV Tahun 2014,27-03-2014,141.IV Tahun 2014,27-03-2014,Lihat SK Operasional,2015-09-10 08,,0,1. Telkomsel Flash,2. Telkomsel Flash,PLN,0,,irfantahriah@gmail.com,,-8.577255000000,116.324994000000,3,0,0,0,Pagi/6 hari,,2022/2023-2,"2,300",3,0,0,0,0,0,4,0,3,0,0,0,0,3,0,3,0,0,2,1,0,0,0,0,0,3,2013,Telkomsel Flash
Nusa Tenggara Barat,Kab. Lombok Tengah,Batukliang Utara,https://sekolah.data.kemdikbud.go.id/index.php/Chome/profil/32C4CC52-2492-4762-91D9-B2D220CDA92B,https://referensi.data.kemdikbud.go.id/pendidikan/npsn/69770015,KB CERIA,69770015,DUSUN PERSIL,KARANG SIDEMEN,KEC. BATUKLIANG UTARA,KAB. LOMBOK TENGAH,PROV. NUSA TENGGARA BARAT,SWASTA,KB,"Kementerian Pendidikan, Kebudayaan, Riset, dan Teknologi",Yayasan NURUL YAQIN,AC7393,,,134 TAHUN 2011,,Silakan Upload SK,,B,400,1. Telkom Speedy,2. Telkomsel Flash,PLN,,,,,.000000000000,.000000000000,3,0,0,0,Sehari Penuh/5 hari,,2022/2023-2,450,3,0,0,3,0,0,1,2,3,0,0,0,0,3,0,0,3,1,1,1,0,0,0,0,0,3,2013,Telkom Speedy
Nusa Tenggara Barat,Kab. Lombok Tengah,Batukliang Utara,https://sekolah.data.kemdikbud.go.id/index.php/Chome/profil/6FBCFE51-6DF7-4ECF-B0F6-762B72CEC9C8,https://referensi.data.kemdikbud.go.id/pendidikan/npsn/69860361,KB DARUL ANAM,69860361,REBAN BURUNG,AIK BERIK,KEC. BATUKLIANG UTARA,KAB. LOMBOK TENGAH,PROV. NUSA TENGGARA BARAT,SWASTA,KB,"Kementerian Pendidikan, Kebudayaan, Riset, dan Teknologi",Yayasan An'najah,AC7432,,,165 tahun 2012,,Silakan Upload SK,,,0,,2.,,,,paud.darulanam12@gmail.com,http,.000000000000,.000000000000,2,0,0,0,,,2022/2023-2,,0,0,0,0,0,0,1,1,2,0,0,0,0,2,0,0,2,0,1,0,0,1,0,0,0,2,2013,
Nusa Tenggara Barat,Kab. Lombok Tengah,Batukliang Utara,https://sekolah.data.kemdikbud.go.id/index.php/Chome/profil/84D7A6BF-DDC5-48D0-B0DE-290256B99C8D,https://referensi.data.kemdikbud.go.id/pendidikan/npsn/69870710,KB DUNIA ANAK,69870710,JENGGUAR,TERATAK,KEC. BATUKLIANG UTARA,KAB. LOMBOK TENGAH,PROV. NUSA TENGGARA BARAT,SWASTA,KB,"Kementerian Pendidikan, Kebudayaan, Riset, dan Teknologi",Yayasan AL-HAMIDY,AC7414,,,Nomor 261 Tahun 2013,,Silakan Upload SK,,C,0,,2.,,,,zularsil04@gmail.com,,-8.578899000000,116.320281000000,0,0,0,0,,,2022/2023-2,,0,0,0,0,0,0,0,0,0,0,0,0,0,0,0,0,0,0,0,0,0,0,0,0,,,2013,
Nusa Tenggara Barat,Kab. Lombok Tengah,Batukliang Utara,https://sekolah.data.kemdikbud.go.id/index.php/Chome/profil/715E38D2-E574-4DAD-812F-31A6E017525A,https://referensi.data.kemdikbud.go.id/pendidikan/npsn/69988804,KB EL-BAYAN,69988804,Dusun Dasan Agung,TANAK BEAQ,KEC. BATUKLIANG UTARA,KAB. LOMBOK TENGAH,PROV. NUSA TENGGARA BARAT,SWASTA,KB,"Kementerian Pendidikan, Kebudayaan, Riset, dan Teknologi",,,472 Tahun 2019,11-07-2019,472 Tahun 2019,11-07-2019,Lihat SK Operasional,2019-07-17 08,,500,1. -,2. Telkomsel Flash,PLN,,,paudelbayan19@gmail.com,,.000000000000,.000000000000,1,0,0,0,Pagi/6 hari,,2022/2023-2,900,2,0,0,0,0,0,3,0,1,0,0,0,0,1,0,0,1,1,0,0,0,0,0,0,0,1,2013,Tidak Ada
Nusa Tenggara Barat,Kab. Lombok Tengah,Batukliang Utara,https://sekolah.data.kemdikbud.go.id/index.php/Chome/profil/62956292-8BDE-435A-9FA6-54886CD479B8,https://referensi.data.kemdikbud.go.id/pendidikan/npsn/70012970,KB GEMILANG,70012970,Dusun Punikasih,MAS-MAS,KEC. BATUKLIANG UTARA,KAB. LOMBOK TENGAH,PROV. NUSA TENGGARA BARAT,SWASTA,KB,"Kementerian Pendidikan, Kebudayaan, Riset, dan Teknologi",Lainnya,,302 Tahun 2021,23-08-2021,302 Tahun 2021,23-08-2021,Lihat SK Operasional,2021-09-13 16,,0,,2.,,,,paudgemilangdw@gamil.com,,.000000000000,.000000000000,0,0,0,0,,,2022/2023-2,,0,0,0,0,0,0,0,0,0,0,0,0,0,0,0,0,0,0,0,0,0,0,0,0,,,2013,
Nusa Tenggara Barat,Kab. Lombok Tengah,Batukliang Utara,https://sekolah.data.kemdikbud.go.id/index.php/Chome/profil/D6F05B61-5D98-4E86-9075-2EE2ED74169E,https://referensi.data.kemdikbud.go.id/pendidikan/npsn/69770011,KB HIZBUL JIHAD,69770011,BENANG KELAMBU,AIK BERIK,KEC. BATUKLIANG UTARA,KAB. LOMBOK TENGAH,PROV. NUSA TENGGARA BARAT,SWASTA,KB,"Kementerian Pendidikan, Kebudayaan, Riset, dan Teknologi",Yayasan YPSDM MANAHIL AL 'IRFAN,AC7411,,,421/55/DIKPORA,,Silakan Upload SK,,B,0,1. -,2. Telkomsel Flash,PLN,,,,,.000000000000,.000000000000,2,0,0,0,Pagi/6 hari,,2022/2023-2,450,2,0,0,0,0,0,1,2,2,0,0,0,0,2,0,0,2,0,1,0,1,0,0,0,0,2,2013,Tidak Ada
Nusa Tenggara Barat,Kab. Lombok Tengah,Batukliang Utara,https://sekolah.data.kemdikbud.go.id/index.php/Chome/profil/946E86FF-EEDA-4BFB-8F7C-14332A7FAED9,https://referensi.data.kemdikbud.go.id/pendidikan/npsn/69770017,KB ISLAHUL ANAM,69770017,Dusun Sintung Timur,KARANG SIDEMEN,KEC. BATUKLIANG UTARA,KAB. LOMBOK TENGAH,PROV. NUSA TENGGARA BARAT,SWASTA,KB,"Kementerian Pendidikan, Kebudayaan, Riset, dan Teknologi",YAYASAN ISLAHUL ANAM,AC7403,421/376/Dikpora,14-04-2009,668 Tahun 2020,11-11-2020,Lihat SK Operasional,2021-06-23 10,C,0,1. XL (GSM),2. XL (GSM),PLN,,,kbislahulanam@gmail.com,,.000000000000,.000000000000,3,0,0,0,Sehari Penuh/5 hari,,2022/2023-2,450,1,0,0,2,0,0,0,3,3,0,0,0,0,3,0,0,3,0,1,1,0,1,0,0,0,3,2013,XL (GSM)
Nusa Tenggara Barat,Kab. Lombok Tengah,Batukliang Utara,https://sekolah.data.kemdikbud.go.id/index.php/Chome/profil/A688175A-6C92-43AC-B4FF-314124A2EC8C,https://referensi.data.kemdikbud.go.id/pendidikan/npsn/69770007,KB KASIH IBU,69770007,Dusun Pengenem Lauq,AIK BUKAQ,KEC. BATUKLIANG UTARA,KAB. LOMBOK TENGAH,PROV. NUSA TENGGARA BARAT,SWASTA,KB,"Kementerian Pendidikan, Kebudayaan, Riset, dan Teknologi",YAYASAN PONDOK PESANTEREN AL KHOLIDI NW PENGENEM LAUQ,AC7397,76 Tahun 2011,22-02-2011,6 Tahun 2021,02-09-2021,Lihat SK Operasional,2023-03-29 08,C,"3,500",1. Axis,2. Axis,PLN,,,fihirmanudin@gmail.com,,-8.566600000000,116.344100000000,3,0,0,0,Pagi/6 hari,,2022/2023-2,450,4,0,0,0,0,0,2,2,3,0,0,0,0,3,0,1,2,2,1,0,0,0,0,0,1,2,2013,Axis
Nusa Tenggara Barat,Kab. Lombok Tengah,Batukliang Utara,https://sekolah.data.kemdikbud.go.id/index.php/Chome/profil/815AD31D-ADCD-49B2-8214-1C7176C866E9,https://referensi.data.kemdikbud.go.id/pendidikan/npsn/70013056,KB KHAERUL ULA,70013056,Dusun Seganteng Bat,AIK BERIK,KEC. BATUKLIANG UTARA,KAB. LOMBOK TENGAH,PROV. NUSA TENGGARA BARAT,SWASTA,KB,"Kementerian Pendidikan, Kebudayaan, Riset, dan Teknologi",Lainnya,AC7413,288 Tahun 2021,04-08-2021,288 Tahun 2021,04-08-2021,Lihat SK Operasional,2021-09-15 21,,0,,2.,,,,,,.000000000000,.000000000000,1,0,0,0,,,2022/2023-2,,0,0,0,0,0,0,2,0,1,0,0,0,0,1,0,0,1,0,1,0,0,0,0,0,0,1,2013,
Nusa Tenggara Barat,Kab. Lombok Tengah,Batukliang Utara,https://sekolah.data.kemdikbud.go.id/index.php/Chome/profil/5F08FE2F-DCBA-4F9B-8C38-B24E47D4E3F5,https://referensi.data.kemdikbud.go.id/pendidikan/npsn/69910799,KB KHAIRU UMMAH,69910799,Dusun Montong Tanggak,TANAK BEAQ,KEC. BATUKLIANG UTARA,KAB. LOMBOK TENGAH,PROV. NUSA TENGGARA BARAT,SWASTA,KB,"Kementerian Pendidikan, Kebudayaan, Riset, dan Teknologi",Yayasan Khairu Ummah,AC7412,414 Tahun 2015,13-10-2015,414 Tahun 2015,13-10-2015,Lihat SK Operasional,2015-10-19 08,,0,1. -,2. Telkomsel Flash,PLN,,,kbku01@gmail.com,,.000000000000,.000000000000,1,0,0,0,Pagi/6 hari,,2022/2023-2,450,2,0,0,0,0,0,3,1,1,0,0,0,0,1,0,0,1,0,1,0,0,0,0,0,0,1,2013,Tidak Ada
Nusa Tenggara Barat,Kab. Lombok Tengah,Batukliang Utara,https://sekolah.data.kemdikbud.go.id/index.php/Chome/profil/89A4D4B9-1B06-4BED-86FA-60B0BE42AC3C,https://referensi.data.kemdikbud.go.id/pendidikan/npsn/69770005,KB MATAHARI,69770005,GOAK DAYE,AIK BUKAQ,KEC. BATUKLIANG UTARA,KAB. LOMBOK TENGAH,PROV. NUSA TENGGARA BARAT,SWASTA,KB,"Kementerian Pendidikan, Kebudayaan, Riset, dan Teknologi",YAYASAN AZZAHRA,AC7395,No,09-08-2016,Nomor,12-08-2019,Lihat SK Operasional,2020-07-23 04,B,0,1. Telkomsel Flash,2. XL (GSM),PLN,,,operatorpaudmatahari@gmail.com,,-8.584500000000,116.350300000000,2,0,0,0,Pagi/6 hari,,2022/2023-2,450,2,0,0,0,0,0,0,2,2,0,0,0,0,2,0,0,2,0,1,0,1,0,0,0,0,2,2013,Telkomsel Flash
Nusa Tenggara Barat,Kab. Lombok Tengah,Batukliang Utara,https://sekolah.data.kemdikbud.go.id/index.php/Chome/profil/473A5A5E-2ACE-4E60-A7ED-693D811A83FD,https://referensi.data.kemdikbud.go.id/pendidikan/npsn/69770016,KB MEKAR SARI,69770016,KARANG SIDEMEN ATAS-PEMEPEK,KARANG SIDEMEN,KEC. BATUKLIANG UTARA,KAB. LOMBOK TENGAH,PROV. NUSA TENGGARA BARAT,SWASTA,KB,"Kementerian Pendidikan, Kebudayaan, Riset, dan Teknologi",,,,,,,Silakan Upload SK,,,0,,2.,,,,,,.000000000000,.000000000000,2,0,0,0,,,2022/2023-2,,0,0,0,0,0,0,1,1,2,0,0,0,0,2,0,0,2,0,2,0,0,0,0,0,0,2,2013,
Nusa Tenggara Barat,Kab. Lombok Tengah,Batukliang Utara,https://sekolah.data.kemdikbud.go.id/index.php/Chome/profil/E5661451-3689-412C-AACC-715829F0BACF,https://referensi.data.kemdikbud.go.id/pendidikan/npsn/69903179,KB MELATI,69903179,Dusun Kumbak Dalam,SETILING,KEC. BATUKLIANG UTARA,KAB. LOMBOK TENGAH,PROV. NUSA TENGGARA BARAT,SWASTA,KB,"Kementerian Pendidikan, Kebudayaan, Riset, dan Teknologi",Lainnya,,177.IV Tahun 2014,05-05-2014,177.IV Tahun 2014,05-05-2014,Lihat SK Operasional,2015-09-18 14,B,"6,480,000",,2.,,,,awantuluss@gmail.com,,.000000000000,.000000000000,3,0,0,0,,,2022/2023-2,,0,0,0,0,0,0,0,3,3,0,0,0,0,3,1,0,2,0,2,1,0,0,0,0,0,3,2013,
Nusa Tenggara Barat,Kab. Lombok Tengah,Batukliang Utara,https://sekolah.data.kemdikbud.go.id/index.php/Chome/profil/6E1298F6-EDF6-4247-9D5F-A3F33A2BF40A,https://referensi.data.kemdikbud.go.id/pendidikan/npsn/69770006,KB MIFTAHUL KHAIR,69770006,SEGANTENG BAT,AIK BUKAQ,KEC. BATUKLIANG UTARA,KAB. LOMBOK TENGAH,PROV. NUSA TENGGARA BARAT,SWASTA,KB,"Kementerian Pendidikan, Kebudayaan, Riset, dan Teknologi",Yayasan Miftahul Khaer,AC7413,52 Tahun 2015,25-02-2015,52 Tahun 2015,25-02-2016,Lihat SK Operasional,2016-09-16 13,C,0,1. XL (GSM),2. Telkomsel Flash,PLN,,,kbmiftahulkhair21@gmail.com,,-8.588400000000,116.341600000000,4,0,0,0,Pagi/6 hari,,2022/2023-2,450,2,0,0,2,0,0,3,1,4,0,0,0,0,4,0,0,4,1,0,1,0,1,1,0,0,4,2013,XL (GSM)
Nusa Tenggara Barat,Kab. Lombok Tengah,Batukliang Utara,https://sekolah.data.kemdikbud.go.id/index.php/Chome/profil/F1A4BD74-CF9A-4270-82B9-14DEC9168089,https://referensi.data.kemdikbud.go.id/pendidikan/npsn/69952131,KB MUTIARA ILMU,69952131,Dusun Lantan Duren,LANTAN,KEC. BATUKLIANG UTARA,KAB. LOMBOK TENGAH,PROV. NUSA TENGGARA BARAT,SWASTA,KB,"Kementerian Pendidikan, Kebudayaan, Riset, dan Teknologi",Yayasan AL-HAMIDY,AC7414,291 Tahun 2016,06-10-2016,291 Tahun 2016,06-10-2016,Lihat SK Operasional,2016-10-12 15,,200,1. -,2. Telkomsel Flash,PLN,,,mutiarailmu432@gmail.com,,-5.443757000000,114.421127000000,3,0,0,0,Pagi/6 hari,,2022/2023-2,450,2,0,0,1,0,0,2,1,3,0,0,0,1,2,0,0,3,0,2,0,1,0,0,0,0,3,2013,Tidak Ada
Nusa Tenggara Barat,Kab. Lombok Tengah,Batukliang Utara,https://sekolah.data.kemdikbud.go.id/index.php/Chome/profil/8AB2EE8D-7884-46E5-AA78-763903BB68E4,https://referensi.data.kemdikbud.go.id/pendidikan/npsn/69970135,KB NANDA,69970135,Dusun Ranjok,AIK BERIK,KEC. BATUKLIANG UTARA,KAB. LOMBOK TENGAH,PROV. NUSA TENGGARA BARAT,SWASTA,KB,"Kementerian Pendidikan, Kebudayaan, Riset, dan Teknologi",YAYASAN BAITURRAHMAN,AC7404,411 Tahun 2017,30-08-2017,411 Tahun 2017,30-08-2017,Lihat SK Operasional,2019-07-25 08,,200,1. -,2. XL (GSM),PLN,,,,,.000000000000,.000000000000,3,0,0,0,Pagi/6 hari,,2022/2023-2,450,3,0,0,0,0,0,4,0,3,0,0,0,0,3,0,0,3,1,1,0,1,0,0,0,0,3,2013,Tidak Ada
Nusa Tenggara Barat,Kab. Lombok Tengah,Batukliang Utara,https://sekolah.data.kemdikbud.go.id/index.php/Chome/profil/ECF14CDA-6F65-4438-84EF-E9B238A330A3,https://referensi.data.kemdikbud.go.id/pendidikan/npsn/69794285,KB NURUL MUFIDAH,69794285,PENGENEM DAYE,SETILING,KEC. BATUKLIANG UTARA,KAB. LOMBOK TENGAH,PROV. NUSA TENGGARA BARAT,SWASTA,KB,"Kementerian Pendidikan, Kebudayaan, Riset, dan Teknologi",,,,,10 TAHUN 2013,,Silakan Upload SK,,B,200,1. -,2. XL (GSM),PLN,,,,,.000000000000,.000000000000,2,0,0,0,Pagi/6 hari,,2022/2023-2,900,2,0,0,0,0,0,1,2,2,0,0,0,0,2,0,0,2,0,0,1,1,0,0,0,0,2,2013,Tidak Ada
Nusa Tenggara Barat,Kab. Lombok Tengah,Batukliang Utara,https://sekolah.data.kemdikbud.go.id/index.php/Chome/profil/98B43CA7-4703-419C-9019-105D8EF82063,https://referensi.data.kemdikbud.go.id/pendidikan/npsn/69986420,KB NURUL WAHYI NW,69986420,Dusun Pemotoh Timur,AIK BERIK,KEC. BATUKLIANG UTARA,KAB. LOMBOK TENGAH,PROV. NUSA TENGGARA BARAT,SWASTA,KB,"Kementerian Pendidikan, Kebudayaan, Riset, dan Teknologi",YAYASAN NURUL WAHYI NW,AC7430,213 Tahun 2018,06-08-2018,213 Tahun 2018,06-08-2018,Lihat SK Operasional,2019-03-20 14,,0,1. -,2. Telkomsel Flash,PLN,,,kharlina2019@gmail.com,,.000000000000,.000000000000,2,0,0,0,Pagi/6 hari,,2022/2023-2,900,1,0,0,0,0,0,3,0,2,0,0,0,0,2,0,0,2,0,0,2,0,0,0,0,0,2,2013,Tidak Ada
Nusa Tenggara Barat,Kab. Lombok Tengah,Batukliang Utara,https://sekolah.data.kemdikbud.go.id/index.php/Chome/profil/B2666DE8-815E-44F3-BA70-EDD08EFF695C,https://referensi.data.kemdikbud.go.id/pendidikan/npsn/69794261,KB QUDWATUN HASANAH,69794261,Dusun Bagik Nunggal,TERATAK,KEC. BATUKLIANG UTARA,KAB. LOMBOK TENGAH,PROV. NUSA TENGGARA BARAT,SWASTA,KB,"Kementerian Pendidikan, Kebudayaan, Riset, dan Teknologi",,,48 Tahun 2012,09-02-2012,754 Tahun 2020,28-12-2020,Lihat SK Operasional,2021-06-28 19,C,"1,500",1. Lainnya (Serat Optik),2. Telkomsel Flash,PLN,,,Paudqudwatunhasanah@gmail.com,,.000000000000,.000000000000,3,0,0,0,Pagi/6 hari,,2022/2023-2,900,3,0,0,0,0,0,3,1,3,0,0,0,0,3,0,2,1,0,2,1,0,0,0,0,0,3,2013,Lainnya (Serat Optik)
Nusa Tenggara Barat,Kab. Lombok Tengah,Batukliang Utara,https://sekolah.data.kemdikbud.go.id/index.php/Chome/profil/5AB8965F-11B2-46CE-AC83-5663F8C0DF59,https://referensi.data.kemdikbud.go.id/pendidikan/npsn/69974781,KB RIADUSSHALIHIN NW,69974781,Dusun Gunung Wakul,SETILING,KEC. BATUKLIANG UTARA,KAB. LOMBOK TENGAH,PROV. NUSA TENGGARA BARAT,SWASTA,KB,"Kementerian Pendidikan, Kebudayaan, Riset, dan Teknologi",Yayasan Riadusshalihin NW Gunung Wakul,AC7405,69 Tahun 2018,29-01-2018,69 Tahun 2018,29-01-2018,Lihat SK Operasional,2018-04-01 15,,200,,2.,,,,paudriadusshalihin@gmail.com,,-5.443757000000,114.421127000000,2,0,0,0,,,2022/2023-2,,0,0,0,0,0,0,1,2,2,0,0,0,0,2,0,0,2,0,0,1,1,0,0,0,0,2,2013,
Nusa Tenggara Barat,Kab. Lombok Tengah,Batukliang Utara,https://sekolah.data.kemdikbud.go.id/index.php/Chome/profil/055559A9-671A-4134-B6DA-CC809FCD1EC0,https://referensi.data.kemdikbud.go.id/pendidikan/npsn/69770012,KB SAYANG IBU,69770012,PEMOTOH BARAT,AIK BERIK,KEC. BATUKLIANG UTARA,KAB. LOMBOK TENGAH,PROV. NUSA TENGGARA BARAT,SWASTA,KB,"Kementerian Pendidikan, Kebudayaan, Riset, dan Teknologi",,,,,122 TAHUN 2011,,Silakan Upload SK,,,0,1. -,2. Telkomsel Flash,PLN,,,,,.000000000000,.000000000000,2,0,0,0,Pagi/6 hari,,2022/2023-2,450,1,0,0,2,0,0,1,2,1,0,0,1,0,2,0,0,2,1,0,0,0,0,0,1,0,2,2013,Tidak Ada
Nusa Tenggara Barat,Kab. Lombok Tengah,Batukliang Utara,https://sekolah.data.kemdikbud.go.id/index.php/Chome/profil/8FF0CE8E-A2F7-4838-A09D-EB3B9BC1D9F7,https://referensi.data.kemdikbud.go.id/pendidikan/npsn/69948698,KB SINAR LIMA,69948698,Dusun Langgalawe,MAS-MAS,KEC. BATUKLIANG UTARA,KAB. LOMBOK TENGAH,PROV. NUSA TENGGARA BARAT,SWASTA,KB,"Kementerian Pendidikan, Kebudayaan, Riset, dan Teknologi",Lainnya,AC7411,201 Tahun 2016,20-06-2016,201 Tahun 2016,20-06-2016,Lihat SK Operasional,2016-09-05 13,B,600,1. -,2. Telkomsel Flash,PLN,,,,,.000000000000,.000000000000,3,0,0,0,Pagi/6 hari,,2022/2023-2,450,2,0,0,1,0,0,2,1,3,0,0,0,0,3,0,1,2,2,1,0,0,0,0,0,0,3,2013,Tidak Ada
Nusa Tenggara Barat,Kab. Lombok Tengah,Batukliang Utara,https://sekolah.data.kemdikbud.go.id/index.php/Chome/profil/2D483874-DFFB-4A52-AA04-A9BDF7D92129,https://referensi.data.kemdikbud.go.id/pendidikan/npsn/69903177,KB SINAR RINJANI,69903177,Dusun Gunung Jae,AIK BERIK,KEC. BATUKLIANG UTARA,KAB. LOMBOK TENGAH,PROV. NUSA TENGGARA BARAT,SWASTA,KB,"Kementerian Pendidikan, Kebudayaan, Riset, dan Teknologi",Lainnya,AC7411,123 Tahun 2015,20-04-2015,123 Tahun 2015,20-04-2015,Lihat SK Operasional,2015-09-18 14,,0,,2.,,,,cute_aya78@yahoo.com,,.000000000000,.000000000000,2,0,0,0,,,2022/2023-2,,0,0,0,0,0,0,2,0,2,0,0,0,0,2,0,0,2,1,1,0,0,0,0,0,0,2,2013,
Nusa Tenggara Barat,Kab. Lombok Tengah,Batukliang Utara,https://sekolah.data.kemdikbud.go.id/index.php/Chome/profil/14E2800C-0D55-48E1-BB6F-8209CDCD43D4,https://referensi.data.kemdikbud.go.id/pendidikan/npsn/69995449,KB TUNAS BANGSA,69995449,Dusun Montong Dao,TERATAK,KEC. BATUKLIANG UTARA,KAB. LOMBOK TENGAH,PROV. NUSA TENGGARA BARAT,SWASTA,KB,"Kementerian Pendidikan, Kebudayaan, Riset, dan Teknologi",Lainnya,,591 Tahun 2019,03-09-2019,591 Tahun 2019,03-09-2019,Silakan Upload SK,,,0,1. Telkomsel Flash,2. 3 (Tri),PLN,,,tunasbangsa1001@gmail.com,,.000000000000,.000000000000,2,0,0,0,Pagi/6 hari,,2022/2023-2,450,2,0,0,0,0,0,4,0,2,0,0,0,0,2,0,0,2,1,1,0,0,0,0,0,0,2,2013,Telkomsel Flash
Nusa Tenggara Barat,Kab. Lombok Tengah,Batukliang Utara,https://sekolah.data.kemdikbud.go.id/index.php/Chome/profil/8CCD4AA5-D863-4CEC-A944-6233B1357801,https://referensi.data.kemdikbud.go.id/pendidikan/npsn/69770014,KB TUNAS HARAPAN,69770014,Dusun Tanak Beak Barat,TANAK BEAQ,KEC. BATUKLIANG UTARA,KAB. LOMBOK TENGAH,PROV. NUSA TENGGARA BARAT,SWASTA,KB,"Kementerian Pendidikan, Kebudayaan, Riset, dan Teknologi",YAYASAN TUNAS HARAPAN NAHDLATUL WATHAN,AC7408,73/2006/DIKLUSPORA,04-07-2006,84 Tahun 2021,02-09-2021,Lihat SK Operasional,2023-03-21 08,B,216,1. Telkomsel Flash,2. Telkomsel Flash,PLN,,,,,.000000000000,.000000000000,2,0,0,0,Pagi/6 hari,,2022/2023-2,450,2,0,0,0,0,0,3,0,2,0,0,0,0,2,0,2,0,0,1,1,0,0,0,0,0,2,2013,Telkomsel Flash
Nusa Tenggara Barat,Kab. Lombok Tengah,Batukliang Utara,https://sekolah.data.kemdikbud.go.id/index.php/Chome/profil/1422C57C-11CE-438C-9F33-5D61045A78D1,https://referensi.data.kemdikbud.go.id/pendidikan/npsn/69898631,Nurul Musthafa,69898631,Kesambik Kosong,KEC. BATUKLIANG UTARA,KAB. LOMBOK TENGAH,PROV. NUSA TENGGARA BARAT,INDONESIA,SWASTA,RA,Kementerian Agama,Lainnya,,,,,,Silakan Upload SK,,,0,,2.,,,,,,-8.475257000000,116.275848000000,0,0,0,0,,,2022/2023-2,,0,0,0,0,0,0,0,0,0,0,0,0,0,0,0,0,0,0,0,0,0,0,0,0,,,,
Nusa Tenggara Barat,Kab. Lombok Tengah,Batukliang Utara,https://sekolah.data.kemdikbud.go.id/index.php/Chome/profil/665451F0-B82B-44A4-A918-7AC4DEB656C6,https://referensi.data.kemdikbud.go.id/pendidikan/npsn/69898636,RA Al-Ma arif Montong Tangar,69898636,Montong Taesa Bonjeruk Kec. Jonggat,TERATAK,KEC. BATUKLIANG UTARA,KAB. LOMBOK TENGAH,PROV. NUSA TENGGARA BARAT,SWASTA,RA,Kementerian Agama,Lainnya,,,,,,Silakan Upload SK,,,0,,2.,,,,,,-8.475303000000,116.234220000000,0,0,0,0,,,2022/2023-2,,0,0,0,0,0,0,0,0,0,0,0,0,0,0,0,0,0,0,0,0,0,0,0,0,,,,
Nusa Tenggara Barat,Kab. Lombok Tengah,Batukliang Utara,https://sekolah.data.kemdikbud.go.id/index.php/Chome/profil/62EACDAA-1B2D-457E-9A08-5F192E75F781,https://referensi.data.kemdikbud.go.id/pendidikan/npsn/69898630,RA Al-Mushannif,69898630,Tenten Lauk Desa Bujak Kec. Batuklian,TERATAK,KEC. BATUKLIANG UTARA,KAB. LOMBOK TENGAH,PROV. NUSA TENGGARA BARAT,SWASTA,RA,Kementerian Agama,Lainnya,,,,,,Silakan Upload SK,,,0,,2.,,,,,,-8.475247000000,116.318650000000,0,0,0,0,,,2022/2023-2,,0,0,0,0,0,0,0,0,0,0,0,0,0,0,0,0,0,0,0,0,0,0,0,0,,,,
Nusa Tenggara Barat,Kab. Lombok Tengah,Batukliang Utara,https://sekolah.data.kemdikbud.go.id/index.php/Chome/profil/E1A28864-8DAB-476E-92D5-A723999314B1,https://referensi.data.kemdikbud.go.id/pendidikan/npsn/70024901,RA Arroyyan Gunung Borok,70024901,"Jln. Raya Gunung Borok - Aik Bual, Dusun Gunung Borok",SETILING,KEC. BATUKLIANG UTARA,KAB. LOMBOK TENGAH,PROV. NUSA TENGGARA BARAT,SWASTA,RA,Kementerian Agama,,,,,429 TAHUN 2021,06-08-2021,Silakan Upload SK (link file tidak valid) => [189249-894825-https,2022-01-21 18,,0,,2.,,,,,,.000000000000,.000000000000,0,0,0,0,,,2022/2023-2,,0,0,0,0,0,0,0,0,0,0,0,0,0,0,0,0,0,0,0,0,0,0,0,0,,,,
Nusa Tenggara Barat,Kab. Lombok Tengah,Batukliang Utara,https://sekolah.data.kemdikbud.go.id/index.php/Chome/profil/80F30617-731A-4626-9AD8-741C6069F98F,https://referensi.data.kemdikbud.go.id/pendidikan/npsn/69898622,RA Asmaul Husna,69898622,Jln. Pariwisata Aik Bone,AIK BUKAQ,KEC. BATUKLIANG UTARA,KAB. LOMBOK TENGAH,PROV. NUSA TENGGARA BARAT,SWASTA,RA,Kementerian Agama,Lainnya,,Kd.19.02/4-c/PP.00/1367/2011,25-11-2011,Kd.19.02/4-c/PP.00/1367/2011,25-11-2011,Lihat SK Operasional,2019-11-01 09,C,0,,2.,,,,,,-8.575600000000,116.345400000000,0,0,0,0,,,2022/2023-2,,0,0,0,0,0,0,0,0,0,0,0,0,0,0,0,0,0,0,0,0,0,0,0,0,,,,
Nusa Tenggara Barat,Kab. Lombok Tengah,Batukliang Utara,https://sekolah.data.kemdikbud.go.id/index.php/Chome/profil/941D7CE9-23E2-4E1D-BA06-8DBCF5CEAA25,https://referensi.data.kemdikbud.go.id/pendidikan/npsn/70013840,RA Darul Athfal Ranjok,70013840,Ranjok,AIK BERIK,KEC. BATUKLIANG UTARA,KAB. LOMBOK TENGAH,PROV. NUSA TENGGARA BARAT,SWASTA,RA,Kementerian Agama,,,,,430 TAHUN 2021,06-08-2021,Silakan Upload SK (link file tidak valid) => [176489-619685-https,2021-10-12 22,,0,,2.,,,,,,.000000000000,.000000000000,0,0,0,0,,,2022/2023-2,,0,0,0,0,0,0,0,0,0,0,0,0,0,0,0,0,0,0,0,0,0,0,0,0,,,,
Nusa Tenggara Barat,Kab. Lombok Tengah,Batukliang Utara,https://sekolah.data.kemdikbud.go.id/index.php/Chome/profil/54B24219-89D9-4BB4-A504-33AF9C88BD4D,https://referensi.data.kemdikbud.go.id/pendidikan/npsn/70033102,RA Darul Hayyani NW Setiling,70033102,Jl. Pariwisata Benang Stokel,SETILING,KEC. BATUKLIANG UTARA,KAB. LOMBOK TENGAH,PROV. NUSA TENGGARA BARAT,SWASTA,RA,Kementerian Agama,,,,,352 TAHUN 2022,15-08-2022,Silakan Upload SK (link file tidak valid) => [233255-568866-https,2022-09-06 13,,"1,140",,2.,,,,,,.000000000000,.000000000000,0,0,0,0,,,2022/2023-2,,0,0,0,0,0,0,0,0,0,0,0,0,0,0,0,0,0,0,0,0,0,0,0,0,,,,
Nusa Tenggara Barat,Kab. Lombok Tengah,Batukliang Utara,https://sekolah.data.kemdikbud.go.id/index.php/Chome/profil/B72BA58B-8A91-4C50-ABA7-C17B65707E9B,https://referensi.data.kemdikbud.go.id/pendidikan/npsn/70033092,RA Jamiyatul Islamiyah Montong Dao,70033092,Jl. Pariwisata Aik Bukak,TERATAK,KEC. BATUKLIANG UTARA,KAB. LOMBOK TENGAH,PROV. NUSA TENGGARA BARAT,SWASTA,RA,Kementerian Agama,,,,,351 TAHUN 2022,15-08-2022,Silakan Upload SK (link file tidak valid) => [233245-149994-https,2022-09-06 11,,300,,2.,,,,,,.000000000000,.000000000000,0,0,0,0,,,2022/2023-2,,0,0,0,0,0,0,0,0,0,0,0,0,0,0,0,0,0,0,0,0,0,0,0,0,,,,
Nusa Tenggara Barat,Kab. Lombok Tengah,Batukliang Utara,https://sekolah.data.kemdikbud.go.id/index.php/Chome/profil/0E99D956-7536-4F2C-8F23-78882D427FB9,https://referensi.data.kemdikbud.go.id/pendidikan/npsn/69898635,RA Khairul Fatihin NW,69898635,Kwang Jukut Pringgarata,LANTAN,KEC. BATUKLIANG UTARA,KAB. LOMBOK TENGAH,PROV. NUSA TENGGARA BARAT,SWASTA,RA,Kementerian Agama,Lainnya,,,,,,Silakan Upload SK,,,0,,2.,,,,,,-8.475274000000,116.193536000000,0,0,0,0,,,2022/2023-2,,0,0,0,0,0,0,0,0,0,0,0,0,0,0,0,0,0,0,0,0,0,0,0,0,,,,
Nusa Tenggara Barat,Kab. Lombok Tengah,Batukliang Utara,https://sekolah.data.kemdikbud.go.id/index.php/Chome/profil/E5F8F3B3-884A-4C08-9036-1F108191AB07,https://referensi.data.kemdikbud.go.id/pendidikan/npsn/69941230,RA Nurul Jihad Nw,69941230,Jln.Parawisata Aik Bukak,SETILING,KEC. BATUKLIANG UTARA,KAB. LOMBOK TENGAH,PROV. NUSA TENGGARA BARAT,SWASTA,RA,Kementerian Agama,Lainnya,,,,,,Silakan Upload SK,,,0,,2.,,,,,,-8.475000000000,116.020000000000,0,0,0,0,,,2022/2023-2,,0,0,0,0,0,0,0,0,0,0,0,0,0,0,0,0,0,0,0,0,0,0,0,0,,,,
Nusa Tenggara Barat,Kab. Lombok Tengah,Batukliang Utara,https://sekolah.data.kemdikbud.go.id/index.php/Chome/profil/22C0F9AC-63A2-4E84-8B95-6E39C5751A14,https://referensi.data.kemdikbud.go.id/pendidikan/npsn/69898626,RA Nurul Mujahidin NW Sintung,69898626,Sintung Barat Kec. Batukliang Utara,TERATAK,KEC. BATUKLIANG UTARA,KAB. LOMBOK TENGAH,PROV. NUSA TENGGARA BARAT,SWASTA,RA,Kementerian Agama,Lainnya,,,,,,Silakan Upload SK,,,0,,2.,,,,,,-8.583159000000,116.287800000000,0,0,0,0,,,2022/2023-2,,0,0,0,0,0,0,0,0,0,0,0,0,0,0,0,0,0,0,0,0,0,0,0,0,,,,
Nusa Tenggara Barat,Kab. Lombok Tengah,Batukliang Utara,https://sekolah.data.kemdikbud.go.id/index.php/Chome/profil/9E7D9EC1-CC10-4EC1-A8F5-A8FB5A390748,https://referensi.data.kemdikbud.go.id/pendidikan/npsn/69885683,RA. Babussalam,69885683,Montong Alung,LANTAN,KEC. BATUKLIANG UTARA,KAB. LOMBOK TENGAH,PROV. NUSA TENGGARA BARAT,SWASTA,RA,Kementerian Agama,Lainnya,,,,,,Silakan Upload SK,,,0,,2.,,,,,,-8.475087000000,116.269754000000,0,0,0,0,,,2022/2023-2,,0,0,0,0,0,0,0,0,0,0,0,0,0,0,0,0,0,0,0,0,0,0,0,0,,,,
Nusa Tenggara Barat,Kab. Lombok Tengah,Batukliang Utara,https://sekolah.data.kemdikbud.go.id/index.php/Chome/profil/2291336B-3D0F-4002-9D6B-7C2F1D9D5659,https://referensi.data.kemdikbud.go.id/pendidikan/npsn/69885682,RA. Min Tanak Beak,69885682,Dasan Agung desa Tanak Beak,MAS-MAS,KEC. BATUKLIANG UTARA,KAB. LOMBOK TENGAH,PROV. NUSA TENGGARA BARAT,SWASTA,RA,Kementerian Agama,Lainnya,,,,,,Silakan Upload SK,,,0,,2.,,,,,,-8.475062000000,116.287199000000,0,0,0,0,,,2022/2023-2,,0,0,0,0,0,0,0,0,0,0,0,0,0,0,0,0,0,0,0,0,0,0,0,0,,,,
Nusa Tenggara Barat,Kab. Lombok Tengah,Batukliang Utara,https://sekolah.data.kemdikbud.go.id/index.php/Chome/profil/4AB82473-3603-442F-BD1A-42158C4C50E6,https://referensi.data.kemdikbud.go.id/pendidikan/npsn/69885681,RA. Nw Tanak Beak Barat,69885681,TANAK BEAK BARAT,TANAK BEAQ,KEC. BATUKLIANG UTARA,KAB. LOMBOK TENGAH,PROV. NUSA TENGGARA BARAT,SWASTA,RA,Kementerian Agama,Lainnya,,,,,,Silakan Upload SK,,,0,,2.,,,,,,-8.475061000000,116.216539000000,0,0,0,0,,,2022/2023-2,,0,0,0,0,0,0,0,0,0,0,0,0,0,0,0,0,0,0,0,0,0,0,0,0,,,,
Nusa Tenggara Barat,Kab. Lombok Tengah,Batukliang Utara,https://sekolah.data.kemdikbud.go.id/index.php/Chome/profil/EB6B260E-4690-45C1-83BD-418688765EAD,https://referensi.data.kemdikbud.go.id/pendidikan/npsn/69770059,SPS RIADUSHALIHIN,69770059,KUMBAK LUAH,SETILING,KEC. BATUKLIANG UTARA,KAB. LOMBOK TENGAH,PROV. NUSA TENGGARA BARAT,SWASTA,SPS,"Kementerian Pendidikan, Kebudayaan, Riset, dan Teknologi",YAYASAN PONDOK PESANTREN DA'WATUL KHAER,AF8852,02 TAHUN 2007,14-06-2007,711 TAHUN 2019,03-12-2019,Lihat SK Operasional,2021-06-12 10,C,230,1. XL (GSM),2. Telkomsel Flash,PLN,,,paudriadussholihin@gmail.com,,-8.563600000000,116.365500000000,4,0,0,0,Sehari Penuh/6 hari,,2022/2023-2,450,4,0,0,0,0,0,5,0,4,0,0,0,0,4,0,1,3,0,3,0,1,0,0,0,0,4,2013,XL (GSM)
Nusa Tenggara Barat,Kab. Lombok Tengah,Batukliang Utara,https://sekolah.data.kemdikbud.go.id/index.php/Chome/profil/8B3842CB-00B7-4B31-8DE6-BCC43B1BBE8D,https://referensi.data.kemdikbud.go.id/pendidikan/npsn/69770060,SPS SAYANG ANAK,69770060,Jln. Pariwisata Benang Stokel,TERATAK,KEC. BATUKLIANG UTARA,KAB. LOMBOK TENGAH,PROV. NUSA TENGGARA BARAT,SWASTA,SPS,"Kementerian Pendidikan, Kebudayaan, Riset, dan Teknologi",Yayasan Pendidikan Anak Usia Dini Sayang Anak,AC7419,01/LP. PAUD.SPS.SA/VI/2014,02-06-2014,386 Tahun 2021,02-09-2021,Silakan Upload SK (link file tidak valid) => [749338-921119--],2022-12-30 07,,0,1. Telkomsel Flash,2. XL (GSM),PLN,,,spssayanganak@gmail.com,,-8.582900000000,116.329300000000,2,0,0,0,Sehari Penuh/5 hari,,2022/2023-2,450,2,0,0,0,0,0,0,2,2,0,0,0,0,2,0,0,2,0,1,1,0,0,0,0,0,2,2013,Telkomsel Flash
Nusa Tenggara Barat,Kab. Lombok Tengah,Batukliang Utara,https://sekolah.data.kemdikbud.go.id/index.php/Chome/profil/FECFDA6B-348A-4A88-9260-13E83BC64A4F,https://referensi.data.kemdikbud.go.id/pendidikan/npsn/69989925,TK AL-HUDA NUSANTARA TANAK BEAK,69989925,Dusun Tanak Beak Barat I,TANAK BEAQ,KEC. BATUKLIANG UTARA,KAB. LOMBOK TENGAH,PROV. NUSA TENGGARA BARAT,SWASTA,TK,"Kementerian Pendidikan, Kebudayaan, Riset, dan Teknologi",YAYASAN AL HUDA NUSANTARA SEMBILAN,AW7807,529 Tahun 2019,08-08-2019,529 Tahun 2019,08-08-2019,Lihat SK Operasional,2020-02-26 09,C,"33,075",1. Telkomsel Flash,2. Telkom Speedy,PLN,,,tkalhuda.nusantara2020@gmail.com,,.000000000000,.000000000000,3,0,0,0,Pagi/6 hari,,2022/2023-2,"2,200",2,0,0,0,0,0,4,0,3,0,0,0,0,3,0,1,2,3,0,0,0,0,0,0,0,3,2013,Telkomsel Flash
Nusa Tenggara Barat,Kab. Lombok Tengah,Batukliang Utara,https://sekolah.data.kemdikbud.go.id/index.php/Chome/profil/0982641E-E2C0-42F9-B6AC-D3565D8054E2,https://referensi.data.kemdikbud.go.id/pendidikan/npsn/69772933,TK AL-IRSANI NW CEKING,69772933,JALAN RAYA PEMEPEK-PERSIL KM2,TANAK BEAQ,KEC. BATUKLIANG UTARA,KAB. LOMBOK TENGAH,PROV. NUSA TENGGARA BARAT,SWASTA,TK,"Kementerian Pendidikan, Kebudayaan, Riset, dan Teknologi",Yayasan DARUTTOHIRIN NW CEKING,AC7398,,,972/223/DPK,,Silakan Upload SK,,,400,1. -,2. Telkomsel Flash,PLN,,,tkalirsan@gmail.com,,.000000000000,.000000000000,4,0,0,0,Pagi/6 hari,,2022/2023-2,450,3,0,0,0,0,0,5,0,4,0,0,0,0,4,0,0,4,0,1,2,1,0,0,0,0,4,PAUD Merdeka,Tidak Ada
Nusa Tenggara Barat,Kab. Lombok Tengah,Batukliang Utara,https://sekolah.data.kemdikbud.go.id/index.php/Chome/profil/D6D5FFA7-3BC0-490E-BDD3-BD9FFFAF86D2,https://referensi.data.kemdikbud.go.id/pendidikan/npsn/69770008,TK AL-MANSYURATI NW,69770008,Dusun Seganteng Uluh,AIK BUKAQ,KEC. BATUKLIANG UTARA,KAB. LOMBOK TENGAH,PROV. NUSA TENGGARA BARAT,SWASTA,TK,"Kementerian Pendidikan, Kebudayaan, Riset, dan Teknologi",Yayasan PONPES AL-MANSYURATI NW,AC7416,03/SK/PPM/NW/2007,01-07-2007,564 Tahun 2019,19-08-2019,Lihat SK Operasional,2019-12-12 09,C,"2,700",1. Axis,2. XL (GSM),PLN,,,tkalmansyuratinw07@gmail.com,,-8.589400000000,116.346200000000,3,0,0,0,Sehari Penuh/6 hari,,2022/2023-2,450,2,0,0,2,0,0,5,0,3,0,0,0,0,3,0,0,3,0,1,1,1,0,0,0,0,3,2013,Axis
Nusa Tenggara Barat,Kab. Lombok Tengah,Batukliang Utara,https://sekolah.data.kemdikbud.go.id/index.php/Chome/profil/60895359-AD4C-4016-BE1F-9E2DC32999C7,https://referensi.data.kemdikbud.go.id/pendidikan/npsn/69922058,TK AL-MUADZININ,69922058,Dusun Mandok,TANAK BEAQ,KEC. BATUKLIANG UTARA,KAB. LOMBOK TENGAH,PROV. NUSA TENGGARA BARAT,SWASTA,TK,"Kementerian Pendidikan, Kebudayaan, Riset, dan Teknologi",Yayasan Al-Ikhsan,AC7429,435 Tahun 2015,10-11-2015,435 Tahun 2015,20-11-2015,Lihat SK Operasional,2015-12-01 07,,"1,200",1. Telkomsel Flash,2. Lainnya (Wavelan),PLN,,,,,-5.443757000000,114.421127000000,2,0,0,0,Pagi/6 hari,,2022/2023-2,450,2,0,0,0,0,0,3,0,2,0,0,0,0,2,0,1,1,1,1,0,0,0,0,0,1,1,2013,Telkomsel Flash
Nusa Tenggara Barat,Kab. Lombok Tengah,Batukliang Utara,https://sekolah.data.kemdikbud.go.id/index.php/Chome/profil/E7D57C97-9FFD-4F0F-A514-7AE82A108B0A,https://referensi.data.kemdikbud.go.id/pendidikan/npsn/69770261,TK AN-NUR,69770261,AIK BERIK,AIK BERIK,KEC. BATUKLIANG UTARA,KAB. LOMBOK TENGAH,PROV. NUSA TENGGARA BARAT,SWASTA,TK,"Kementerian Pendidikan, Kebudayaan, Riset, dan Teknologi",,,972/006/DIKPORA,30-09-2009,597/Tahun 2020,30-09-2020,Lihat SK Operasional,2021-06-23 09,B,"1,050",1. Smartfren,2. XL (GSM),PLN,,,sahdanhafizah@gmail.com,,-8.558900000000,116.328000000000,4,0,0,0,Pagi/6 hari,,2022/2023-2,900,5,0,0,2,0,0,4,1,4,0,0,0,0,4,0,3,1,0,1,1,1,0,1,0,0,4,PAUD Merdeka,Smartfren
Nusa Tenggara Barat,Kab. Lombok Tengah,Batukliang Utara,https://sekolah.data.kemdikbud.go.id/index.php/Chome/profil/DE34A72A-2022-4550-9FEA-9EBF893416E3,https://referensi.data.kemdikbud.go.id/pendidikan/npsn/69770267,TK AS-SALAM,69770267,PRAMPUAN,TANAK BEAQ,KEC. BATUKLIANG UTARA,KAB. LOMBOK TENGAH,PROV. NUSA TENGGARA BARAT,SWASTA,TK,"Kementerian Pendidikan, Kebudayaan, Riset, dan Teknologi",YAYASAN ISLAM AS SALAM LOMBOK,AC7422,,,421124/2011,,Silakan Upload SK,,B,600,1. -,2. Telkomsel Flash,PLN,,,tk.assalam2015@gmail.com,,-8.588779000000,116.280877000000,2,0,0,0,Pagi/6 hari,,2022/2023-2,"6,400",2,0,0,0,0,0,3,0,2,0,0,0,0,2,0,1,1,0,0,0,2,0,0,0,0,2,PAUD Merdeka,Tidak Ada
Nusa Tenggara Barat,Kab. Lombok Tengah,Batukliang Utara,https://sekolah.data.kemdikbud.go.id/index.php/Chome/profil/F93B3683-F81D-446B-9E54-D76D6457AC44,https://referensi.data.kemdikbud.go.id/pendidikan/npsn/70036944,TK DARUL MAHRUN AISYAH,70036944,Dusun Tambing Kekek,AIK BERIK,KEC. BATUKLIANG UTARA,KAB. LOMBOK TENGAH,PROV. NUSA TENGGARA BARAT,SWASTA,TK,"Kementerian Pendidikan, Kebudayaan, Riset, dan Teknologi",,,0001/IO.PAUD/XII/2022/DPMPTSP,01-12-2022,0001/IO.PAUD/XII/2022/DPMPTSP,01-12-2022,Lihat SK Operasional,2023-01-27 11,,0,,2.,,,,,,.000000000000,.000000000000,0,0,0,0,,,2022/2023-2,,0,0,0,0,0,0,0,0,0,0,0,0,0,0,0,0,0,0,0,0,0,0,0,0,,,,
Nusa Tenggara Barat,Kab. Lombok Tengah,Batukliang Utara,https://sekolah.data.kemdikbud.go.id/index.php/Chome/profil/33AA1F19-B883-44DB-9EF3-5C4D2A4E711B,https://referensi.data.kemdikbud.go.id/pendidikan/npsn/69772932,TK DHARMA WANITA RINJANI,69772932,JALAN PARIWISATA AIR TERJUN BENANG SETOKEL,AIK BERIK,KEC. BATUKLIANG UTARA,KAB. LOMBOK TENGAH,PROV. NUSA TENGGARA BARAT,SWASTA,TK,"Kementerian Pendidikan, Kebudayaan, Riset, dan Teknologi",Yayasan DARMAWANITA,AC7424,972/107/DPK,08-04-2003,311Tahun  2020,27-07-2020,Lihat SK Operasional,2021-06-18 18,B,0,1. 3 (Tri),2. XL (GSM),PLN,,,,,.000000000000,.000000000000,2,0,0,0,Pagi/6 hari,,2022/2023-2,450,2,0,0,1,0,0,3,0,2,0,0,0,0,2,0,1,1,0,1,1,0,0,0,0,0,2,2013,3 (Tri)
Nusa Tenggara Barat,Kab. Lombok Tengah,Batukliang Utara,https://sekolah.data.kemdikbud.go.id/index.php/Chome/profil/331D06A1-7A75-4E83-837B-54FB02E43A67,https://referensi.data.kemdikbud.go.id/pendidikan/npsn/69964080,TK EL-SULTHON,69964080,Dusun Gunung Borok,SETILING,KEC. BATUKLIANG UTARA,KAB. LOMBOK TENGAH,PROV. NUSA TENGGARA BARAT,SWASTA,TK,"Kementerian Pendidikan, Kebudayaan, Riset, dan Teknologi",Yayasan SULTHON ELKHALIFA RINJANI,AC7409,136 Tahun 2016,26-12-2016,136 Tahun 2016,26-12-2016,Lihat SK Operasional,2017-07-06 09,,276,1. Telkomsel Flash,2. Telkomsel Flash,PLN,,,irmawadi90wadi@gmail.com,,.000000000000,.000000000000,2,0,0,0,Pagi/6 hari,,2022/2023-2,"4,500",2,0,0,0,0,0,3,0,2,0,0,0,0,2,0,0,2,2,0,0,0,0,0,0,0,2,2013,Telkomsel Flash
Nusa Tenggara Barat,Kab. Lombok Tengah,Batukliang Utara,https://sekolah.data.kemdikbud.go.id/index.php/Chome/profil/CCBDE428-2E76-44FE-8539-D774235BE2E9,https://referensi.data.kemdikbud.go.id/pendidikan/npsn/69770257,TK ILHAM NW,69770257,GURU JARIYAH NO. 17 SELUSUH,MAS-MAS,KEC. BATUKLIANG UTARA,KAB. LOMBOK TENGAH,PROV. NUSA TENGGARA BARAT,SWASTA,TK,"Kementerian Pendidikan, Kebudayaan, Riset, dan Teknologi",Yayasan Ponpes Al-Ilham NW Selusuh,AC7406,Nomor,26-08-2004,Nomor,27-07-2020,Lihat SK Operasional,2021-06-23 21,B,460,1. -,2. -,PLN,,,tkilhamnw1@gmail.com,,-8.596382000000,116.353696000000,2,0,0,0,Pagi/6 hari,,2022/2023-2,900,2,0,0,2,0,0,3,0,2,0,0,0,0,2,1,1,0,0,1,1,0,0,0,0,0,2,2013,Tidak Ada
Nusa Tenggara Barat,Kab. Lombok Tengah,Batukliang Utara,https://sekolah.data.kemdikbud.go.id/index.php/Chome/profil/F34FF0EB-BEF8-481A-9DF9-74DB12C5523B,https://referensi.data.kemdikbud.go.id/pendidikan/npsn/69903175,TK ISLAM IBNU SHOLEH,69903175,Dusun Gelogor,MAS-MAS,KEC. BATUKLIANG UTARA,KAB. LOMBOK TENGAH,PROV. NUSA TENGGARA BARAT,SWASTA,TK,"Kementerian Pendidikan, Kebudayaan, Riset, dan Teknologi",Yayasan Seantero Ibnu Sholeh,AC7428,211 Tahun 2014,25-09-2014,211 Tahun 2014,25-09-2014,Lihat SK Operasional,2015-09-18 14,C,200,,2.,,,,yayasan.s.ibnusholeh@gmail.com,http,-8.609780000000,116.350547000000,3,0,0,0,,,2022/2023-2,,0,0,0,0,0,0,3,2,3,0,0,0,0,3,0,1,2,2,0,0,1,0,0,0,0,3,2013,
Nusa Tenggara Barat,Kab. Lombok Tengah,Batukliang Utara,https://sekolah.data.kemdikbud.go.id/index.php/Chome/profil/B3112971-5295-4471-A369-F54A61A6F764,https://referensi.data.kemdikbud.go.id/pendidikan/npsn/70032075,TK IT KHODIMUL ISLAM,70032075,Dusun Tanak Bengan,TANAK BEAQ,KEC. BATUKLIANG UTARA,KAB. LOMBOK TENGAH,PROV. NUSA TENGGARA BARAT,SWASTA,TK,"Kementerian Pendidikan, Kebudayaan, Riset, dan Teknologi",,,0003/IO.PAUD/VII/2022/DPMPTSP,29-07-2022,0003/IO.PAUD/VII/2022/DPMPTSP,29-07-2022,Lihat SK Operasional,2022-08-11 11,,500,1. Telkomsel Flash,2. Lainnya (Serat Optik),PLN,,,,,.000000000000,.000000000000,1,0,0,0,Pagi/6 hari,,2022/2023-2,900,2,0,0,2,0,0,1,0,1,0,0,0,0,1,0,1,0,0,1,0,0,0,0,0,0,1,2013,Telkomsel Flash
Nusa Tenggara Barat,Kab. Lombok Tengah,Batukliang Utara,https://sekolah.data.kemdikbud.go.id/index.php/Chome/profil/F8F8E6D3-D350-4A00-A7E1-0CD6A40C5F52,https://referensi.data.kemdikbud.go.id/pendidikan/npsn/69966129,TK NUR IKHSAN,69966129,Dusun Petikus Daye,AIK BUKAQ,KEC. BATUKLIANG UTARA,KAB. LOMBOK TENGAH,PROV. NUSA TENGGARA BARAT,SWASTA,TK,"Kementerian Pendidikan, Kebudayaan, Riset, dan Teknologi",Yayasan Miftahul Khaer,AC7413,405 Tahun 2017,30-08-2017,405 Tahun 2017,30-08-2017,Lihat SK Operasional,2017-08-31 09,,240,,2.,,,,,,-8.572576000000,116.352186000000,3,0,0,0,,,2022/2023-2,,0,0,0,0,0,0,1,3,3,0,0,0,0,3,0,0,3,1,0,0,1,0,1,0,0,3,2013,
Nusa Tenggara Barat,Kab. Lombok Tengah,Batukliang Utara,https://sekolah.data.kemdikbud.go.id/index.php/Chome/profil/86DC615C-0A3A-47EE-8975-3EF507D1B870,https://referensi.data.kemdikbud.go.id/pendidikan/npsn/69975539,TK NURUL IRSYAD NW,69975539,Dusun Pesantek,SETILING,KEC. BATUKLIANG UTARA,KAB. LOMBOK TENGAH,PROV. NUSA TENGGARA BARAT,SWASTA,TK,"Kementerian Pendidikan, Kebudayaan, Riset, dan Teknologi",Yayasan NURUL IRSYAD,AC7417,35 Tahun 2018,19-01-2018,35 Tahun 2018,19-01-2018,Lihat SK Operasional,2018-04-25 15,,480,,2.,,,,,,.000000000000,.000000000000,0,0,0,0,,,2022/2023-2,,0,0,0,0,0,0,0,0,0,0,0,0,0,0,0,0,0,0,0,0,0,0,0,0,,,,
Nusa Tenggara Barat,Kab. Lombok Tengah,Batukliang Utara,https://sekolah.data.kemdikbud.go.id/index.php/Chome/profil/383DD845-B2D0-4F35-884B-390E12897AB7,https://referensi.data.kemdikbud.go.id/pendidikan/npsn/69794242,TK NW TANAK BEAK,69794242,TANAK BEAK BARAT,TANAK BEAQ,KEC. BATUKLIANG UTARA,KAB. LOMBOK TENGAH,PROV. NUSA TENGGARA BARAT,SWASTA,TK,"Kementerian Pendidikan, Kebudayaan, Riset, dan Teknologi",,,035/YAS-NW/TBB/II/1987,04-02-1987,2020-06-03,03-06-2020,Lihat SK Operasional,2022-08-31 19,B,70,1. Linknet,2. XL (GSM),PLN,,,,,-8.544865000000,116.282387000000,4,0,0,0,Pagi/6 hari,,2022/2023-2,450,3,0,0,0,0,0,2,2,4,0,0,0,0,4,0,2,2,1,1,1,0,0,1,0,0,4,2013,Linknet
Nusa Tenggara Barat,Kab. Lombok Tengah,Batukliang Utara,https://sekolah.data.kemdikbud.go.id/index.php/Chome/profil/39E0E1D3-6DB6-42FE-8C96-04B2E00ED238,https://referensi.data.kemdikbud.go.id/pendidikan/npsn/69770258,TK PGRI DAPUR,69770258,GOAK DAYE,AIK BUKAQ,KEC. BATUKLIANG UTARA,KAB. LOMBOK TENGAH,PROV. NUSA TENGGARA BARAT,SWASTA,TK,"Kementerian Pendidikan, Kebudayaan, Riset, dan Teknologi",Yayasan Perwakilan YPLP PGRI Kabupaten Lombok Tengah,AN6230,972/140/DPK,16-12-2004,301,27-07-2020,Lihat SK Operasional,2021-06-18 13,B,0,1. Axis,2. Axis,PLN,,,tkdapur@gmail.com,,-8.586957000000,118.350306000000,2,0,0,0,Pagi/6 hari,,2022/2023-2,450,2,0,0,0,0,0,3,0,2,0,0,0,1,1,0,1,1,0,1,1,0,0,0,0,0,2,2013,Axis
Nusa Tenggara Barat,Kab. Lombok Tengah,Batukliang Utara,https://sekolah.data.kemdikbud.go.id/index.php/Chome/profil/5CD717D6-6BF9-4A15-A6EF-19AD6CB4492A,https://referensi.data.kemdikbud.go.id/pendidikan/npsn/69770270,TK PGRI KETAPANG KEMBAR KARANG SIDEMEN,69770270,SELOJAN,KARANG SIDEMEN,KEC. BATUKLIANG UTARA,KAB. LOMBOK TENGAH,PROV. NUSA TENGGARA BARAT,SWASTA,TK,"Kementerian Pendidikan, Kebudayaan, Riset, dan Teknologi",,,,,04864/1992,,Silakan Upload SK,,B,300,1. Telkomsel Flash,2. -,PLN,,,habibi.spd@yahoo.com,,.000000000000,.000000000000,3,0,0,0,Pagi/6 hari,,2022/2023-2,900,3,0,0,0,0,0,3,0,3,0,0,0,0,3,0,3,0,0,0,2,1,0,0,0,0,3,2013,Telkomsel Flash
Nusa Tenggara Barat,Kab. Lombok Tengah,Batukliang Utara,https://sekolah.data.kemdikbud.go.id/index.php/Chome/profil/5E9D859D-3BB4-434B-B279-1ED0A2656FA5,https://referensi.data.kemdikbud.go.id/pendidikan/npsn/69770265,TK PGRI LANTAN,69770265,LANTAN,LANTAN,KEC. BATUKLIANG UTARA,KAB. LOMBOK TENGAH,PROV. NUSA TENGGARA BARAT,SWASTA,TK,"Kementerian Pendidikan, Kebudayaan, Riset, dan Teknologi",,,67/Kpts/YPLP-PGRI/LTH/XX/2013,05-12-2012,302 TAHUN 2020,27-07-2020,Lihat SK Operasional,2022-09-05 09,C,0,1. Smartfren,2. Telkomsel Flash,PLN,,,tkpgrilantan2003@gmail.com,,.000000000000,.000000000000,4,0,0,0,Pagi/6 hari,,2022/2023-2,450,4,0,0,0,0,0,5,0,4,0,0,0,0,4,0,3,1,1,1,2,0,0,0,0,0,4,2013,Smartfren
Nusa Tenggara Barat,Kab. Lombok Tengah,Batukliang Utara,https://sekolah.data.kemdikbud.go.id/index.php/Chome/profil/EEA7852E-3A10-4B8C-A4D4-CEE012AFC22D,https://referensi.data.kemdikbud.go.id/pendidikan/npsn/69770260,TK PGRI LINGKOK LIMA,69770260,LINGKOK LIMA,SETILING,KEC. BATUKLIANG UTARA,KAB. LOMBOK TENGAH,PROV. NUSA TENGGARA BARAT,SWASTA,TK,"Kementerian Pendidikan, Kebudayaan, Riset, dan Teknologi",Yayasan Perwakilan YPLP PGRI Kabupaten Lombok Tengah,AN6230,972/142/DPK,21-07-2004,303 Tahun 2020,27-06-2020,Lihat SK Operasional,2021-06-20 00,C,0,1. Lainnya (Wavelan),2. Lainnya (Wavelan),PLN,,,pesisiok@yahoo.com,,-5.443757000000,114.421127000000,2,0,0,0,Pagi/6 hari,,2022/2023-2,450,2,0,0,1,0,0,3,0,2,0,0,0,0,2,0,0,2,0,0,2,0,0,0,0,0,2,2013,Lainnya (Wavelan)
Nusa Tenggara Barat,Kab. Lombok Tengah,Batukliang Utara,https://sekolah.data.kemdikbud.go.id/index.php/Chome/profil/C6BC9246-B6EC-4B35-A5D6-2AD005FD325F,https://referensi.data.kemdikbud.go.id/pendidikan/npsn/69870706,TK PGRI PEMOTOH TENGAH,69870706,PARIWISATA BENANG STOKEL /PEMOTOH TENGAH,AIK BERIK,KEC. BATUKLIANG UTARA,KAB. LOMBOK TENGAH,PROV. NUSA TENGGARA BARAT,SWASTA,TK,"Kementerian Pendidikan, Kebudayaan, Riset, dan Teknologi",Yayasan Perwakilan YPLP PGRI Kabupaten Lombok Tengah,AN6230,179/KPTS/YPLP-PGRI/LTH/XX/2013,05-01-2013,426 TAHUN 2019,20-05-2019,Lihat SK Operasional,2021-07-09 14,C,400,1. XL (GSM),2. 3 (Tri),PLN,,,tkpgripemotohtengah@gmail.com,,-8.546605000000,116.340666000000,1,0,0,0,Pagi/6 hari,,2022/2023-2,900,2,0,0,1,0,0,2,0,1,0,0,0,0,1,0,0,1,1,0,0,0,0,0,0,0,1,2013,XL (GSM)
Nusa Tenggara Barat,Kab. Lombok Tengah,Batukliang Utara,https://sekolah.data.kemdikbud.go.id/index.php/Chome/profil/330A9AB2-299E-44C8-84BA-364DA4AB7252,https://referensi.data.kemdikbud.go.id/pendidikan/npsn/69770259,TK PGRI SETILING,69770259,RAYA SETILING,SETILING,KEC. BATUKLIANG UTARA,KAB. LOMBOK TENGAH,PROV. NUSA TENGGARA BARAT,SWASTA,TK,"Kementerian Pendidikan, Kebudayaan, Riset, dan Teknologi",Yayasan Perwakilan YPLP PGRI Kabupaten Lombok Tengah,AN6230,972/139/DPK,28-09-2004,110 Tahun 2020,27-07-2020,Lihat SK Operasional,2021-07-04 14,B,100,1. Lainnya (Serat Optik),2. Lainnya (Serat Optik),PLN,,,setilingtk@gmail.com,,.000000000000,.000000000000,2,0,0,0,Pagi/6 hari,,2022/2023-2,450,2,0,0,1,0,0,2,1,2,0,0,0,0,2,0,0,2,1,0,1,0,0,0,0,0,2,2013,Lainnya (Serat Optik)
Nusa Tenggara Barat,Kab. Lombok Tengah,Batukliang Utara,https://sekolah.data.kemdikbud.go.id/index.php/Chome/profil/B1C1DA79-4656-422E-8FD1-35A11328DB9E,https://referensi.data.kemdikbud.go.id/pendidikan/npsn/69770269,TK PGRI SINTUNG BARAT,69770269,SINTUNG TIMUR,KARANG SIDEMEN,KEC. BATUKLIANG UTARA,KAB. LOMBOK TENGAH,PROV. NUSA TENGGARA BARAT,SWASTA,TK,"Kementerian Pendidikan, Kebudayaan, Riset, dan Teknologi",,,972/027/DIKPORA,27-01-2009,972/027/DIKPORA,27-01-2009,Lihat SK Operasional,2023-03-14 10,Belum Terakreditasi,"2,310",1. Telkomsel Flash,2. XL (GSM),PLN,,,pgrisintungbarat@gmail.com,,-8.539717000000,116.316266000000,2,0,0,0,Pagi/6 hari,,2022/2023-2,"9,000",2,0,0,1,0,0,3,0,2,0,0,0,0,2,0,1,1,1,1,0,0,0,0,0,0,2,2013,Telkomsel Flash
Nusa Tenggara Barat,Kab. Lombok Tengah,Batukliang Utara,https://sekolah.data.kemdikbud.go.id/index.php/Chome/profil/EB1FC20B-45E0-410D-A7F5-7C8312BF5993,https://referensi.data.kemdikbud.go.id/pendidikan/npsn/69770264,TK PGRI TERATAK,69770264,PARIWISATA AIK BUKAK,TERATAK,KEC. BATUKLIANG UTARA,KAB. LOMBOK TENGAH,PROV. NUSA TENGGARA BARAT,SWASTA,TK,"Kementerian Pendidikan, Kebudayaan, Riset, dan Teknologi",Lainnya,AN6230,297 TAHU N2020,27-07-2020,297 TAHUN 2020,27-07-2020,Lihat SK Operasional,2022-08-30 22,B,200,1. Telkomsel Flash,2. Telkomsel Flash,PLN,,,tutiwulandari89@gmail.com,,.000000000000,.000000000000,4,0,0,0,Pagi/6 hari,,2022/2023-2,450,5,0,0,0,0,0,4,0,4,0,0,0,0,4,0,2,2,0,2,2,0,0,0,0,0,4,2013,Telkomsel Flash
Nusa Tenggara Barat,Kab. Lombok Tengah,Batukliang Utara,https://sekolah.data.kemdikbud.go.id/index.php/Chome/profil/AFC27548-0EE8-4608-BB01-5D3ADEA14B6D,https://referensi.data.kemdikbud.go.id/pendidikan/npsn/69770266,TK SHIROTUL MUSTAQIM,69770266,PEMEPEK - PERSIL,TANAK BEAQ,KEC. BATUKLIANG UTARA,KAB. LOMBOK TENGAH,PROV. NUSA TENGGARA BARAT,SWASTA,TK,"Kementerian Pendidikan, Kebudayaan, Riset, dan Teknologi",Yayasan Shirothol Mustaqiem,AF8851,,,972/157/DPK,,Silakan Upload SK,,,276,1. Telkom Speedy,2. Telkomsel Flash,PLN,,,tkshirothol12345@gmail.com,,.000000000000,.000000000000,3,0,0,0,Sehari Penuh/6 hari,,2022/2023-2,140,2,0,0,1,0,0,4,0,3,0,0,0,0,3,0,2,1,0,1,2,0,0,0,0,0,3,2013,Telkom Speedy
Nusa Tenggara Barat,Kab. Lombok Tengah,Batukliang Utara,https://sekolah.data.kemdikbud.go.id/index.php/Chome/profil/0A3294F6-E5D2-46BB-A202-20F456F33811,https://referensi.data.kemdikbud.go.id/pendidikan/npsn/69910798,TK SINAR LIMA,69910798,Dusun Senurus,MAS-MAS,KEC. BATUKLIANG UTARA,KAB. LOMBOK TENGAH,PROV. NUSA TENGGARA BARAT,SWASTA,TK,"Kementerian Pendidikan, Kebudayaan, Riset, dan Teknologi",Yayasan Pendidikan Al-Majidiyah Syamsul Iman NW,AC7425,414 Tahun 2015,13-10-2015,414 Tahun 2015,13-10-2015,Lihat SK Operasional,2015-10-19 08,Belum Terakreditasi,"1,200",,2.,,,,tksinarlimasenurus@gmail.com,,-8.601315000000,116.346647000000,5,0,0,0,,,2022/2023-2,,0,0,0,0,0,0,6,0,5,0,0,0,0,5,0,0,5,3,2,0,0,0,0,0,0,5,2013,
