kode_kec,nama,link_dapo,link_sekolah_kita,last_sync,akreditasi,kurikulum,npsn,status,bentuk_pendidikan,status_kepemilikan,sk_pendirian_sekolah,tanggal_sk_pendirian,sk_izin_operasional,tanggal_sk_izin_operasional,kebutuhan_khusus_dilayani,nama_bank,cabang_kcp/unit,rekening_atas_nama,status_bos,waku_penyelenggaraan,sertifikasi_iso,sumber_listrik,daya_listrik,akses_internet,alamat,rt_/_rw,dusun,desa_/_kelurahan,kecamatan,kabupaten,provinsi,kode_pos,lintang,bujur,rombel,guru_kelas,guru_matematika,guru_bahasa_indonesia,guru_bahasa_inggris,guru_sejarah_indonesia,guru_pkn,guru_penjaskes,guru_agama_budi_pekerti,guru_seni_budaya,ptk_laki,ptk_perempuan,pegawai_laki,pegawai_perempuan,pd_kelas_1_laki,pd_kelas_1_perempuan,pd_kelas_2_laki,pd_kelas_2_perempuan,pd_kelas_3_laki,pd_kelas_3_perempuan,pd_kelas_4_laki,pd_kelas_4_perempuan,pd_kelas_5_laki,pd_kelas_5_perempuan,pd_kelas_6_laki,pd_kelas_6_perempuan,pd_kelas_7_laki,pd_kelas_7_perempuan,pd_kelas_8_laki,pd_kelas_8_perempuan,pd_kelas_9_laki,pd_kelas_9_perempuan,pd_kelas_10_laki,pd_kelas_10_perempuan,pd_kelas_11_laki,pd_kelas_11_perempuan,pd_kelas_12_laki,pd_kelas_12_perempuan,pd_kelas_13_laki,pd_kelas_13_perempuan,jumlah_kirim,ptk,pegawai,pd,pd_laki,pd_perempuan,before_ruang_kelas,after_ruang_kelas,before_ruang_perpus,after_ruang_perpus,before_ruang_lab,after_ruang_lab,before_ruang_praktik,after_ruang_praktik,before_ruang_pimpinan,after_ruang_pimpinan,before_ruang_guru,after_ruang_guru,before_ruang_ibadah,after_ruang_ibadah,before_ruang_uks,after_ruang_uks,before_toilet,after_toilet,before_gudang,after_gudang,before_ruang_sirkulasi,after_ruang_sirkulasi,before_tempat_bermain_olahraga,after_tempat_bermain_olahraga,before_ruang_tu,after_ruang_tu,before_ruang_konseling,after_ruang_konseling,before_ruang_osis,after_ruang_osis,before_bangunan,after_bangunan,identitas_valid,ptk_valid,pd_valid,prasarana_valid,total_valid,sekolah_id,semester_id,sumber_air,sumber_air_minum,kecukupan_air_bersih,jamban_kk,tipe_jamban,jml_hari_cuci_tangan,jml_wastafel,jml_wastafel_rusak,air_mengalir_wastafel,memiliki_drainase,menguras_tangki_septik
120712,TK ABA TAMAN CARI,https://dapo.kemdikbud.go.id/sekolah/96C02DA42F21A64F5CE5,http://sekolah.data.kemdikbud.go.id/index.php/chome/profil/456e3a89-a872-441d-831b-6c7830ead941,21 Mar 2023 11:57:20,B,Kurikulum 2013,10813722,Swasta,TK,Yayasan,420/866/14.SK-03/2006,2006-07-17,420/037/IOP-PAUD/03-SK.02/2023,2023-02-07,Tidak ada,BPD LAMPUNG,Sukadana,10813722 TK ABA TAMAN CARI,Bersedia Menerima,Sehari penuh (5 h/m),Belum Bersertifikat,PLN,900,Smartfren,PURBOLINGGO,11 / 5,Taman Cari,Taman Cari,Kec. Purbolinggo,Kab. Lampung Timur,Prov. Lampung,34192,5,105,5,5,0,0,0,0,0,0,0,0,0,4,0,1,0,0,0,0,0,0,0,0,0,0,0,0,0,0,0,0,0,0,0,0,0,0,0,0,0,0,4,4,1,75,40,35,5,5,0,0,0,0,0,0,1,1,1,1,0,0,0,0,1,1,1,1,0,0,0,0,0,0,0,0,0,0,1,1,,,,,,,,,,,,,,,,,,
120712,TK ABA TAMAN FAJAR,https://dapo.kemdikbud.go.id/sekolah/0E8B48E5A42E185C5909,http://sekolah.data.kemdikbud.go.id/index.php/chome/profil/361655fa-dbae-49de-895e-9bc65f15329d,29 Mar 2023 09:11:00,B,Kurikulum 2013,10812059,Swasta,TK,Yayasan,045/W16/PPA/D/TK/1992,1992-10-15,420/TK-IOP.037/PAUD/03-SK.02/2020,2020-11-23,Tidak ada,BPD LAMPUNG,Sukadana,10812059 TK ABA TAMAN FAJAR,Bersedia Menerima,Pagi,Belum Bersertifikat,PLN,900,Tidak Ada,TAMAN FAJAR,1 / 1,Taman Pajar,Taman Pajar,Kec. Purbolinggo,Kab. Lampung Timur,Prov. Lampung,34192,-4,105,7,7,0,0,0,0,0,0,0,0,0,7,0,1,0,0,0,0,0,0,0,0,0,0,0,0,0,0,0,0,0,0,0,0,0,0,0,0,0,0,8,7,1,110,53,57,7,7,0,0,0,0,0,0,1,1,1,1,0,0,1,1,7,7,1,1,0,0,0,1,1,1,0,0,0,0,1,3,,,,,,,,,,,,,,,,,,
120712,TK ABA TAMBAH DADI,https://dapo.kemdikbud.go.id/sekolah/B9E44290AF8A97AD8599,http://sekolah.data.kemdikbud.go.id/index.php/chome/profil/7d5abf9a-e017-43d8-beb8-5eb8fb30449d,14 Mar 2023 12:23:13,B,Kurikulum 2013,69863469,Swasta,TK,Yayasan,845/I.12.F5/I5/1990,1990-02-02,420/042/IOP-PAUD/03-SK.02/2021,2021-03-02,K - Kesulitan Belajar,BPD LAMPUNG,Sukadana,69863469 TK ABA TAMBAH DADI,Bersedia Menerima,Pagi,Belum Bersertifikat,PLN,1000,Telkomsel Flash,JL. RONO DIHARJO,2 / 4,Dusun 1,Tambah Dadi,Kec. Purbolinggo,Kab. Lampung Timur,Prov. Lampung,34192,0,0,2,2,0,0,0,0,0,0,0,0,0,2,1,1,0,0,0,0,0,0,0,0,0,0,0,0,0,0,0,0,0,0,0,0,0,0,0,0,0,0,3,2,2,40,19,21,2,2,0,0,0,0,0,0,0,0,1,1,0,0,1,1,2,2,1,1,0,0,0,0,0,0,0,0,0,0,1,1,,,,,,,,,,,,,,,,,,
120712,TK ABA TANJUNG INTEN,https://dapo.kemdikbud.go.id/sekolah/38EA86B66A022D622786,http://sekolah.data.kemdikbud.go.id/index.php/chome/profil/12d6e3d9-7238-4d8b-b9e2-11f4873afe1b,29 Mar 2023 10:37:47,B,Kurikulum 2013,10812060,Swasta,TK,Yayasan,800/IP-597/02-SK.02/2018,2018-02-05,420/041/IOP-PAUD/03-SK.02/2023,2023-02-07,Tidak ada,BPD LAMPUNG,SUKADANA,10812060 TK ABA TANJUNG INTEN,Bersedia Menerima,Pagi,Belum Bersertifikat,PLN,900,Smartfren,TANJUNG INTEN,30 / 10,Dusun 6,Tanjung Inten,Kec. Purbolinggo,Kab. Lampung Timur,Prov. Lampung,34192,0,0,2,2,0,0,0,0,0,0,0,0,0,1,0,1,0,0,0,0,0,0,0,0,0,0,0,0,0,0,0,0,0,0,0,0,0,0,0,0,0,0,11,1,1,52,30,22,2,2,0,0,0,0,0,0,1,1,1,1,1,1,0,0,2,2,1,1,0,0,0,0,0,0,0,0,0,0,1,1,,,,,,,,,,,,,,,,,,
120712,TK ABA TANJUNG KUSUMA,https://dapo.kemdikbud.go.id/sekolah/F2D0A6E098F68B70D1AF,http://sekolah.data.kemdikbud.go.id/index.php/chome/profil/3326b55c-bdd1-40e1-8eb4-a0fb76fb9c4d,22 Mar 2023 09:34:40,B,Kurikulum 2013,10812061,Swasta,TK,Yayasan,420/248/14.SK-03/2007,2007-01-02,420/143/IOP-PAUD/03-SK.02/2021,2021-11-25,Tidak ada,BPD LAMPUNG,SUKADANA,10812061 TK ABA TANJUNG KUSUMA,Bersedia Menerima,Pagi,Belum Bersertifikat,PLN,900,Telkomsel Flash,TANJUNG KESUMA,7 / 4,2,Tanjung Kesuma,Kec. Purbolinggo,Kab. Lampung Timur,Prov. Lampung,34192,0,0,5,5,0,0,0,0,0,0,0,0,0,5,0,2,0,0,0,0,0,0,0,0,0,0,0,0,0,0,0,0,0,0,0,0,0,0,0,0,0,0,4,5,2,79,41,38,7,7,0,0,0,0,0,0,0,0,1,1,0,0,1,1,2,2,0,0,0,0,0,0,0,0,0,0,0,0,1,1,,,,,,,,,,,,,,,,,,
120712,TK AL IKHLAS TAMBAH DADI,https://dapo.kemdikbud.go.id/sekolah/58373F09026E3F8513BC,http://sekolah.data.kemdikbud.go.id/index.php/chome/profil/01ca08da-b11a-4939-a289-8b5727cda2ab,09 Feb 2023 22:15:09,C,Kurikulum 2013,69863470,Swasta,TK,Pemerintah Pusat,800/IP-584/02-SK.02/2018,2018-02-05,800/101/02-SK.02/2019,2019-10-29,Tidak ada,BPD LAMPUNG,SUKADANA,69863470 TK AL IKHLAS TAMBAH DADI,Bersedia Menerima,Pagi,Belum Bersertifikat,PLN,900,Tidak Ada,TAMBAH DADI,15 / 8,,Tambah Dadi,Kec. Purbolinggo,Kab. Lampung Timur,Prov. Lampung,34192,0,0,2,2,0,0,0,0,0,0,0,0,0,2,0,1,0,0,0,0,0,0,0,0,0,0,0,0,0,0,0,0,0,0,0,0,0,0,0,0,0,0,2,2,1,34,16,18,3,3,0,0,0,0,0,0,0,0,0,0,0,0,0,0,0,0,0,0,0,0,0,0,0,0,0,0,0,0,1,1,,,,,,,,,,,,,,,,,,
120712,TK DHARMA WANITA TAMAN CARI,https://dapo.kemdikbud.go.id/sekolah/DA8BFAAB2C0D96DC4B02,http://sekolah.data.kemdikbud.go.id/index.php/chome/profil/2cab8b3f-ba68-439d-9486-b4eb11151611,13 Mar 2023 09:02:32,B,Kurikulum 2013,10812063,Swasta,TK,Yayasan,845/I.12.F5/I.5/1990,1990-02-02,420/019/IOP-PAUD/03-SK.02/2021,2021-03-02,Tidak ada,BPD LAMPUNG,SUKADANA,10812063 TK DHARMA WANITA TAMAN CARI,Bersedia Menerima,Pagi,Belum Bersertifikat,PLN,900,Tidak Ada,TAMAN CARI,3 / 2,1,Taman Cari,Kec. Purbolinggo,Kab. Lampung Timur,Prov. Lampung,34192,0,0,4,4,0,0,0,0,0,0,0,0,0,3,0,1,0,0,0,0,0,0,0,0,0,0,0,0,0,0,0,0,0,0,0,0,0,0,0,0,0,0,3,3,1,31,20,11,3,3,0,0,0,0,0,0,0,0,1,1,0,0,0,0,3,3,0,0,0,0,0,0,0,0,0,0,0,0,1,1,,,,,,,,,,,,,,,,,,
120712,TK MAARIF NU 1 TAMAN CARI,https://dapo.kemdikbud.go.id/sekolah/6D81451FA0B5727F9BBC,http://sekolah.data.kemdikbud.go.id/index.php/chome/profil/2785891e-d1d2-449f-9f61-cb88f34f9958,16 Mar 2023 10:06:55,C,Kurikulum 2013,10812065,Swasta,TK,Yayasan,800/IP-579/02-SK.02/2018,2018-02-05,800/IOP-018/PAUD/02-SK.02/2019,2019-02-05,Tidak ada,BPD LAMPUNG,SUKADANA,10812065 TK MAARIF NU 1 TAMAN CARI,Bersedia Menerima,Pagi,Belum Bersertifikat,PLN,880,Telkomsel Flash,TAMAN CARI,14 / 7,DUSUN IV,Taman Cari,Kec. Purbolinggo,Kab. Lampung Timur,Prov. Lampung,34192,0,0,2,2,0,0,0,0,0,0,0,0,0,2,0,1,0,0,0,0,0,0,0,0,0,0,0,0,0,0,0,0,0,0,0,0,0,0,0,0,0,0,7,2,1,19,6,13,2,2,0,0,0,0,0,0,1,1,1,1,0,0,0,0,1,1,0,0,0,0,0,0,0,0,0,0,0,0,1,1,,,,,,,,,,,,,,,,,,
120712,TK MAARIF TAMAN FAJAR,https://dapo.kemdikbud.go.id/sekolah/991EA22BC9B93DBAB7FF,http://sekolah.data.kemdikbud.go.id/index.php/chome/profil/2c7c4db4-3b33-4a32-8846-56462091e11b,24 Mar 2023 10:40:00,B,Kurikulum 2013,10813820,Swasta,TK,Yayasan,800/IP-581/02-SK.02/2018,2013-07-08,420/657/11.SK-05/2016,2016-01-04,Tidak ada,BPD LAMPUNG,METRO,10813820 TK MAARIF TAMAN FAJAR,Bersedia Menerima,Pagi,Belum Bersertifikat,PLN,500,Tidak Ada,TAMAN FAJAR,2 / 1,Dusun I,Taman Pajar,Kec. Purbolinggo,Kab. Lampung Timur,Prov. Lampung,34192,-4,105,7,7,0,0,0,0,0,0,0,0,0,7,0,2,0,0,0,0,0,0,0,0,0,0,0,0,0,0,0,0,0,0,0,0,0,0,0,0,0,0,3,7,2,101,59,42,7,7,0,0,0,0,0,0,1,1,1,1,1,1,0,0,3,3,1,1,0,0,0,0,0,0,0,0,0,0,1,1,,,,,,,,,,,,,,,,,,
120712,TK PERTIWI TAMAN BOGO,https://dapo.kemdikbud.go.id/sekolah/FC9FB0BF38592C90EBF9,http://sekolah.data.kemdikbud.go.id/index.php/chome/profil/0581397e-b65a-4f0b-b4a9-96f81f4ce478,09 Feb 2023 21:41:58,C,Kurikulum 2013,10812068,Swasta,TK,Yayasan,845/I.12.75/I.5/1990,1990-02-02,420/652/11.SK/2016,2016-01-02,Tidak ada,BPD LAMPUNG,SUKADANA,10812068 TK PERTIWI TAMAN BOGO,Bersedia Menerima,Pagi,Belum Bersertifikat,PLN,900,Tidak Ada,PURBOLINGGO,11 / 5,DUSUN 03,Taman Asri,Kec. Purbolinggo,Kab. Lampung Timur,Prov. Lampung,34192,0,0,2,2,0,0,0,0,0,0,0,0,0,1,0,1,0,0,0,0,0,0,0,0,0,0,0,0,0,0,0,0,0,0,0,0,0,0,0,0,0,0,2,1,1,19,11,8,4,4,0,0,0,0,0,0,0,0,1,1,0,0,1,1,2,2,1,1,0,0,0,0,0,0,0,0,0,0,1,1,,,,,,,,,,,,,,,,,,
120712,TK PERTIWI TAMBAH LUHUR,https://dapo.kemdikbud.go.id/sekolah/53B47CED3D2804AD8947,http://sekolah.data.kemdikbud.go.id/index.php/chome/profil/9ca92735-1632-4dd6-9700-7d7874d49c97,30 Jan 2023 14:00:30,,Kurikulum 2013,69863473,Swasta,TK,Yayasan,800/IP-590/02-SK.02/2018,2018-02-05,420/654/11.SK-05/2016,2016-01-02,Tidak ada,BPD LAMPUNG,SUKADANA,69863473 TK PERTIWI TAMBAH LUHUR,Bersedia Menerima,Pagi,Belum Bersertifikat,PLN,450,Tidak Ada,TAMBAH LUHUR,7 / 4,SUKA MAKMUR,Tambah Luhur,Kec. Purbolinggo,Kab. Lampung Timur,Prov. Lampung,34192,0,0,2,2,0,0,0,0,0,0,0,0,0,2,0,1,0,0,0,0,0,0,0,0,0,0,0,0,0,0,0,0,0,0,0,0,0,0,0,0,0,0,2,2,1,11,8,3,2,2,0,0,0,0,0,0,0,0,1,1,0,0,0,0,0,0,0,0,0,0,0,0,0,0,0,0,0,0,1,1,,,,,,,,,,,,,,,,,,
120712,TK PERTIWI TANJUNG INTEN,https://dapo.kemdikbud.go.id/sekolah/2EA57BFE9A65903FF01D,http://sekolah.data.kemdikbud.go.id/index.php/chome/profil/dd481c48-6d0e-44c7-86a7-761683634c18,09 Feb 2023 21:59:15,,Kurikulum 2013,10812070,Swasta,TK,Yayasan,,1900-01-01,,1900-01-01,Tidak ada,BPD LAMPUNG,cabang,10812070 TK PERTIWI TANJUNG INTEN,Bersedia Menerima,Pagi,Belum Bersertifikat,PLN,900,Tidak Ada,PURBOLINGGO,25 / 8,Linggo,Taman Asri,Kec. Purbolinggo,Kab. Lampung Timur,Prov. Lampung,34192,0,0,2,2,0,0,0,0,0,0,0,0,0,2,0,1,0,0,0,0,0,0,0,0,0,0,0,0,0,0,0,0,0,0,0,0,0,0,0,0,0,0,2,2,1,11,6,5,1,1,0,0,0,0,0,0,0,0,1,1,0,0,0,0,1,1,0,0,0,0,0,0,0,0,0,0,0,0,1,1,,,,,,,,,,,,,,,,,,
120712,TK PERTIWI TEGAL GONDO,https://dapo.kemdikbud.go.id/sekolah/E9BC0111B5348BB83785,http://sekolah.data.kemdikbud.go.id/index.php/chome/profil/1c35743d-a696-4ea4-869e-0afae3caf8ef,11 Mar 2023 16:08:00,,Kurikulum 2013,10812071,Swasta,TK,Yayasan,845/T.12.F5/I.5/1990,1990-01-29,420/047/IOP-PAUD/03-SK.02/2023,2023-02-07,Tidak ada,BPD LAMPUNG,Sukadana,10812071 TK PERTIWI TEGAL GONDO,Bersedia Menerima,Pagi,Belum Bersertifikat,PLN,900,Tidak Ada,TEGAL GONDO,10 / 4,DUSUN IV,Tegal Gondo,Kec. Purbolinggo,Kab. Lampung Timur,Prov. Lampung,34192,0,0,2,3,0,0,0,0,0,0,0,0,0,3,0,1,0,0,0,0,0,0,0,0,0,0,0,0,0,0,0,0,0,0,0,0,0,0,0,0,0,0,7,3,1,26,15,11,2,2,0,0,0,0,0,0,0,0,1,1,0,0,0,0,2,2,0,0,0,0,0,0,0,0,0,0,0,0,1,1,,,,,,,,,,,,,,,,,,
120712,TK PGRI 1 TEGAL YOSO,https://dapo.kemdikbud.go.id/sekolah/4BB4400A745142D42FD3,http://sekolah.data.kemdikbud.go.id/index.php/chome/profil/85c1fe60-0c61-4d18-bf75-18ef14d5fb98,25 Jan 2023 13:14:02,,Kurikulum 2013,69863475,Swasta,TK,Yayasan,800/IP-589/02-SK.02/2018,2018-02-05,420/674/11.SK-05/2016,2016-01-02,Tidak ada,BPD LAMPUNG,SUKADANA,69863475 TK PGRI 1 TEGAL YOSO,Bersedia Menerima,Pagi,Belum Bersertifikat,PLN,450,Tidak Ada,TEGAL YOSO,9 / 6,Dusun III,Tegal Yoso,Kec. Purbolinggo,Kab. Lampung Timur,Prov. Lampung,34192,0,0,2,2,0,0,0,0,0,0,0,0,0,1,0,1,0,0,0,0,0,0,0,0,0,0,0,0,0,0,0,0,0,0,0,0,0,0,0,0,0,0,2,1,1,23,17,6,2,2,0,0,0,0,0,0,0,0,1,1,0,0,0,0,1,1,0,0,0,0,0,0,0,0,0,0,0,0,1,1,,,,,,,,,,,,,,,,,,
120712,TK PGRI 2 TEGAL YOSO,https://dapo.kemdikbud.go.id/sekolah/B2C292CB851798B70681,http://sekolah.data.kemdikbud.go.id/index.php/chome/profil/4b43810a-6d5e-46c5-a6fc-0f04c9390003,23 Mar 2023 11:32:54,B,Kurikulum 2013,10812073,Swasta,TK,Yayasan,800/IP-586/02-SK.02/2018,2018-02-05,420/042/IOP-PAUD/03-SK.02/2023,2023-02-07,Tidak ada,BPD LAMPUNG,SUKADANA,10812073 TK PGRI 2 TEGAL YOSO,Bersedia Menerima,Pagi,Proses Sertifikasi,PLN,450,Indosat IM3,TEGAL YOSO,17 / 8,DUSUN V,Tegal Yoso,Kec. Purbolinggo,Kab. Lampung Timur,Prov. Lampung,34192,0,0,2,2,0,0,0,0,0,0,0,0,0,1,0,1,0,0,0,0,0,0,0,0,0,0,0,0,0,0,0,0,0,0,0,0,0,0,0,0,0,0,4,1,1,14,6,8,1,2,0,0,0,0,0,0,0,0,1,1,0,0,0,0,0,0,0,0,0,0,0,0,0,0,0,0,0,0,1,1,,,,,,,,,,,,,,,,,,
120712,TK PGRI 3 TEGAL YOSO,https://dapo.kemdikbud.go.id/sekolah/4AA304F63C7C247AF404,http://sekolah.data.kemdikbud.go.id/index.php/chome/profil/fe5d7728-b914-4556-8878-e977f8c9f9b7,26 Jan 2023 09:10:53,,Kurikulum 2013,10812075,Swasta,TK,Yayasan,800/IP-594/02-SK.02/2018,2018-02-05,420/000/11.SK-05/2016,2016-03-02,Tidak ada,BPD LAMPUNG,SUKADANA,10812075 TK PGRI 3 TEGAL YOSO,Bersedia Menerima,Pagi,Belum Bersertifikat,PLN,450,Tidak Ada,TEGAL YOSO,11 / 5,IV,Tegal Yoso,Kec. Purbolinggo,Kab. Lampung Timur,Prov. Lampung,34192,0,0,2,2,0,0,0,0,0,0,0,0,1,1,0,1,0,0,0,0,0,0,0,0,0,0,0,0,0,0,0,0,0,0,0,0,0,0,0,0,0,0,2,2,1,31,16,15,2,2,0,0,0,0,0,0,0,0,1,1,0,0,0,0,1,1,0,0,0,0,0,0,0,0,0,0,0,0,1,1,,,,,,,,,,,,,,,,,,
120712,TK PGRI TOTO HARJO,https://dapo.kemdikbud.go.id/sekolah/143E291D141BDB9FB980,http://sekolah.data.kemdikbud.go.id/index.php/chome/profil/61399b50-ab2c-4f0c-8c1a-b8188b25b5bb,29 Mar 2023 13:16:15,B,Kurikulum 2013,10812077,Swasta,TK,Lainnya,800/IP-596-02-SK.02/2018,2018-02-05,420/025/IOP-PAUD/03-SK.02/2021,2021-03-02,Tidak ada,BPD LAMPUNG,SUKADANA,10812077 TK PGRI TOTO HARJO,Bersedia Menerima,Pagi,Belum Bersertifikat,PLN,1000,,TOTO HARJO,9 / 6,DUSUN III,Toto Harjo,Kec. Purbolinggo,Kab. Lampung Timur,Prov. Lampung,34192,-5,114,2,2,0,0,0,0,0,0,0,0,0,3,0,1,0,0,0,0,0,0,0,0,0,0,0,0,0,0,0,0,0,0,0,0,0,0,0,0,0,0,3,3,1,52,24,28,1,3,0,0,0,0,0,0,0,0,1,1,0,0,0,0,1,1,0,0,0,0,0,0,0,0,0,0,0,0,1,2,,,,,,,,,,,,,,,,,,
120712,TK PKK 1 TAMAN FAJAR,https://dapo.kemdikbud.go.id/sekolah/C7F85925892F2040BBF3,http://sekolah.data.kemdikbud.go.id/index.php/chome/profil/7f750523-1027-4a76-90b7-2c458f87a33e,27 Mar 2023 11:09:49,B,Kurikulum 2013,10812078,Swasta,TK,Yayasan,800/IP-583/02-SK.02/2018,2018-02-05,420/021/IOP-PAUD/03-SK.02/2021,2021-03-02,A - Tuna netra,BPD LAMPUNG,SUKADANA,10812078 TK PKK 1 TAMAN FAJAR,Bersedia Menerima,Pagi,Belum Bersertifikat,PLN,220,Telkomsel Flash,TAMAN FAJAR,7 / 4,Dusun II,Taman Pajar,Kec. Purbolinggo,Kab. Lampung Timur,Prov. Lampung,34192,0,0,2,2,0,0,0,0,0,0,0,0,0,2,0,1,0,0,0,0,0,0,0,0,0,0,0,0,0,0,0,0,0,0,0,0,0,0,0,0,0,0,6,2,1,29,18,11,2,2,0,0,0,0,0,0,1,1,1,1,0,0,0,0,1,1,1,1,0,0,0,0,0,0,0,0,0,0,1,1,,,,,,,,,,,,,,,,,,
120712,TK PKK 1 TANJUNG INTEN,https://dapo.kemdikbud.go.id/sekolah/0AF876C7C79E1476D93A,http://sekolah.data.kemdikbud.go.id/index.php/chome/profil/d9471b80-b79a-474f-bf2d-9ac3cc24128a,02 Feb 2023 08:23:42,,Kurikulum 2013,10812079,Swasta,TK,Yayasan,800/IP-585/02-SK.02/2018,2018-02-05,420/651/11.SK-05/2016,2016-01-02,Tidak ada,BPD LAMPUNG,SUKADANA,10812079 TK PKK 1 TANJUNG INTEN,Bersedia Menerima,Pagi,Belum Bersertifikat,PLN,900,Tidak Ada,TANJUNG INTEN,14 / 6,DUSUN III,Tanjung Inten,Kec. Purbolinggo,Kab. Lampung Timur,Prov. Lampung,34192,0,0,2,2,0,0,0,0,0,0,0,0,0,2,0,1,0,0,0,0,0,0,0,0,0,0,0,0,0,0,0,0,0,0,0,0,0,0,0,0,0,0,3,2,1,20,10,10,1,1,0,0,0,0,0,0,0,0,1,1,0,0,0,0,1,1,0,0,0,0,0,0,0,0,0,0,0,0,1,1,,,,,,,,,,,,,,,,,,
120712,TK PKK 2 TAMAN FAJAR,https://dapo.kemdikbud.go.id/sekolah/AA2953D36EFD0BCA09DC,http://sekolah.data.kemdikbud.go.id/index.php/chome/profil/dee66d6c-ba32-4fde-b599-e9136259922d,06 Feb 2023 22:43:57,,Kurikulum 2013,10812080,Swasta,TK,Yayasan,800/IP-582/02-SK.02/2018,2018-02-05,420/662/11.SK-05/2016,2016-01-02,Tidak ada,BPD LAMPUNG,SUKADANA,10812080 TK PKK 2 TAMAN FAJAR,Bersedia Menerima,Pagi,Belum Bersertifikat,PLN,900,Tidak Ada,TAMAN FAJAR,18 / 6,DUSUN VI,Taman Pajar,Kec. Purbolinggo,Kab. Lampung Timur,Prov. Lampung,34192,0,0,2,2,0,0,0,0,0,0,0,0,0,1,0,1,0,0,0,0,0,0,0,0,0,0,0,0,0,0,0,0,0,0,0,0,0,0,0,0,0,0,5,1,1,23,16,7,1,1,0,0,0,0,0,0,0,0,1,1,0,0,0,0,1,1,0,0,0,0,0,0,0,0,0,0,0,0,1,1,,,,,,,,,,,,,,,,,,
120712,TK PKK 2 TANJUNG INTEN,https://dapo.kemdikbud.go.id/sekolah/832FAE28EBD17AD4AAC4,http://sekolah.data.kemdikbud.go.id/index.php/chome/profil/b83461f3-74f6-474d-ab2f-5dcebe46be55,02 Feb 2023 16:19:56,B,Kurikulum 2013,10812081,Swasta,TK,Yayasan,800/IP-592/02-SK.02/2018,2018-02-05,420/663/11/SK-05/2016,2016-01-02,Tidak ada,BPD LAMPUNG,SUKADANA,10812081 TK PKK 2 TANJUNG INTEN,Bersedia Menerima,Pagi,Belum Bersertifikat,PLN,900,Tidak Ada,TANJUNG INTEN,7 / 3,2,Tanjung Inten,Kec. Purbolinggo,Kab. Lampung Timur,Prov. Lampung,34192,-4,105,2,2,0,0,0,0,0,0,0,0,0,2,0,1,0,0,0,0,0,0,0,0,0,0,0,0,0,0,0,0,0,0,0,0,0,0,0,0,0,0,3,2,1,37,27,10,2,2,1,1,0,0,0,0,0,0,1,1,0,0,0,0,2,2,0,0,0,0,0,0,0,0,0,0,0,0,1,1,,,,,,,,,,,,,,,,,,
120712,TK PKK TAMAN ASRI,https://dapo.kemdikbud.go.id/sekolah/7A0ED07D577884F8AF75,http://sekolah.data.kemdikbud.go.id/index.php/chome/profil/8c61a0d8-c3a6-4ec6-b137-c13f4c413aba,03 Mar 2023 07:10:12,B,Kurikulum 2013,10812083,Swasta,TK,Yayasan,800/IP-580/02-SK.02/2018,2018-02-05,420/055/IOP-PAUD/03-SK.02/2023,2023-02-07,Tidak ada,BPD LAMPUNG,Sukadana,10812083 TK PKK TAMAN ASRI,Bersedia Menerima,Pagi,Belum Bersertifikat,PLN,900,Tidak Ada,TAMAN ASRI,17 / 7,DUSUN 4,Taman Asri,Kec. Purbolinggo,Kab. Lampung Timur,Prov. Lampung,34192,-5,105,4,6,0,0,0,0,0,0,0,0,0,6,0,1,0,0,0,0,0,0,0,0,0,0,0,0,0,0,0,0,0,0,0,0,0,0,0,0,0,0,5,6,1,62,30,32,4,4,0,0,0,0,0,0,0,0,1,1,0,0,0,0,3,3,0,0,0,0,0,0,0,0,0,0,0,0,1,1,,,,,,,,,,,,,,,,,,
120712,TK PKK TAMAN ENDAH,https://dapo.kemdikbud.go.id/sekolah/E50318C8E44FA22239A9,http://sekolah.data.kemdikbud.go.id/index.php/chome/profil/f3f4e59c-54b1-48d8-b43b-21bbfc9fc5ee,09 Feb 2023 21:49:55,,Kurikulum 2013,69863471,Swasta,TK,Yayasan,800/IP-593/02-SK.02/2018,2018-02-05,420/000/11.SK-05/2016,2016-03-02,Tidak ada,BPD LAMPUNG,SUKADANA,69863471 TK PKK TAMAN ENDAH,Bersedia Menerima,Pagi,Belum Bersertifikat,PLN,900,Tidak Ada,TAMAN ENDAH,1 / 1,DUSUN I,Taman Endah,Kec. Purbolinggo,Kab. Lampung Timur,Prov. Lampung,34192,0,0,2,2,0,0,0,0,0,0,0,0,0,2,1,0,0,0,0,0,0,0,0,0,0,0,0,0,0,0,0,0,0,0,0,0,0,0,0,0,0,0,2,2,1,42,21,21,2,2,1,1,0,0,0,0,0,0,1,1,0,0,0,0,0,0,0,0,0,0,0,0,0,0,0,0,0,0,1,1,,,,,,,,,,,,,,,,,,
120712,KB AISYIYAH,https://dapo.kemdikbud.go.id/sekolah/378D813BBAD2AEB8A5F4,http://sekolah.data.kemdikbud.go.id/index.php/chome/profil/80d92b18-7035-49bd-9597-a9a1599e917d,08 Feb 2023 09:25:26,B,Kurikulum 2013,69863149,Swasta,KB,Yayasan,800/IP-564/02-SK.02/2018,2018-02-05,420/KB-IOP.023/PAUD/03-SK.02/2020,2020-11-23,Tidak ada,BPD LAMPUNG,Sukadana,69863149 KB AISYIYAH,Bersedia Menerima,Pagi,Belum Bersertifikat,PLN,900,Telkomsel Flash,JL MERDEKA UTARA NO 43,1 / 1,Taman Pajar,Taman Pajar,Kec. Purbolinggo,Kab. Lampung Timur,Prov. Lampung,34192,-4,105,2,2,0,0,0,0,0,0,0,0,0,2,0,1,0,0,0,0,0,0,0,0,0,0,0,0,0,0,0,0,0,0,0,0,0,0,0,0,0,0,2,2,1,35,14,21,2,2,0,0,0,0,0,0,1,1,1,1,0,0,1,1,2,2,1,1,0,0,0,0,1,1,0,0,0,0,1,1,,,,,,,,,,,,,,,,,,
120712,KB AL IKHSAN,https://dapo.kemdikbud.go.id/sekolah/21DF771BD5953E428B0D,http://sekolah.data.kemdikbud.go.id/index.php/chome/profil/38f87b5b-b38d-4e69-9570-447ac25dbfb3,25 Mar 2023 14:10:22,Belum Terakreditasi,Kurikulum 2013,69947739,Swasta,KB,Yayasan,420/236/11.SK-05/2015,2015-09-28,420/236/11.SK-05/2015,2015-09-28,Tidak ada,BPD LAMPUNG,SUKADANA,69947739 KB AL IKHSAN,Bersedia Menerima,Pagi,Belum Bersertifikat,PLN,900,Smartfren,DESA TAMBAH DADI,10 / 5,DUSUN 3,Tambah Dadi,Kec. Purbolinggo,Kab. Lampung Timur,Prov. Lampung,34192,0,0,2,2,0,0,0,0,0,0,0,0,0,3,1,0,0,0,0,0,0,0,0,0,0,0,0,0,0,0,0,0,0,0,0,0,0,0,0,0,0,0,8,3,1,35,15,20,2,2,0,0,0,0,0,0,0,0,0,0,0,0,0,0,0,0,0,0,0,0,0,0,0,0,0,0,0,0,1,1,,,,,,,,,,,,,,,,,,
120712,KB AL JIHAD AISYIYAH,https://dapo.kemdikbud.go.id/sekolah/4BEDC85D0FB7AB7E8774,http://sekolah.data.kemdikbud.go.id/index.php/chome/profil/6b48f76c-e27c-4d4c-bd7f-b3baca27011b,30 Jan 2023 15:29:58,,Kurikulum 2013,69863153,Swasta,KB,Yayasan,,,420/072/II.SK-05/2013,,Tidak ada,BPD LAMPUNG,SUKADANA,69863153 KB AL JIHAD AISYIYAH,Bersedia Menerima,Pagi,Belum Bersertifikat,PLN,450,Tidak Ada,TOTOHARJO,3 / 2,DUSUN 1,TOTO HARJO,Kec. Purbolinggo,Kab. Lampung Timur,Prov. Lampung,34192,0,0,2,2,0,0,0,0,0,0,0,0,0,2,0,1,0,0,0,0,0,0,0,0,0,0,0,0,0,0,0,0,0,0,0,0,0,0,0,0,0,0,2,2,1,29,16,13,3,3,0,0,0,0,0,0,1,1,1,1,0,0,0,0,1,1,0,0,0,0,0,0,0,0,0,0,0,0,1,1,,,,,,,,,,,,,,,,,,
120712,KB AMANAH 1,https://dapo.kemdikbud.go.id/sekolah/535AAD96208F553A8947,http://sekolah.data.kemdikbud.go.id/index.php/chome/profil/745e6018-07d7-4b12-96d4-d7549c1faa70,03 Feb 2023 12:01:05,,Kurikulum 2013,69968303,Swasta,KB,Yayasan,800/IO.025/02.SK.02/2017,2017-09-08,420/550/IOP-PAUD/03-SK.02/2022,2022-09-20,Tidak ada,BPD LAMPUNG,SUKADANA,69968303 KB AMANAH 1,Bersedia Menerima,Pagi,Belum Bersertifikat,,440,Indosat IM3,Desa Tegal Yoso Kec.Purbolinggo,16 / 17,5,Tegal Yoso,Kec. Purbolinggo,Kab. Lampung Timur,Prov. Lampung,34192,0,0,2,2,0,0,0,0,0,0,0,0,0,1,0,1,0,0,0,0,0,0,0,0,0,0,0,0,0,0,0,0,0,0,0,0,0,0,0,0,0,0,2,1,1,26,13,13,1,1,0,0,0,0,0,0,0,0,1,1,0,0,0,0,0,0,0,0,0,0,0,0,0,0,0,0,0,0,1,1,,,,,,,,,,,,,,,,,,
120712,KB AR RAHMAN,https://dapo.kemdikbud.go.id/sekolah/6C67F468983991C6BC33,http://sekolah.data.kemdikbud.go.id/index.php/chome/profil/4713e764-6d51-41dc-9bd6-fa07bd076c80,30 Aug 2022 00:38:42,,Kurikulum 2013,69863152,Swasta,KB,Yayasan,015/PRA/D/PAUD/2006,2006-07-17,420/139/11.SK-05/2015,2015-09-28,Tidak ada,BPD LAMPUNG,SUKADANA,69863152 KB AR RAHMAN,,,,,,,DUSUN I TEGAL GONDO,1 / 1,DUSUN I,Tegal Gondo,Kec. Purbolinggo,Kab. Lampung Timur,Prov. Lampung,34192,-4,105,0,0,0,0,0,0,0,0,0,0,0,3,0,1,0,0,0,0,0,0,0,0,0,0,0,0,0,0,0,0,0,0,0,0,0,0,0,0,0,0,0,3,1,0,0,0,3,0,0,0,0,0,0,0,1,0,1,0,0,0,0,0,1,0,1,0,0,0,0,0,0,0,0,0,0,0,1,1,,,,,,,,,,,,,,,,,,
120712,KB BERLIAN,https://dapo.kemdikbud.go.id/sekolah/652AD87D9676ACB355D2,http://sekolah.data.kemdikbud.go.id/index.php/chome/profil/7f7e6d1d-e726-4d6e-9b97-2dc054aa3b1c,06 Mar 2023 07:30:23,,Kurikulum 2013,69863143,Swasta,KB,Yayasan,,,420/070/11.SK-05/2013,,Tidak ada,BPD LAMPUNG,Sukadana,69863143 KB BERLIAN,Bersedia Menerima,Pagi,Belum Bersertifikat,PLN,900,Tidak Ada,JL. JOYO GANJAR,23 / 9,V,TAMAN BOGO,Kec. Purbolinggo,Kab. Lampung Timur,Prov. Lampung,34192,0,0,2,2,0,0,0,0,0,0,0,0,0,3,0,1,0,0,0,0,0,0,0,0,0,0,0,0,0,0,0,0,0,0,0,0,0,0,0,0,0,0,5,3,1,26,16,10,2,2,0,0,0,0,0,0,0,0,1,1,0,0,0,0,1,1,0,0,0,0,0,0,0,0,0,0,0,0,1,1,,,,,,,,,,,,,,,,,,
120712,KB BUNDA AISYIYAH,https://dapo.kemdikbud.go.id/sekolah/BA7E9C5F5999C3F98FD8,http://sekolah.data.kemdikbud.go.id/index.php/chome/profil/6f0ae647-4463-45d9-b7ac-16c316d82140,14 Mar 2023 12:07:43,,Kurikulum 2013,69863144,Swasta,KB,Yayasan,800/IP-567/02-SK.02/2018,2018-02-05,420/043/IOP-PAUD/03-SK.02/2021,2021-03-02,Tidak ada,BPD LAMPUNG,SUKADANA,69863144 KB BUNDA AISYIYAH,Bersedia Menerima,Siang,Belum Bersertifikat,PLN,1000,Telkomsel Flash,RONO DIHARJO,2 / 4,1,Tambah Dadi,Kec. Purbolinggo,Kab. Lampung Timur,Prov. Lampung,34192,0,0,1,1,0,0,0,0,0,0,0,0,0,1,0,1,0,0,0,0,0,0,0,0,0,0,0,0,0,0,0,0,0,0,0,0,0,0,0,0,0,0,3,1,1,14,6,8,1,1,0,0,0,0,0,0,0,0,1,1,0,0,0,0,1,1,1,1,0,0,0,0,0,0,0,0,0,0,1,1,,,,,,,,,,,,,,,,,,
120712,KB CERIA,https://dapo.kemdikbud.go.id/sekolah/DA3B5F1F857744737677,http://sekolah.data.kemdikbud.go.id/index.php/chome/profil/50f913f0-93a2-4f69-8d32-cd629531254d,29 Jan 2023 22:27:46,,Kurikulum 2013,69863145,Swasta,KB,Yayasan,800/IP-572/02-SK.02/2018,2018-02-18,420/KB-IOP.012/PAUD/03-SK.02/2020,2020-10-21,Tidak ada,BPD LAMPUNG,sukadana,69863145 KB CERIA,Bersedia Menerima,Pagi,Belum Bersertifikat,PLN,3999,Smartfren,SIMPANG PASAR TAMAN CARI,3 / 2,1,Taman Cari,Kec. Purbolinggo,Kab. Lampung Timur,Prov. Lampung,34192,0,0,2,2,0,0,0,0,0,0,0,0,0,3,0,1,0,0,0,0,0,0,0,0,0,0,0,0,0,0,0,0,0,0,0,0,0,0,0,0,0,0,2,3,1,28,16,12,2,1,0,0,0,0,0,0,2,2,1,1,0,0,0,0,3,3,0,0,0,0,0,0,0,0,0,0,0,0,1,1,,,,,,,,,,,,,,,,,,
120712,KB Cut NYAK DIEN,https://dapo.kemdikbud.go.id/sekolah/6B8FDD08692BB23BBB0C,http://sekolah.data.kemdikbud.go.id/index.php/chome/profil/c9554772-4e00-4081-acd0-b470d017fe4c,28 Feb 2023 00:29:08,,Kurikulum 2013,69908847,Swasta,KB,Yayasan,420/55/11.SK-05/2010,2010-04-26,420/55/11.SK-05/2010,2010-04-26,Tidak ada,BPD LAMPUNG,SUKADANA,69908847 KB Cut NYAK DIEN,Bersedia Menerima,Pagi,Belum Bersertifikat,PLN,900,Smartfren,TAMAN FAJAR,14 / 5,Taman Fajar,Taman Pajar,Kec. Purbolinggo,Kab. Lampung Timur,Prov. Lampung,34192,0,0,2,2,0,0,0,0,0,0,0,0,0,2,0,1,0,0,0,0,0,0,0,0,0,0,0,0,0,0,0,0,0,0,0,0,0,0,0,0,0,0,2,2,1,33,20,13,2,2,1,1,0,0,0,0,0,0,1,1,0,0,0,0,1,1,0,0,0,0,0,0,0,0,0,0,0,0,1,1,,,,,,,,,,,,,,,,,,
120712,KB FAJAR,https://dapo.kemdikbud.go.id/sekolah/22FE8EC75BA6DDB1ECAA,http://sekolah.data.kemdikbud.go.id/index.php/chome/profil/5e375cde-0c7e-49a9-b99e-21a3e177a7d9,14 Mar 2023 08:13:39,,Kurikulum 2013,69863148,Swasta,KB,Yayasan,800/IP-563/02-SK.02/2018,2018-02-05,420/KB-IOP.051/PAUD/03-SK.02/2020,2020-11-23,Tidak ada,BPD LAMPUNG,SUKADANA,69863148 KB FAJAR,Bersedia Menerima,Pagi,9001,PLN,900,Tidak Ada,JL. SUKODIHARJO TAMAN FAJAR,7 / 4,DUSUN II,Taman Pajar,Kec. Purbolinggo,Kab. Lampung Timur,Prov. Lampung,34192,0,0,2,2,0,0,0,0,0,0,0,0,0,2,0,1,0,0,0,0,0,0,0,0,0,0,0,0,0,0,0,0,0,0,0,0,0,0,0,0,0,0,2,2,1,24,12,12,2,2,0,0,0,0,0,0,1,1,1,1,0,0,0,0,1,1,0,0,0,0,0,0,0,0,0,0,0,0,1,1,,,,,,,,,,,,,,,,,,
120712,KB FLAMBOYAN,https://dapo.kemdikbud.go.id/sekolah/18083A7ADD75844EDE0D,http://sekolah.data.kemdikbud.go.id/index.php/chome/profil/3575c16e-3882-466e-b788-a7948759c3de,18 Feb 2023 14:37:43,,Kurikulum 2013,69908849,Swasta,KB,Yayasan,800/IP-561/02-SK.02/2018,2018-02-05,800/350/PIOP-01.PAUD/03-SK.02/2020,2020-04-22,Tidak ada,BPD LAMPUNG,SUKADANA,69908849 KB FLAMBOYAN,Bersedia Menerima,Sehari penuh (5 h/m),Belum Bersertifikat,PLN,450,Telkomsel Flash,TAMAN CARI,15 / 8,DUSUN IV,Taman Cari,Kec. Purbolinggo,Kab. Lampung Timur,Prov. Lampung,34192,0,0,2,2,0,0,0,0,0,0,0,0,0,2,0,1,0,0,0,0,0,0,0,0,0,0,0,0,0,0,0,0,0,0,0,0,0,0,0,0,0,0,2,2,1,23,15,8,3,3,0,0,0,0,0,0,1,1,1,1,0,0,0,0,2,2,0,0,0,0,0,0,0,0,0,0,0,0,1,1,,,,,,,,,,,,,,,,,,
120712,KB GATI SIWI,https://dapo.kemdikbud.go.id/sekolah/B09078D0CAAA7BA5BB08,http://sekolah.data.kemdikbud.go.id/index.php/chome/profil/cd8514f3-c9bc-46ac-bc77-635fa09984d6,14 Mar 2023 10:31:16,B,Kurikulum 2013,69914476,Swasta,KB,Yayasan,420/102/11.SK-05/2015,2015-09-28,420/102/11.SK-05/2015,2015-09-28,Tidak ada,BPD LAMPUNG,SUKADANA,69914476 KB GATI SIWI,Bersedia Menerima,Pagi,Belum Bersertifikat,PLN,900,Indosat IM3,DESA TAMAN ASRI,4 / 2,I (Satu),Taman Asri,Kec. Purbolinggo,Kab. Lampung Timur,Prov. Lampung,34192,-5,105,3,3,0,0,0,0,0,0,0,0,0,2,0,1,0,0,0,0,0,0,0,0,0,0,0,0,0,0,0,0,0,0,0,0,0,0,0,0,0,0,4,2,1,65,36,29,1,1,0,0,0,0,0,0,1,1,1,1,0,0,0,0,5,5,0,0,0,0,0,0,0,0,0,0,0,0,1,1,,,,,,,,,,,,,,,,,,
120712,KB HARAPAN KITA,https://dapo.kemdikbud.go.id/sekolah/9857BB244CBF8F3DF927,http://sekolah.data.kemdikbud.go.id/index.php/chome/profil/ce34731c-c1ae-4bb4-859d-5123170aee28,14 Mar 2023 10:03:33,C,Kurikulum 2013,69908850,Swasta,KB,Yayasan,420/079/11.SK-05/2013,2012-07-16,420/551/IOP-PAUD/03.SK-02/2023,2022-02-20,Tidak ada,BPD LAMPUNG,Sukadana,69908850 KB HARAPAN KITA,Bersedia Menerima,Pagi,Belum Bersertifikat,PLN,1000,Telkomsel Flash,TAMAN ENDAH,15 / 6,3,Taman Endah,Kec. Purbolinggo,Kab. Lampung Timur,Prov. Lampung,34192,0,0,2,2,0,0,0,0,0,0,0,0,0,2,0,1,0,0,0,0,0,0,0,0,0,0,0,0,0,0,0,0,0,0,0,0,0,0,0,0,0,0,2,2,1,45,24,21,1,1,0,0,0,0,0,0,1,1,1,1,0,0,0,0,2,2,0,0,0,0,0,0,0,0,0,0,0,0,1,1,,,,,,,,,,,,,,,,,,
120712,KB JELITA,https://dapo.kemdikbud.go.id/sekolah/D59E6B372AD026007CB2,http://sekolah.data.kemdikbud.go.id/index.php/chome/profil/07fe4164-1e2b-4bc6-9dd4-36a8cc815a2f,30 Jan 2023 14:42:53,,Kurikulum 2013,69863155,Swasta,KB,Yayasan,800/IP-582/02-SK.02/2018,2018-02-05,420/155/11.SK-05/2015,2015-09-28,Tidak ada,BPD LAMPUNG,SUKADANA,69863155 KB JELITA,Bersedia Menerima,Pagi,Belum Bersertifikat,PLN,450,Tidak Ada,TAMBAH LUHUR,7 / 4,DUSUN 001,Tambah Luhur,Kec. Purbolinggo,Kab. Lampung Timur,Prov. Lampung,34192,0,0,1,1,0,0,0,0,0,0,0,0,0,1,0,1,0,0,0,0,0,0,0,0,0,0,0,0,0,0,0,0,0,0,0,0,0,0,0,0,0,0,2,1,1,16,9,7,1,1,0,0,0,0,0,0,0,0,1,1,0,0,0,0,0,0,0,0,0,0,0,0,0,0,0,0,0,0,1,1,,,,,,,,,,,,,,,,,,
120712,KB MA ARIF NU,https://dapo.kemdikbud.go.id/sekolah/18ABC66762F112D814D8,http://sekolah.data.kemdikbud.go.id/index.php/chome/profil/f96dc14b-e632-44d9-a5fe-31c67d8af82c,31 Jan 2023 12:17:59,B,Kurikulum 2013,69863151,Swasta,KB,Yayasan,,,420/077/11.SK-05/2013,,Tidak ada,BPD LAMPUNG,SUKADANA,69863151 KB MA ARIF NU,Bersedia Menerima,Pagi,Belum Bersertifikat,PLN,200,Telkom Speedy,TAMAN FAJAR,2 / 1,DUSUN I,TAMAN PAJAR,Kec. Purbolinggo,Kab. Lampung Timur,Prov. Lampung,34192,0,0,2,2,0,0,0,0,0,0,0,0,0,1,0,1,0,0,0,0,0,0,0,0,0,0,0,0,0,0,0,0,0,0,0,0,0,0,0,0,0,0,1,1,1,26,14,12,2,2,0,0,0,0,0,0,1,1,0,0,1,1,0,0,1,1,0,0,0,0,0,0,0,0,0,0,0,0,1,1,,,,,,,,,,,,,,,,,,
120712,KB MENTARI,https://dapo.kemdikbud.go.id/sekolah/BC328511D19168E7CB45,http://sekolah.data.kemdikbud.go.id/index.php/chome/profil/2471cfa5-23a9-4ca7-8bfb-f08c0194d232,09 Feb 2023 21:23:17,,Kurikulum 2013,69909404,Swasta,KB,Yayasan,800/IP-565/02-SK.02/2018,2018-02-05,420/40/11.SK-05/2015,2015-09-28,Tidak ada,BPD LAMPUNG,SUKADANA,69909404 KB MENTARI,Bersedia Menerima,Pagi,Belum Bersertifikat,PLN,900,Indosat IM3,DESA TAMBAH LUHUR,13 / 7,DUSUN IV,Tambah Luhur,Kec. Purbolinggo,Kab. Lampung Timur,Prov. Lampung,34192,0,0,2,2,0,0,0,0,0,0,0,0,0,1,1,0,0,0,0,0,0,0,0,0,0,0,0,0,0,0,0,0,0,0,0,0,0,0,0,0,0,0,2,1,1,24,8,16,1,1,0,0,0,0,0,0,0,0,1,1,0,0,0,0,0,0,0,0,0,0,0,0,0,0,0,0,0,0,1,1,,,,,,,,,,,,,,,,,,
120712,KB MU ALIMIN AISYIYAH,https://dapo.kemdikbud.go.id/sekolah/B9F0688AB3F0724DCBA2,http://sekolah.data.kemdikbud.go.id/index.php/chome/profil/95fe990b-9e4e-40ab-b7b0-b2130e8b3d58,05 Feb 2023 14:16:21,B,Kurikulum 2013,69863147,Swasta,KB,Yayasan,800/IP-571/02-SK.02/2018,2018-02-05,420/032/IOP-PAUD/03-SK.02/2023,2023-02-07,Tidak ada,BPD LAMPUNG,Sukadana,69863147 KB MU ALIMIN AISYIYAH,Bersedia Menerima,Sehari penuh (5 h/m),Belum Bersertifikat,PLN,900,Smartfren,JL. NUSANTARA RAYA,11 /,Taman Cari,Taman Cari,Kec. Purbolinggo,Kab. Lampung Timur,Prov. Lampung,34192,5,105,2,2,0,0,0,0,0,0,0,0,0,1,0,1,0,0,0,0,0,0,0,0,0,0,0,0,0,0,0,0,0,0,0,0,0,0,0,0,0,0,2,1,1,15,8,7,2,2,0,0,0,0,0,0,1,1,1,1,0,0,0,0,1,1,1,1,0,0,0,0,0,0,0,0,0,0,1,1,,,,,,,,,,,,,,,,,,
120712,KB MUTIARA AISYIYAH,https://dapo.kemdikbud.go.id/sekolah/F2D1B3F5277E35E5DCD0,http://sekolah.data.kemdikbud.go.id/index.php/chome/profil/ec551602-2fb5-4445-90cd-d23c0db3ff64,02 Mar 2023 11:27:57,,Kurikulum 2013,69863157,Swasta,KB,Yayasan,800/IP-558/02-SK.02/2018,2018-02-07,420/036/IOP-PAUD/03.SK.02/2023,2023-02-07,Tidak ada,BPD LAMPUNG,,69863157 KB MUTIARA AISYIYAH,Bersedia Menerima,Pagi,Belum Bersertifikat,PLN,900,Telkomsel Flash,JL. BUNGUR RAYA,7 / 4,2,Tanjung Kesuma,Kec. Purbolinggo,Kab. Lampung Timur,Prov. Lampung,34192,0,0,1,1,0,0,0,0,0,0,0,0,0,1,0,1,0,0,0,0,0,0,0,0,0,0,0,0,0,0,0,0,0,0,0,0,0,0,0,0,0,0,2,1,1,23,7,16,1,1,0,0,0,0,0,0,0,0,1,1,0,0,1,1,3,3,0,0,0,0,0,0,0,0,0,0,0,0,1,1,,,,,,,,,,,,,,,,,,
120712,KB PELANGI,https://dapo.kemdikbud.go.id/sekolah/16C2952E0D67ABA6EF1D,http://sekolah.data.kemdikbud.go.id/index.php/chome/profil/b0723cb5-b4e0-4f07-a65b-e0332ff84307,02 Feb 2023 16:11:30,,Kurikulum 2013,69908848,Swasta,KB,Yayasan,420/165/11.SK-05/2014,2014-04-14,420/165/11.SK-05/2014,2014-04-14,Tidak ada,BPD LAMPUNG,SUKADANA,69908848 KELOMPOK BERMAIN PELANGI,Bersedia Menerima,Pagi,Belum Bersertifikat,PLN,900,Tidak Ada,TANJUNG INTEN,7 / 3,2,Tanjung Inten,Kec. Purbolinggo,Kab. Lampung Timur,Prov. Lampung,34192,0,0,1,2,0,0,0,0,0,0,0,0,0,1,0,1,0,0,0,0,0,0,0,0,0,0,0,0,0,0,0,0,0,0,0,0,0,0,0,0,0,0,3,1,1,8,2,6,1,1,1,1,0,0,0,0,0,0,1,1,0,0,0,0,2,2,0,0,0,0,0,0,0,0,0,0,0,0,1,1,,,,,,,,,,,,,,,,,,
120712,KB PERMATA,https://dapo.kemdikbud.go.id/sekolah/D6F7330FDE8F54747658,http://sekolah.data.kemdikbud.go.id/index.php/chome/profil/b8d84381-f3a2-4bd7-88a2-8732d7285a06,18 Aug 2022 13:55:16,,Kurikulum 2013,69863154,Swasta,KB,Yayasan,800/IP-578/02-SK.02/2018,2018-02-05,800/IOP-177/PAUD/02-SK.02/2018,2018-09-17,Tidak ada,BPD LAMPUNG,SUKADANA,69863154 KB PERMATA,,,,,,,TANJUNG KESUMA,0 / 0,TANJUNG KESUMA,Tanjung Kesuma,Kec. Purbolinggo,Kab. Lampung Timur,Prov. Lampung,34192,4,-4,0,0,0,0,0,0,0,0,0,0,0,2,0,1,0,0,0,0,0,0,0,0,0,0,0,0,0,0,0,0,0,0,0,0,0,0,0,0,0,0,0,2,1,0,0,0,2,0,0,0,0,0,0,0,0,0,1,0,0,0,0,0,1,0,0,0,0,0,0,0,0,0,0,0,0,0,2,2,,,,,,,,,,,,,,,,,,
120712,KB PERMATA BUNDA,https://dapo.kemdikbud.go.id/sekolah/F42CDB0D304C3BD85550,http://sekolah.data.kemdikbud.go.id/index.php/chome/profil/130af0fa-c51f-4669-a119-578440399381,04 Feb 2023 21:53:42,,Kurikulum 2013,69969614,Swasta,KB,Yayasan,800/IO.041/02-SK.02/2017,2017-10-10,800/IO.041/02-SK.02/2017,2017-10-10,Tidak ada,BPD LAMPUNG,SUKADANA,69969614 KB PERMATA BUNDA,Bersedia Menerima,Pagi,Belum Bersertifikat,PLN,900,Tidak Ada,Desa Tambah Dadi Kec.Purbolinggo,10 / 5,,Tambah Dadi,Kec. Purbolinggo,Kab. Lampung Timur,Prov. Lampung,34192,0,0,2,2,0,0,0,0,0,0,0,0,0,3,0,0,0,0,0,0,0,0,0,0,0,0,0,0,0,0,0,0,0,0,0,0,0,0,0,0,0,0,4,3,0,21,12,9,2,2,0,0,0,0,0,0,0,0,1,1,0,0,0,0,2,2,0,0,0,0,0,0,0,0,0,0,0,0,1,1,,,,,,,,,,,,,,,,,,
120712,KB TARBIYYATUT THULAB,https://dapo.kemdikbud.go.id/sekolah/C1E4530C4480E5F181A8,http://sekolah.data.kemdikbud.go.id/index.php/chome/profil/b78874eb-d2ef-4aa5-8f0f-e2bab71e1d3f,29 Mar 2023 10:49:47,,Kurikulum 2013,69863156,Swasta,KB,Yayasan,800/IP-570/02-SK.02/2018,2018-02-05,420/035/IOP-PAUD/03-SK.02/2023,2023-02-07,Tidak ada,BPD LAMPUNG,SUKADANA,69863156 KOBER TARBIYYATUT THULAB,Bersedia Menerima,Pagi,Belum Bersertifikat,PLN,900,Smartfren,TANJUNG INTEN,30 / 10,Dusun VI,Tanjung Inten,Kec. Purbolinggo,Kab. Lampung Timur,Prov. Lampung,34192,0,0,1,1,0,0,0,0,0,0,0,0,0,0,0,1,0,0,0,0,0,0,0,0,0,0,0,0,0,0,0,0,0,0,0,0,0,0,0,0,0,0,3,0,1,5,1,4,1,1,0,0,0,0,0,0,1,1,1,1,1,1,0,0,2,2,1,1,0,0,0,0,0,0,0,0,0,0,1,1,,,,,,,,,,,,,,,,,,
120712,TPA AHSANUL IBAD,https://dapo.kemdikbud.go.id/sekolah/5494F31EC1FB10E92463,http://sekolah.data.kemdikbud.go.id/index.php/chome/profil/9afb9d13-0486-4d7e-9db0-ab73bdd878ed,22 Feb 2023 22:17:13,Belum Terakreditasi,Kurikulum 2013,69969996,Swasta,TPA,Yayasan,800/IO.042/02-SK.02/2017,2017-08-10,800/IO.042/02-SK.02/2017,2017-08-10,Tidak ada,BPD LAMPUNG,sukadana,69969996 TPA AHSANUL IBAD,Bersedia Menerima,Siang,Belum Bersertifikat,PLN,440,Tidak Ada,Desa Taman Fajar Kec. Purbolinggo,2 / 2,Dusun 1,Taman Pajar,Kec. Purbolinggo,Kab. Lampung Timur,Prov. Lampung,34192,0,0,2,2,0,0,0,0,0,0,0,0,0,3,0,1,0,0,0,0,0,0,0,0,0,0,0,0,0,0,0,0,0,0,0,0,0,0,0,0,0,0,2,3,1,11,6,5,2,2,0,0,0,0,0,0,0,0,0,1,0,0,0,0,0,1,0,0,0,0,0,0,0,0,0,0,0,0,1,1,,,,,,,,,,,,,,,,,,
120712,UPTD SD NEGERI 1 TAMAN ASRI,https://dapo.kemdikbud.go.id/sekolah/4246E371A47355D52381,http://sekolah.data.kemdikbud.go.id/index.php/chome/profil/80612871-8b18-e111-bf65-1b77428ce5d3,03 Feb 2023 22:08:13,B,Kurikulum 2013,10809512,Negeri,SD,Pemerintah Daerah,B.234/03-SK/2021,2021-06-04,420/1393/02.SK.02/2021,2021-08-12,Tidak ada,BPD LAMPUNG...,BPD LAMPUNG CABANG SUKADANA...,SDN1TAMANASRI...,Bersedia Menerima,Pagi,Belum Bersertifikat,PLN,900,Telkomsel Flash,Taman Asri,4 / 2,TAMAN ASRI,Taman Asri,Kec. Purbolinggo,Kab. Lampung Timur,Prov. Lampung,34192,-5,105,10,10,0,0,0,0,0,1,4,0,6,7,0,0,24,17,16,13,21,22,21,20,28,13,15,13,0,0,0,0,0,0,0,0,0,0,0,0,0,0,5,13,0,223,125,98,12,12,1,1,1,1,0,0,0,0,1,1,1,1,1,1,1,1,1,1,0,0,0,0,0,0,0,0,0,0,1,2,,,,,,,,,,,,,,,,,,
120712,UPTD SD NEGERI 1 TAMAN BOGO,https://dapo.kemdikbud.go.id/sekolah/E6030993F0655FD5F0DA,http://sekolah.data.kemdikbud.go.id/index.php/chome/profil/c0862871-8b18-e111-849c-dbbaf33445ea,28 Mar 2023 20:45:32,B,Kurikulum 2013,10806523,Negeri,SD,Pemerintah Daerah,B.234/03-SK/2021,1921-06-04,420/1393/02.SK.02/2021,2021-08-12,Tidak ada,Bank Lampung,SUKADANA,SDN 1 Taman Bogo,Bersedia Menerima,Pagi,Belum Bersertifikat,PLN,1320,Tidak Ada,Taman Bogo,11 / 5,DUSUN III,Taman Bogo,Kec. Purbolinggo,Kab. Lampung Timur,Prov. Lampung,34192,-5,105,6,6,0,0,1,0,0,1,2,0,3,6,2,0,9,8,6,5,9,7,13,5,12,7,9,6,0,0,0,0,0,0,0,0,0,0,0,0,0,0,7,9,2,96,58,38,6,6,1,1,0,0,0,0,0,0,1,1,1,1,1,1,4,4,1,1,0,0,0,0,0,0,0,0,0,0,1,1,,,,,,,,,,,,,,,,,,
120712,UPTD SD NEGERI 1 TAMAN CARI,https://dapo.kemdikbud.go.id/sekolah/8BC557AFAF1227026F25,http://sekolah.data.kemdikbud.go.id/index.php/chome/profil/a00e2971-8b18-e111-83c9-873192504a4e,29 Mar 2023 09:03:40,B,Kurikulum 2013,10806535,Negeri,SD,Pemerintah Daerah,B.234/03-SK/2021,2021-06-04,420/1393/02.SK.02/2021,2021-08-12,Tidak ada,Bank Lampung,Sukadana,SD Negeri 1 Taman Cari,Bersedia Menerima,Pagi,Belum Bersertifikat,PLN,900,Telkomsel Flash,Taman Cari,2 / 1,Dusun 1,Taman Cari,Kec. Purbolinggo,Kab. Lampung Timur,Prov. Lampung,34192,-5,105,10,10,0,0,2,0,0,2,4,0,4,12,1,0,21,8,17,14,13,16,15,14,17,13,24,19,0,0,0,0,0,0,0,0,0,0,0,0,0,0,15,16,1,191,107,84,12,12,1,1,0,0,0,0,1,1,1,1,0,0,0,0,3,3,0,0,0,0,0,0,0,0,0,0,0,0,1,1,,,,,,,,,,,,,,,,,,
120712,UPTD SD NEGERI 1 TAMAN ENDAH,https://dapo.kemdikbud.go.id/sekolah/881A36D7B687A2B8976E,http://sekolah.data.kemdikbud.go.id/index.php/chome/profil/c0cc2971-8b18-e111-85b6-3f153f958ebc,13 Feb 2023 12:07:20,B,Kurikulum 2013,10806534,Negeri,SD,Pemerintah Daerah,B.234/03-SK/2021,2021-06-04,420/1393/02.SK.02/2021,2021-08-12,Tidak ada,BPD LAMPUNG...,BPD LAMPUNG CABANG SUKADANA...,SDN1TAMANENDAH...,Bersedia Menerima,Pagi,Belum Bersertifikat,PLN,900,Telkomsel Flash,Taman Endah,1 / 1,Dusun I,Taman Endah,Kec. Purbolinggo,Kab. Lampung Timur,Prov. Lampung,34192,-4,105,6,6,0,0,1,0,0,1,3,0,1,8,0,1,9,8,14,7,9,12,9,1,8,6,12,11,0,0,0,0,0,0,0,0,0,0,0,0,0,0,7,9,1,106,61,45,7,7,0,0,0,0,0,0,0,0,1,1,1,1,1,1,4,4,1,1,0,0,1,1,0,0,0,0,0,0,1,1,,,,,,,,,,,,,,,,,,
120712,UPTD SD NEGERI 1 TAMAN FAJAR,https://dapo.kemdikbud.go.id/sekolah/8F4406832FD5CAD35807,http://sekolah.data.kemdikbud.go.id/index.php/chome/profil/d0cc2871-8b18-e111-897c-2d2d3b454d03,20 Mar 2023 04:29:11,B,Kurikulum 2013,10806533,Negeri,SD,Pemerintah Daerah,B.234/03-SK/2021,2021-06-04,420/1393/02.SK.02/2021,2021-08-12,Tidak ada,Bank Lampung,SUKADANA,SDN 1 Taman Fajar,Bersedia Menerima,Pagi,Belum Bersertifikat,PLN,900,Indosat IM2,Taman Fajar,17 / 6,Taman Fajar,Taman Pajar,Kec. Purbolinggo,Kab. Lampung Timur,Prov. Lampung,34192,-4,105,6,6,0,0,0,0,0,2,2,0,6,4,1,1,12,17,8,10,7,14,9,10,17,8,12,9,0,0,0,0,0,0,0,0,0,0,0,0,0,0,5,10,2,133,65,68,6,6,1,1,0,0,0,0,0,0,1,1,0,0,0,0,1,1,0,0,0,0,0,0,0,0,0,0,0,0,2,2,,,,,,,,,,,,,,,,,,
120712,UPTD SD NEGERI 1 TAMBAH DADI,https://dapo.kemdikbud.go.id/sekolah/82FA515A71241739A9DD,http://sekolah.data.kemdikbud.go.id/index.php/chome/profil/006a2971-8b18-e111-9343-05cbb63a098c,16 Mar 2023 10:50:52,B,Kurikulum 2013,10806530,Negeri,SD,Pemerintah Daerah,B.234/03-SK/2021,2021-06-04,420/1393/02.SK.02/2021,2021-08-12,Tidak ada,BPD LAMPUNG...,BPD LAMPUNG CABANG SUKADANA...,SDN1TAMBAHDADI...,Bersedia Menerima,Pagi,Belum Bersertifikat,PLN,900,Lainnya (Serat Optik),Dusun Ii Tambah Dadi,6 / 3,Dusun II,Tambah Dadi,Kec. Purbolinggo,Kab. Lampung Timur,Prov. Lampung,34192,-4,105,8,6,6,2,2,0,2,2,2,0,2,8,1,2,13,13,16,15,13,19,20,11,19,18,26,16,0,0,0,0,0,0,0,0,0,0,0,0,0,0,4,10,3,199,107,92,8,8,0,0,0,0,0,0,1,1,1,1,1,1,1,1,7,7,1,1,0,0,0,0,1,1,0,0,0,0,15,15,,,,,,,,,,,,,,,,,,
120712,UPTD SD NEGERI 1 TAMBAH LUHUR,https://dapo.kemdikbud.go.id/sekolah/156178425778B3C196E5,http://sekolah.data.kemdikbud.go.id/index.php/chome/profil/f0ab2971-8b18-e111-b2b0-d74b1a09e590,17 Mar 2023 11:56:56,B,Kurikulum 2013,10806529,Negeri,SD,Pemerintah Daerah,B.234/03-SK/2021,2021-06-04,420/1393/02.SK.02/2021,2021-08-12,Tidak ada,Bank Lampung,Sukadana,SDN 1 Tambah Luhur,Bersedia Menerima,Pagi,Belum Bersertifikat,PLN,450,Tidak Ada,Tambah Luhur,7 / 4,Suka Makmur,Tambah Luhur,Kec. Purbolinggo,Kab. Lampung Timur,Prov. Lampung,34192,-4,105,6,4,2,2,1,0,2,1,2,0,2,6,1,0,3,7,8,9,6,8,9,5,3,4,9,9,0,0,0,0,0,0,0,0,0,0,0,0,0,0,4,8,1,80,38,42,6,6,1,1,0,0,0,0,1,1,1,1,0,0,1,1,4,4,1,1,0,0,0,0,1,1,0,0,0,0,1,1,,,,,,,,,,,,,,,,,,
120712,UPTD SD NEGERI 1 TANJUNG INTEN,https://dapo.kemdikbud.go.id/sekolah/DBCCED824224EC376247,http://sekolah.data.kemdikbud.go.id/index.php/chome/profil/00512a71-8b18-e111-b7cb-b591a46dac6c,28 Feb 2023 10:27:13,B,Kurikulum 2013,10806524,Negeri,SD,Pemerintah Pusat,B.234/03-SK/2021,2021-06-04,420/1393/02.SK.02/2021,2021-08-12,Tidak ada,BPD LAMPUNG...,BPD LAMPUNG CABANG SUKADANA...,SDN1TANJUNGINTEN...,Bersedia Menerima,Pagi,Proses Sertifikasi,PLN,900,Tidak Ada,Purbolinggo,14 / 16,3,Tanjung Inten,Kec. Purbolinggo,Kab. Lampung Timur,Prov. Lampung,34192,-4,105,6,6,0,0,0,0,0,0,2,0,2,5,1,1,8,3,6,10,6,5,6,4,6,6,7,1,0,0,0,0,0,0,0,0,0,0,0,0,0,0,7,7,2,68,39,29,6,6,1,1,0,0,0,0,0,0,1,1,0,0,0,0,3,3,0,0,0,0,0,0,0,0,0,0,0,0,1,1,,,,,,,,,,,,,,,,,,
120712,UPTD SD NEGERI 1 TANJUNG KESUMA,https://dapo.kemdikbud.go.id/sekolah/81FCCD67D7B265875909,http://sekolah.data.kemdikbud.go.id/index.php/chome/profil/b0692a71-8b18-e111-acdb-cd879f5c0903,03 Mar 2023 13:31:20,B,Kurikulum 2013,10806449,Negeri,SD,Pemerintah Daerah,B.234/03-SK/2021,2021-06-04,420/1393/02.SK.02/2021,2021-08-12,Tidak ada,Bank Lampung,Sukadana,SDN1 Tanjung Ksuma,Bersedia Menerima,Pagi,Belum Bersertifikat,PLN,899,Indosat IM3,Tanjung Kesuma,11 / 6,Dusun III,Tanjung Kesuma,Kec. Purbolinggo,Kab. Lampung Timur,Prov. Lampung,34192,-4,105,6,6,0,0,1,0,2,1,2,0,2,7,0,0,9,14,9,8,7,10,5,8,18,8,6,12,0,0,0,0,0,0,0,0,0,0,0,0,0,0,9,9,0,114,54,60,6,6,0,0,0,0,0,0,1,1,1,1,1,1,0,0,3,3,0,0,0,0,0,0,0,0,0,0,0,0,2,4,,,,,,,,,,,,,,,,,,
120712,UPTD SD NEGERI 1 TEGAL GONDO,https://dapo.kemdikbud.go.id/sekolah/1D83CE38DF224D10AC98,http://sekolah.data.kemdikbud.go.id/index.php/chome/profil/00b42a71-8b18-e111-9da2-cbfef4a245ac,07 Mar 2023 22:20:00,B,Kurikulum 2013,10806373,Negeri,SD,Pemerintah Daerah,B.234/03-SK/2021,2021-06-04,420/1393/02.SK.02/2021,2021-08-12,Tidak ada,BPD LAMPUNG...,BPD LAMPUNG CABANG SUKADANA...,SDN1TEGALGONDO...,Bersedia Menerima,Pagi,Belum Bersertifikat,PLN,900,Tidak Ada,Desa Tegal Gondo,10 / 4,IV,Tegal Gondo,Kec. Purbolinggo,Kab. Lampung Timur,Prov. Lampung,34192,-4,105,6,5,0,0,0,0,0,1,2,0,2,6,0,1,4,1,4,7,2,3,5,2,11,5,5,7,0,0,0,0,0,0,0,0,0,0,0,0,0,0,8,8,1,56,31,25,6,6,1,1,0,0,0,0,0,0,1,1,0,0,1,1,2,2,0,0,0,0,0,0,0,0,0,0,0,0,1,1,,,,,,,,,,,,,,,,,,
120712,UPTD SD NEGERI 1 TEGAL YOSO,https://dapo.kemdikbud.go.id/sekolah/6315F24B660EF6282E4B,http://sekolah.data.kemdikbud.go.id/index.php/chome/profil/a0e52a71-8b18-e111-9bdc-23815b9000cf,16 Feb 2023 11:54:25,B,Kurikulum 2013,10806371,Negeri,SD,Pemerintah Daerah,B.234/03-SK/2021,2021-06-04,420/1393/02.SK.02/2021,2021-08-12,Tidak ada,Bank Lampung,Sukadana,SDN 1 Tegal Yoso,Bersedia Menerima,Pagi,Belum Bersertifikat,PLN,900,Telkomsel Flash,Tegal Yoso,8 / 3,Dusun III,Tegal Yoso,Kec. Purbolinggo,Kab. Lampung Timur,Prov. Lampung,34192,-4,105,6,6,0,0,2,0,0,6,2,0,2,5,0,0,10,6,4,11,7,7,9,12,11,15,4,9,0,0,0,0,0,0,0,0,0,0,0,0,0,0,8,7,0,105,45,60,7,7,0,0,0,0,0,0,1,1,1,1,0,0,0,0,1,1,0,0,0,0,0,0,0,0,0,0,0,0,1,1,,,,,,,,,,,,,,,,,,
120712,UPTD SD NEGERI 1 TOTO HARJO,https://dapo.kemdikbud.go.id/sekolah/4B05107191A27EFDAABF,http://sekolah.data.kemdikbud.go.id/index.php/chome/profil/10b02d71-8b18-e111-988a-d756096ac5bf,27 Mar 2023 08:29:31,A,Kurikulum 2013,10806367,Negeri,SD,Pemerintah Daerah,B.234/03-SK/2021,2021-06-04,420/1393/02.SK.02/2021,2021-08-12,Tidak ada,BANK LAMPUNG,SUKADANA,SDN 1 Toto Harjo,Bersedia Menerima,Pagi,Belum Bersertifikat,PLN,2200,Tidak Ada,Jl. Rawa Patah,9 / 6,Tiga,Toto Harjo,Kec. Purbolinggo,Kab. Lampung Timur,Prov. Lampung,34192,-4,105,11,11,0,0,0,0,0,0,2,1,5,9,1,1,12,22,18,20,23,17,28,26,10,18,26,22,0,0,0,0,0,0,0,0,0,0,0,0,0,0,8,14,2,242,117,125,10,10,1,1,0,0,0,0,1,1,1,1,1,1,1,1,9,9,1,1,0,0,0,0,0,0,1,1,0,0,3,3,,,,,,,,,,,,,,,,,,
120712,UPTD SD NEGERI 2 TAMAN BOGO,https://dapo.kemdikbud.go.id/sekolah/8093169C9C588E61DE62,http://sekolah.data.kemdikbud.go.id/index.php/chome/profil/c0a92871-8b18-e111-bb8d-7b9a4eeebf17,29 Mar 2023 11:42:45,B,Kurikulum 2013,10805753,Negeri,SD,Pemerintah Daerah,B.234/03-SK/2021,2021-06-04,420/1393/02.SK.02/2021,2021-08-12,Tidak ada,BPD LAMPUNG...,BPD LAMPUNG CABANG SUKADANA...,SDN2TAMANBOGO...,Bersedia Menerima,Pagi,Belum Bersertifikat,PLN,900,Telkomsel Flash,Taman Bogo,11 / 5,TIGA,Taman Bogo,Kec. Purbolinggo,Kab. Lampung Timur,Prov. Lampung,34192,-5,105,8,8,0,0,2,0,0,1,2,0,3,7,1,0,12,9,11,9,20,15,20,7,11,7,18,20,0,0,0,0,0,0,0,0,0,0,0,0,0,0,14,10,1,159,92,67,8,9,1,0,0,0,0,0,1,1,1,1,1,1,1,1,5,5,1,1,0,0,0,0,0,0,0,0,0,0,4,4,,,,,,,,,,,,,,,,,,
120712,UPTD SD NEGERI 2 TAMAN CARI,https://dapo.kemdikbud.go.id/sekolah/8149A320854B67EC22BB,http://sekolah.data.kemdikbud.go.id/index.php/chome/profil/b08a2b71-8b18-e111-b902-893b7fb3ffb0,27 Feb 2023 10:44:03,B,Kurikulum 2013,10805752,Negeri,SD,Pemerintah Daerah,B.234/03-SK/2021,2021-06-04,420/1393/02.SK.02/2021,2021-08-12,Tidak ada,BPD LAMPUNG...,BPD LAMPUNG CABANG SUKADANA...,SDN2TAMANCARI...,Bersedia Menerima,Pagi,Belum Bersertifikat,PLN,900,Tidak Ada,Taman Cari,14 / 7,Taman Cari,Taman Cari,Kec. Purbolinggo,Kab. Lampung Timur,Prov. Lampung,34192,-4,105,6,6,0,0,1,0,0,1,2,0,1,8,0,1,10,10,5,9,7,9,8,14,10,8,16,9,0,0,0,0,0,0,0,0,0,0,0,0,0,0,8,9,1,115,56,59,6,6,0,0,0,0,0,0,1,1,1,1,0,0,0,0,2,2,0,0,0,0,0,0,0,0,0,0,0,0,2,2,,,,,,,,,,,,,,,,,,
120712,UPTD SD NEGERI 2 TAMAN ENDAH,https://dapo.kemdikbud.go.id/sekolah/F1278B9F39E091C3EF05,http://sekolah.data.kemdikbud.go.id/index.php/chome/profil/00ed2971-8b18-e111-9922-81a7202a98e1,21 Feb 2023 12:36:20,B,Kurikulum 2013,10805751,Negeri,SD,Pemerintah Daerah,B.234/03-SK/2021,2021-06-04,420/1393/02.SK.02/2021,2021-08-12,Tidak ada,BPD LAMPUNG...,BPD LAMPUNG CABANG SUKADANA...,SDN2TAMANENDAH...,Bersedia Menerima,Pagi,Belum Bersertifikat,PLN,900,Indosat IM3,Taman Endah,17 / 5,TAMAN ENDAH PEDUKUHAN,Taman Endah,Kec. Purbolinggo,Kab. Lampung Timur,Prov. Lampung,34192,-4,105,6,6,0,0,0,0,0,0,2,0,2,8,0,0,11,3,6,4,9,5,6,3,5,15,8,4,0,0,0,0,0,0,0,0,0,0,0,0,0,0,7,10,0,79,45,34,6,6,1,1,0,0,0,0,1,1,1,1,0,0,1,1,1,1,1,1,1,1,0,0,0,0,0,0,0,0,3,3,,,,,,,,,,,,,,,,,,
120712,UPTD SD NEGERI 2 TAMAN FAJAR,https://dapo.kemdikbud.go.id/sekolah/6E34ECB07763529F380B,http://sekolah.data.kemdikbud.go.id/index.php/chome/profil/a0ee2871-8b18-e111-a65d-bbd43d7588df,07 Mar 2023 08:58:45,C,Kurikulum 2013,10805750,Negeri,SD,Pemerintah Daerah,B.234/03-SK/2021,2021-06-04,420/1393/02.SK.02/2021,2021-08-12,Tidak ada,Bank Lampung,sukadana,SD Negeri 2 Taman Fajar,Bersedia Menerima,Pagi,Proses Sertifikasi,PLN,900,Telkomsel Flash,Taman Fajar,5 / 2,2,Taman Pajar,Kec. Purbolinggo,Kab. Lampung Timur,Prov. Lampung,34192,-4,105,6,6,0,0,1,0,0,1,2,0,2,8,0,0,11,5,6,6,16,13,14,7,10,4,10,14,0,0,0,0,0,0,0,0,0,0,0,0,0,0,5,10,0,116,67,49,6,6,1,1,0,0,0,0,0,0,1,1,1,1,1,1,4,4,1,1,0,0,0,0,0,0,0,0,0,0,1,1,,,,,,,,,,,,,,,,,,
120712,UPTD SD NEGERI 2 TAMBAH LUHUR,https://dapo.kemdikbud.go.id/sekolah/C0AFECC274EB8F281DCF,http://sekolah.data.kemdikbud.go.id/index.php/chome/profil/80322c71-8b18-e111-b171-b53a9db2da31,14 Feb 2023 08:25:20,B,Kurikulum 2013,10805747,Negeri,SD,Pemerintah Daerah,B.234/03-SK/2021,2021-06-04,420/1393/02.SK.02/2021,2021-08-12,Tidak ada,Bank Lampung,Sukadana,SDN 2 Tambah Luhur,Bersedia Menerima,Pagi,Proses Sertifikasi,PLN,440,Smartfren,Tambah Luhur,14 / 7,IV,Tambah Luhur,Kec. Purbolinggo,Kab. Lampung Timur,Prov. Lampung,34192,-4,105,6,6,2,0,0,0,0,0,2,2,1,7,1,0,5,2,4,6,4,6,6,6,6,2,4,7,0,0,0,0,0,0,0,0,0,0,0,0,0,0,2,8,1,58,29,29,6,6,0,0,0,0,0,0,1,1,1,1,0,0,0,0,2,2,1,1,0,0,0,0,0,0,0,0,0,0,1,1,,,,,,,,,,,,,,,,,,
120712,UPTD SD NEGERI 2 TANJUNG INTEN,https://dapo.kemdikbud.go.id/sekolah/5E5468E32688730821F0,http://sekolah.data.kemdikbud.go.id/index.php/chome/profil/201f2b71-8b18-e111-8268-39e85954e1e5,20 Mar 2023 09:05:22,B,Kurikulum 2013,10805756,Negeri,SD,Pemerintah Daerah,B.234/03-SK/2021,2021-06-04,420/1393/02.SK.02/2021,2021-08-12,Tidak ada,Bank Lampung,Sukadana,SD Negeri 2 Tanjung Inten,Bersedia Menerima,Pagi,Belum Bersertifikat,PLN,900,Lainnya (Satelit),Jln. Atmowijoyo,7 / 3,Dusun 2,Tanjung Inten,Kec. Purbolinggo,Kab. Lampung Timur,Prov. Lampung,34192,-4,105,6,6,0,0,0,0,0,0,2,0,1,7,1,0,4,10,15,5,4,12,9,11,12,8,7,8,0,0,0,0,0,0,0,0,0,0,0,0,0,0,4,8,1,105,51,54,6,6,0,0,0,0,0,0,1,1,1,1,0,0,1,1,3,3,0,0,0,0,0,0,0,0,0,0,0,0,1,1,,,,,,,,,,,,,,,,,,
120712,UPTD SD NEGERI 2 TANJUNG KESUMA,https://dapo.kemdikbud.go.id/sekolah/4CF759E8B7B9D5BA74C3,http://sekolah.data.kemdikbud.go.id/index.php/chome/profil/20672b71-8b18-e111-8de8-791805b657ce,27 Mar 2023 08:28:27,B,Kurikulum 2013,10805769,Negeri,SD,Pemerintah Daerah,B.234/03-SK/2021,2021-06-04,420/1393/02.SK.02/2021,2021-08-12,Tidak ada,BPD LAMPUNG...,BPD LAMPUNG CABANG SUKADANA...,SDN2TANJUNGKESUMA...,Bersedia Menerima,Pagi,9001,PLN,2,Telkomsel Flash,Tanjung Kesuma,17 / 9,5,Tanjung Kesuma,Kec. Purbolinggo,Kab. Lampung Timur,Prov. Lampung,34192,-4,105,6,6,0,0,2,0,0,6,2,0,2,5,1,0,2,2,4,5,7,10,6,3,9,1,10,4,0,0,0,0,0,0,0,0,0,0,0,0,0,0,1,7,1,63,38,25,6,6,0,0,0,0,0,0,1,1,1,1,1,1,1,1,3,3,1,1,0,0,0,0,0,0,0,0,0,0,1,1,,,,,,,,,,,,,,,,,,
120712,UPTD SD NEGERI 2 TEGAL GONDO,https://dapo.kemdikbud.go.id/sekolah/4C5B09FD8628D1C9C864,http://sekolah.data.kemdikbud.go.id/index.php/chome/profil/e02c2571-8b18-e111-971d-8b64a6899b91,20 Mar 2023 23:09:44,B,Kurikulum 2013,10809370,Negeri,SD,Pemerintah Daerah,B.234/03-SK/2021,2021-06-04,420/1393/02.SK.02/2021,2021-08-12,Tidak ada,Bank Lampung,Sukadana,SDN 2 Tegal Gondo,Bersedia Menerima,Pagi,Belum Bersertifikat,PLN,400,Telkomsel Flash,Jl. Karso Tamin,8 / 3,3,Tegal Gondo,Kec. Purbolinggo,Kab. Lampung Timur,Prov. Lampung,34192,-4,105,6,5,0,0,0,0,0,0,2,0,3,5,0,1,2,3,3,5,5,5,5,7,7,5,6,3,0,0,0,0,0,0,0,0,0,0,0,0,0,0,13,8,1,56,28,28,9,9,1,1,0,0,0,0,0,0,1,1,0,0,1,1,1,1,1,1,0,0,0,0,0,0,0,0,0,0,2,2,,,,,,,,,,,,,,,,,,
120712,UPTD SD NEGERI 2 TEGAL YOSO,https://dapo.kemdikbud.go.id/sekolah/A407801EF92828765969,http://sekolah.data.kemdikbud.go.id/index.php/chome/profil/00452b71-8b18-e111-963d-99173855fe0a,18 Mar 2023 23:03:09,B,Kurikulum 2013,10805765,Negeri,SD,Pemerintah Daerah,B.234/03-SK/2021,2021-06-04,420/1393/02.SK.02/2021,2021-08-12,Tidak ada,BPD LAMPUNG...,BPD LAMPUNG CABANG SUKADANA...,SDN2TEGALYOSO...,Bersedia Menerima,Pagi,9001,PLN,400,Indosat Mentari,Tegal Yoso,16 / 7,V,Tegal Yoso,Kec. Purbolinggo,Kab. Lampung Timur,Prov. Lampung,34192,-4,105,6,6,0,0,1,0,0,1,2,0,3,6,0,0,8,4,2,3,6,4,5,9,6,6,12,8,0,0,0,0,0,0,0,0,0,0,0,0,0,0,5,9,0,73,39,34,6,6,1,1,0,0,0,0,1,1,1,1,1,1,1,1,8,8,1,1,0,0,0,0,1,1,0,0,0,0,6,7,,,,,,,,,,,,,,,,,,
120712,UPTD SD NEGERI 2 TOTO HARJO,https://dapo.kemdikbud.go.id/sekolah/6C66DF99F9F9188968CE,http://sekolah.data.kemdikbud.go.id/index.php/chome/profil/90ab2b71-8b18-e111-81e9-65ba33269e6c,25 Jan 2023 10:40:10,B,Kurikulum 2013,10805761,Negeri,SD,Pemerintah Daerah,B.234/03-SK/2021,2021-06-04,420/1393/02.SK.02/2021,2021-08-12,Tidak ada,BPD LAMPUNG...,BPD LAMPUNG CABANG CAB. SUKADANA...,SDN2TOTOHARJO...,Bersedia Menerima,Pagi,Belum Bersertifikat,PLN,900,Telkomsel Flash,Toto Harjo,3 / 2,Dusun I,Toto Harjo,Kec. Purbolinggo,Kab. Lampung Timur,Prov. Lampung,34192,-4,105,6,5,0,0,0,0,0,1,1,0,2,5,2,0,5,3,3,2,3,3,6,0,9,5,6,7,0,0,0,0,0,0,0,0,0,0,0,0,0,0,2,7,2,52,32,20,6,6,1,1,0,0,0,0,1,1,1,1,0,0,1,1,4,4,0,0,0,0,0,0,0,0,0,0,0,0,1,1,,,,,,,,,,,,,,,,,,
120712,UPTD SD NEGERI 3 TAMAN ASRI,https://dapo.kemdikbud.go.id/sekolah/90A003072C6DDCC6AB37,http://sekolah.data.kemdikbud.go.id/index.php/chome/profil/f0f02b71-8b18-e111-aa98-d7673053c1c8,30 Mar 2023 22:43:45,B,Kurikulum 2013,10805646,Negeri,SD,Pemerintah Daerah,B.234/03-SK/2021,2021-06-04,420/1393/02.SK.02/2021,2021-08-12,Tidak ada,BPD LAMPUNG...,BPD LAMPUNG CABANG SUKADANA...,SDN3TAMANASRI...,Bersedia Menerima,Pagi,Belum Bersertifikat,PLN,720,Lainnya,Taman Asri,19 / 8,IV,Taman Asri,Kec. Purbolinggo,Kab. Lampung Timur,Prov. Lampung,34192,-5,105,6,4,2,2,0,0,2,0,2,0,2,5,2,1,8,5,10,7,6,7,13,11,6,12,9,12,0,0,0,0,0,0,0,0,0,0,0,0,0,0,5,7,3,106,52,54,6,6,0,0,0,0,0,0,1,1,1,1,0,0,0,0,3,3,1,1,0,0,0,0,0,0,0,0,0,0,2,2,,,,,,,,,,,,,,,,,,
120712,UPTD SD NEGERI 3 TAMAN BOGO,https://dapo.kemdikbud.go.id/sekolah/59AB21DAC4C5A91FCD42,http://sekolah.data.kemdikbud.go.id/index.php/chome/profil/001a2d71-8b18-e111-b05e-9dbab077f27c,19 Feb 2023 11:12:23,B,Kurikulum 2013,10805658,Negeri,SD,Pemerintah Daerah,B.234/03-SK/2021,2021-06-04,420/1393/02.SK.02/2021,2021-08-12,Tidak ada,BPD LAMPUNG...,BPD LAMPUNG CABANG SUKADANA...,SDN3TAMANBOGO...,Bersedia Menerima,Pagi,Belum Bersertifikat,PLN,900,Tidak Ada,Taman Bogo,10 / 8,,Taman Bogo,Kec. Purbolinggo,Kab. Lampung Timur,Prov. Lampung,34192,-5,105,6,6,0,0,0,0,0,1,2,0,2,7,2,0,10,8,7,5,7,5,4,1,8,3,11,5,0,0,0,0,0,0,0,0,0,0,0,0,0,0,4,9,2,74,47,27,6,6,1,1,0,0,0,0,0,0,1,1,0,0,0,0,2,2,1,1,0,0,0,0,0,0,0,0,0,0,1,1,,,,,,,,,,,,,,,,,,
120712,UPTD SD NEGERI 3 TAMAN FAJAR,https://dapo.kemdikbud.go.id/sekolah/9D06C98CED50C7CACE81,http://sekolah.data.kemdikbud.go.id/index.php/chome/profil/80142571-8b18-e111-b107-7d4a21500c96,29 Mar 2023 08:56:48,B,Kurikulum 2013,10809378,Negeri,SD,Pemerintah Daerah,B.234/03-SK/2021,2021-06-04,420/1393/02.SK.02/2021,2021-08-12,Tidak ada,BANK lAMPUNG,Sukadana,SD Negeri 3 Taman Fajar,Bersedia Menerima,Pagi,Belum Bersertifikat,PLN,900,Telkomsel Flash,Taman Fajar,1 / 1,1,Taman Pajar,Kec. Purbolinggo,Kab. Lampung Timur,Prov. Lampung,34192,-4,105,6,6,0,0,0,0,0,2,1,0,2,5,2,0,4,5,6,8,12,11,7,3,6,5,11,11,0,0,0,0,0,0,0,0,0,0,0,0,0,0,15,7,2,89,46,43,6,6,1,1,0,0,0,0,0,0,1,1,0,1,0,0,1,1,0,0,0,0,0,0,0,0,0,0,0,0,1,1,,,,,,,,,,,,,,,,,,
120712,UPTD SD NEGERI 3 TAMBAH DADI,https://dapo.kemdikbud.go.id/sekolah/D12F8B2ECFBC694088D7,http://sekolah.data.kemdikbud.go.id/index.php/chome/profil/60b72c71-8b18-e111-9aae-295c63cb6d61,21 Mar 2023 20:21:30,B,Kurikulum 2013,10805682,Negeri,SD,Pemerintah Pusat,B.234/03-SK/2021,2021-06-04,420/1393/02.SK.02/2021,2021-08-12,Tidak ada,Bank Lampung,SUKADANA,SD Negeri 3 Tambah Dadi,Bersedia Menerima,Pagi,Belum Bersertifikat,PLN,900,Tidak Ada,Tambah Dadi,12 / 6,3,Tambah Dadi,Kec. Purbolinggo,Kab. Lampung Timur,Prov. Lampung,34192,-5,105,6,6,0,0,1,0,0,1,2,0,4,5,0,1,6,9,6,5,6,12,14,7,15,6,13,16,0,0,0,0,0,0,0,0,0,0,0,0,0,0,7,9,1,115,60,55,6,6,1,1,0,0,0,0,1,1,1,1,0,0,0,0,4,4,1,1,0,0,0,0,1,1,0,0,0,0,1,1,,,,,,,,,,,,,,,,,,
120712,UPTD SD NEGERI 3 TANJUNG INTEN,https://dapo.kemdikbud.go.id/sekolah/7077275C173D6B77B6EB,http://sekolah.data.kemdikbud.go.id/index.php/chome/profil/60112c71-8b18-e111-9974-c34d2241432b,22 Feb 2023 09:06:20,B,Kurikulum 2013,10805681,Negeri,SD,Pemerintah Daerah,B.234/03-SK/2021,2021-06-04,420/1393/02.SK.02/2021,2021-08-12,Tidak ada,Bank Lampung,Sukadana,SD Negeri 3 Tanjung Inten,Bersedia Menerima,Pagi,Proses Sertifikasi,PLN,450,Telkomsel Flash,Tanjung Inten,21 / 7,4,Tanjung Inten,Kec. Purbolinggo,Kab. Lampung Timur,Prov. Lampung,34192,-4,105,6,6,0,0,0,0,0,1,3,0,2,7,0,1,8,11,3,6,9,4,1,5,7,4,5,3,0,0,0,0,0,0,0,0,0,0,0,0,0,0,7,9,1,66,33,33,6,6,1,1,0,0,0,0,1,1,1,1,1,1,1,1,5,5,2,2,0,0,1,1,0,0,0,0,0,0,1,1,,,,,,,,,,,,,,,,,,
120712,UPTD SD NEGERI 3 TANJUNG KESUMA,https://dapo.kemdikbud.go.id/sekolah/C0B15E7163AF135FF7B7,http://sekolah.data.kemdikbud.go.id/index.php/chome/profil/60d72c71-8b18-e111-91f5-a7f7ff5a8afc,27 Mar 2023 04:00:55,B,Kurikulum 2013,10805680,Negeri,SD,Pemerintah Daerah,B.234/03-SK/2021,2021-06-04,420/1393/02.SK.02/2021,2021-08-12,Tidak ada,Bank Lampung,Sukadana,SD Negeri 3 Tanjung Kesuma,Bersedia Menerima,Pagi,Belum Bersertifikat,PLN,900,Tidak Ada,Tanjung Kesuma,3 / 2,Dusun 1,Tanjung Kesuma,Kec. Purbolinggo,Kab. Lampung Timur,Prov. Lampung,34192,-4,105,6,6,0,0,0,0,0,1,2,0,3,5,0,1,6,2,3,2,4,6,7,5,6,7,3,3,0,0,0,0,0,0,0,0,0,0,0,0,0,0,3,8,1,54,29,25,6,6,1,1,0,0,0,0,1,1,1,1,1,1,0,0,4,4,2,2,0,0,0,0,0,0,0,0,0,0,1,1,,,,,,,,,,,,,,,,,,
120712,UPTD SD NEGERI 3 TEGAL YOSO,https://dapo.kemdikbud.go.id/sekolah/37C9864A4D0813027AC5,http://sekolah.data.kemdikbud.go.id/index.php/chome/profil/a03e2d71-8b18-e111-b836-d14645dd3275,20 Mar 2023 07:59:30,B,Kurikulum 2013,10805668,Negeri,SD,Pemerintah Daerah,B.234/03-SK/2021,2021-06-04,420/1393/02.SK.02/2021,2021-08-12,Tidak ada,Bank Lampung,Sukadana,SD Negeri 3 Tegal Yoso,Bersedia Menerima,Pagi,Belum Bersertifikat,PLN,900,Axis,Tegal Yoso,11 / 5,Kebumen,Tegal Yoso,Kec. Purbolinggo,Kab. Lampung Timur,Prov. Lampung,34192,-4,105,6,6,0,0,0,0,0,0,2,0,2,5,1,0,7,8,4,8,9,12,8,10,11,10,8,7,0,0,0,0,0,0,0,0,0,0,0,0,0,0,6,7,1,102,47,55,6,6,1,1,0,0,0,0,1,1,1,1,0,0,1,1,1,1,0,0,0,0,0,0,0,0,0,0,0,0,1,1,,,,,,,,,,,,,,,,,,
120712,SDIT CAHAYA PERMATA,https://dapo.kemdikbud.go.id/sekolah/C7D1AA7D2F8A6F015E16,http://sekolah.data.kemdikbud.go.id/index.php/chome/profil/27d17b6e-7512-4c16-a846-0e6f692117e7,24 Feb 2023 09:26:52,B,Kurikulum 2013,69973560,Swasta,SD,Yayasan,800/80/11.SK-03/2018,2018-01-29,800/80/11.SK-03/2018,2018-01-29,Tidak ada,Bank Lampung,Sukadana,SDIT Cahaya Permata,Bersedia Menerima,Pagi,Belum Bersertifikat,PLN,1320,Tidak Ada,Jl. Raya Way Bungur,1 / 1,1,Tanjung Kesuma,Kec. Purbolinggo,Kab. Lampung Timur,Prov. Lampung,34192,-4,105,10,9,0,0,1,0,0,0,4,0,5,13,0,2,10,8,22,21,18,16,21,21,17,15,17,23,0,0,0,0,0,0,0,0,0,0,0,0,0,0,5,18,2,209,105,104,9,9,0,0,0,0,0,0,1,1,1,1,1,1,0,0,4,4,0,0,0,0,0,0,0,0,0,0,0,0,1,1,,,,,,,,,,,,,,,,,,
120712,UPTD SMP NEGERI 1 PURBOLINGGO,https://dapo.kemdikbud.go.id/sekolah/CB431206A8110E74632E,http://sekolah.data.kemdikbud.go.id/index.php/chome/profil/a04b3075-8b18-e111-834e-fd68e687a4a7,29 Mar 2023 16:55:25,A,Kurikulum 2013,10805964,Negeri,SMP,Pemerintah Daerah,B.234/03-SK/2021,2021-06-04,420/1393/02.SK.02/2021,2021-08-12,Tidak ada,BPD LAMPUNG...,BPD LAMPUNG CABANG SUKADANA...,SMPN1PURBOLINGGO...,Bersedia Menerima,Sehari penuh (6 h/m),9001,PLN,3200,Telkomsel Flash,Jl Tanjung Inten,12 / 5,1,Tanjung Inten,Kec. Purbolinggo,Kab. Lampung Timur,Prov. Lampung,34194,-4,105,27,0,5,7,7,0,3,4,5,4,25,23,5,6,0,0,0,0,0,0,0,0,0,0,0,0,123,167,156,133,127,158,0,0,0,0,0,0,0,0,27,48,11,864,406,458,27,27,1,1,7,7,0,0,1,1,1,1,2,2,1,1,4,4,1,1,0,0,0,0,1,1,1,1,1,1,1,1,,,,,,,,,,,,,,,,,,
120712,UPTD SMP NEGERI 2 PURBOLINGGO,https://dapo.kemdikbud.go.id/sekolah/74C387314CFC01B6D065,http://sekolah.data.kemdikbud.go.id/index.php/chome/profil/10083275-8b18-e111-a840-d17446b5d817,28 Mar 2023 19:34:38,B,Kurikulum 2013,10805921,Negeri,SMP,Pemerintah Daerah,B.234/03-SK/2021,2021-06-04,420/1393/02.SK.02/2021,2021-08-12,Tidak ada,BPD LAMPUNG...,BPD LAMPUNG CABANG PEKALONGAN...,SMPN2PURBOLINGGO...,Bersedia Menerima,Pagi,Belum Bersertifikat,PLN,1200,Tidak Ada,Jl. Nusantara Raya,4 / 1,Dusun I,Taman Asri,Kec. Purbolinggo,Kab. Lampung Timur,Prov. Lampung,34192,-5,105,21,0,5,5,4,0,2,3,7,4,10,26,7,4,0,0,0,0,0,0,0,0,0,0,0,0,116,105,117,103,125,95,0,0,0,0,0,0,0,0,26,36,11,661,358,303,27,21,2,1,6,4,0,0,2,1,3,2,1,1,1,1,12,8,3,1,0,0,1,1,3,1,3,1,1,2,1,23,,,,,,,,,,,,,,,,,,
120712,SMP AL QURAN AL HUSNA IBNU ROMLY,https://dapo.kemdikbud.go.id/sekolah/6679632588F3B703300C,http://sekolah.data.kemdikbud.go.id/index.php/chome/profil/2847064b-32d1-47ec-b4c1-22fb135f77aa,26 Mar 2023 12:01:04,,Kurikulum 2013,70013736,Swasta,SMP,Yayasan,420/011/PENDIDIKANFORMAL/18-SK/2021,2021-09-21,420/1572/03.SK-03/2021,2021-09-22,Tidak ada,,,,Bersedia Menerima,Pagi,Belum Bersertifikat,PLN,7700,Lainnya,Jl. Kesuma Dharma Dusun 2,5 / 4,Tanjung Kesuma,Tanjung Kesuma,Kec. Purbolinggo,Kab. Lampung Timur,Prov. Lampung,34192,-4,105,2,0,1,1,1,0,1,1,1,1,4,4,1,1,0,0,0,0,0,0,0,0,0,0,0,0,15,13,6,19,0,0,0,0,0,0,0,0,0,0,9,8,2,53,21,32,2,2,1,1,1,1,0,0,1,1,1,1,0,0,0,0,1,1,0,0,0,0,0,0,0,0,0,0,0,0,3,5,,,,,,,,,,,,,,,,,,
120712,SMP ISLAM PURBOLINGGO,https://dapo.kemdikbud.go.id/sekolah/C350DFAD3A0175E697AB,http://sekolah.data.kemdikbud.go.id/index.php/chome/profil/a0b08275-8b18-e111-83b5-9d659b9c03b0,21 Mar 2023 08:57:40,B,Kurikulum 2013,10806066,Swasta,SMP,Yayasan,1538/12.B1/U/1989,1989-08-21,018/C/KEP/I.1983,1983-02-23,Tidak ada,BPD LAMPUNG...,BPD LAMPUNG CABANG SUKADANA...,SMPISLAMPURBOLINGGO...,Bersedia Menerima,Pagi,Belum Bersertifikat,PLN,2200,Tidak Ada,Jl.KH.Hasyim Asyari,3 / 1,1,Taman Pajar,Kec. Purbolinggo,Kab. Lampung Timur,Prov. Lampung,34193,-4,105,6,0,1,2,2,0,1,1,4,3,1,9,4,0,0,0,0,0,0,0,0,0,0,0,0,0,27,26,25,20,25,16,0,0,0,0,0,0,0,0,10,10,4,139,77,62,8,8,1,1,2,2,0,0,1,1,1,1,1,1,1,1,3,3,1,1,0,0,0,0,1,1,1,1,1,1,9,9,,,,,,,,,,,,,,,,,,
120712,SMP MUHAMMADIYAH 1 PURBOLINGGO,https://dapo.kemdikbud.go.id/sekolah/2AE43BD666C7C1060BD6,http://sekolah.data.kemdikbud.go.id/index.php/chome/profil/a0407f75-8b18-e111-a8ce-edc20a15e331,30 Mar 2023 11:13:08,B,Kurikulum 2013,10806054,Swasta,SMP,Yayasan,4149 / II - 26 / LP- 78 /1983,1983-09-07,1890/I.12.B1/U/1991,1991-03-04,Tidak ada,BANK LAMPUNG,SUKADANA,SMP MUHAMMADIYAH I PURBOLINGGO,Bersedia Menerima,Pagi,Belum Bersertifikat,PLN,2200,Tidak Ada,Jl. K.H.A.Dahlan No. 1 Toto Harjo,2 / 4,TOTO HARJO,Toto Harjo,Kec. Purbolinggo,Kab. Lampung Timur,Prov. Lampung,34192,-4,105,4,0,1,2,3,0,1,1,2,1,7,5,3,1,0,0,0,0,0,0,0,0,0,0,0,0,14,10,23,7,25,11,0,0,0,0,0,0,0,0,16,12,4,90,62,28,13,13,1,1,2,2,0,0,1,1,1,1,2,2,1,1,4,4,1,1,0,0,1,1,1,1,2,2,0,0,1,1,,,,,,,,,,,,,,,,,,
120712,SMAN 1 PURBOLINGGO,https://dapo.kemdikbud.go.id/sekolah/1B16F1B6DCBBD75C2FD0,http://sekolah.data.kemdikbud.go.id/index.php/chome/profil/fafd3c20-e694-437b-9589-9130e548d016,21 Mar 2023 21:56:47,A,Kurikulum 2013,10806095,Negeri,SMA,Pemerintah Daerah,0363/0/1991,1991-06-20,0363/0/1991,1991-06-20,Tidak ada,BPD LAMPUNG...,BPD LAMPUNG CABANG SUKADANA...,SMAN1PURBOLINGGO...,Bersedia Menerima,Sehari penuh (5 h/m),Belum Bersertifikat,PLN,40000,Smartfren,JL.KIHAJAR DEWANTORO KM.2,21 / 7,7,Tanjung Inten,Kec. Purbolinggo,Kab. Lampung Timur,Prov. Lampung,34192,-4,105,28,0,9,5,4,4,3,3,5,5,25,30,14,7,0,0,0,0,0,0,0,0,0,0,0,0,0,0,0,0,0,0,140,216,120,187,117,206,0,0,27,55,21,986,377,609,28,28,1,1,4,4,0,0,1,1,1,1,1,1,1,1,4,4,1,1,0,0,1,1,1,1,1,1,1,1,21,21,,,,,,,,,,,,,,,,,,
120712,SMAS MA ARIF NU 5 PURBOLINGGO,https://dapo.kemdikbud.go.id/sekolah/C84DC7D23D311AB5F2A4,http://sekolah.data.kemdikbud.go.id/index.php/chome/profil/424424ba-341b-4c4a-b623-564989c276d6,30 Mar 2023 13:49:57,A,Kurikulum 2013,60728552,Swasta,SMA,Yayasan,1135/1.12.B1./U/1990,1986-07-01,1135/1.12.B1./U/1990,1986-07-01,Tidak ada,BANK LAMPUNG,SUKADANA,SMA MAARIF NU 5 PURBOLINGGO,Bersedia Menerima,Pagi,Belum Bersertifikat,PLN,32000,Smartfren,JL. Dr. SUSILO,26 / 5,5,Tanjung Inten,Kec. Purbolinggo,Kab. Lampung Timur,Prov. Lampung,34192,-4,105,13,0,7,3,4,4,2,3,4,3,18,14,6,4,0,0,0,0,0,0,0,0,0,0,0,0,0,0,0,0,0,0,51,55,90,60,75,64,0,0,16,32,10,395,216,179,18,18,2,2,4,4,0,0,2,2,3,3,1,1,1,1,4,4,1,1,0,0,0,0,2,2,2,2,1,1,5,5,,,,,,,,,,,,,,,,,,
120712,SMAS MUHAMMADIYAH PURBOLINGGO,https://dapo.kemdikbud.go.id/sekolah/BF297990B93C3C348C3D,http://sekolah.data.kemdikbud.go.id/index.php/chome/profil/3a118008-6146-49f6-a0eb-72830add7660,16 Feb 2023 11:17:04,A,Kurikulum 2013,10805983,Swasta,SMA,Yayasan,1889/I.12.B1/U/1991,1991-07-10,2817/V.01/DP.1C/2019,2019-10-28,Tidak ada,BANK LAMPUNG,SUKADANA,SMA MUHAMMADIYAH 1 PURBOLINGGO,Bersedia Menerima,Pagi,Belum Bersertifikat,PLN,1000,Smartfren,JL. RAWA PATAH NO 34,9 / 6,DUSUN III TOTO HARJO,Toto Harjo,Kec. Purbolinggo,Kab. Lampung Timur,Prov. Lampung,34192,-4,105,8,0,4,2,2,2,2,2,3,3,8,16,2,0,0,0,0,0,0,0,0,0,0,0,0,0,0,0,0,0,0,0,36,41,23,24,37,31,0,0,8,24,2,192,96,96,15,15,1,1,3,3,0,0,1,1,1,1,1,1,1,1,3,3,0,0,0,0,1,1,1,1,2,2,1,1,1,1,,,,,,,,,,,,,,,,,,
120712,SMK NEGERI 1 PURBOLINGGO,https://dapo.kemdikbud.go.id/sekolah/5CEAE95CF92EE2B576E3,http://sekolah.data.kemdikbud.go.id/index.php/chome/profil/908f0b0a-784a-406e-8880-99946251fd51,27 Mar 2023 10:16:32,,Kurikulum 2013,70002717,Negeri,SMK,Pemerintah Daerah,4210/2551/V.01/DP.3B/2019,2019-10-01,463/7358/A 0000466/V.16/2020,2020-07-08,Tidak ada,nama_bank,cabang,rek_atas_nama,Bersedia Menerima,Kombinasi,Proses Sertifikasi,PLN,900,Telkomsel Flash,"Jl. Kelapa Sawit, Dusun IV",10 / 4,Dusun IV,Tegal Gondo,Kec. Purbolinggo,Kab. Lampung Timur,Prov. Lampung,34192,-4,105,11,0,0,0,0,0,0,0,1,0,8,12,7,3,0,0,0,0,0,0,0,0,0,0,0,0,0,0,0,0,0,0,50,24,48,21,50,37,0,0,7,20,10,230,148,82,4,4,0,0,0,0,0,0,1,1,2,2,1,1,0,0,8,8,0,0,0,0,0,0,1,1,0,0,0,0,5,5,,,,,,,,,,,,,,,,,,
120712,SMKS BUDI BHAKTI 3 PURBOLINGGO,https://dapo.kemdikbud.go.id/sekolah/72DD68054FFB48BB509B,http://sekolah.data.kemdikbud.go.id/index.php/chome/profil/06700481-6cbb-4b8a-85f4-234b292f0f9d,07 Feb 2023 11:15:22,B,Kurikulum 2013,10814068,Swasta,SMK,Yayasan,42/YASBUTI/P4/94,1994-01-02,188/I.12.B1/U/1996,1996-09-12,Tidak ada,BANK LAMPUNG,SUKADANA,SMK Budi Bhakti 3 Purbolinggo,Tidak Bersedia Menrima,Pagi,Belum Bersertifikat,PLN,1200,Tidak Ada,JL. SIMPANG RAMAN UTARA,0 / 0,IV,Taman Cari,Kec. Purbolinggo,Kab. Lampung Timur,Prov. Lampung,34192,-4,105,2,0,0,0,0,0,0,0,1,0,6,3,2,1,0,0,0,0,0,0,0,0,0,0,0,0,0,0,0,0,0,0,0,0,4,0,10,0,0,0,3,9,3,14,14,0,5,5,1,1,6,6,0,0,1,1,1,1,0,0,1,1,3,3,1,1,1,1,1,1,1,1,1,1,1,1,2,2,,,,,,,,,,,,,,,,,,
120712,SMKS MAARIF PURBOLINGGO,https://dapo.kemdikbud.go.id/sekolah/3BA5C388F5070E3AA4A3,http://sekolah.data.kemdikbud.go.id/index.php/chome/profil/c325d601-aec3-4798-83b4-2cd0e7f2e460,23 Mar 2023 11:42:22,B,Kurikulum 2013,10806092,Swasta,SMK,Yayasan,9549/I.12.B1/U/1998,1998-01-01,9549/I.12.B1/U/1998,1998-06-29,Tidak ada,BANK LAMPUNG,SUKADANA,SMK MAARIF NU 1 PURBOLINGGO,Bersedia Menerima,Pagi,Belum Bersertifikat,PLN,40000,3 (Tri),JALAN WAHID HASYIM NO. 01  TANJUNG INTAN PURBOLINGGO,24 / 8,1,Tanjung Inten,Kec. Purbolinggo,Kab. Lampung Timur,Prov. Lampung,34193,-4,105,49,0,6,4,5,0,4,4,4,0,34,34,2,1,0,0,0,0,0,0,0,0,0,0,0,0,0,0,0,0,0,0,284,167,288,194,265,151,0,0,7,68,3,1349,837,512,50,50,1,1,5,5,0,0,1,1,1,1,1,1,1,1,22,22,1,1,0,0,0,0,1,1,1,1,1,1,2,2,,,,,,,,,,,,,,,,,,
120712,SMKS TRI BHAKTI AL HUSNA,https://dapo.kemdikbud.go.id/sekolah/63864285DF4CC0234A0F,http://sekolah.data.kemdikbud.go.id/index.php/chome/profil/c36b1774-d3fe-4ed1-86f9-a2214f6a6c37,09 Mar 2023 10:37:21,A,Kurikulum 2013,10815078,Swasta,SMK,Yayasan,420/156/II.SK-01/2012,2012-02-14,420/156/II.SK-01/2012,2012-02-14,Tidak ada,BANK LAMPUNG,SUKADANA,SMK TRI BHAKTI AL HUSNA,Bersedia Menerima,Pagi,Belum Bersertifikat,PLN,9000,Telkomsel Flash,JL. Raya Way Bungur,5 / 4,DUSUN II,Tanjung Kesuma,Kec. Purbolinggo,Kab. Lampung Timur,Prov. Lampung,34192,-4,105,10,0,2,2,1,0,1,1,2,0,5,9,1,1,0,0,0,0,0,0,0,0,0,0,0,0,0,0,0,0,0,0,19,32,9,41,18,77,0,0,7,14,2,196,46,150,8,8,2,2,3,3,0,0,1,1,1,1,0,0,0,0,3,3,1,1,0,0,0,0,1,1,1,1,1,1,1,1,,,,,,,,,,,,,,,,,,
120712,SLB NEGERI LAMPUNG TIMUR,https://dapo.kemdikbud.go.id/sekolah/A9C2971076DFF151C9C6,http://sekolah.data.kemdikbud.go.id/index.php/chome/profil/00148a76-8b18-e111-bf2f-f13aa79d1845,27 Mar 2023 08:30:27,B,Kurikulum 2013,69772635,Negeri,SLB,Pemerintah Daerah,,2006-07-17,420/620/14-SK-03/2006,2006-07-17,"B, C1",BPD LAMPUNG...,BPD LAMPUNG CABANG SUKADANA...,SLBNEGERILAMPUNGTIMUR...,Bersedia Menerima,Sehari penuh (5 h/m),Belum Bersertifikat,PLN,0,Tidak Ada,Jl. Lintas Timur,16 / 8,Dusun IV,Tambah Dadi,Kec. Purbolinggo,Kab. Lampung Timur,Prov. Lampung,34192,-4,105,24,20,0,1,0,0,0,3,16,0,8,18,7,4,6,5,6,7,8,6,7,4,8,5,11,5,6,4,4,7,9,11,5,8,2,8,6,3,0,0,12,26,11,151,78,73,20,20,1,1,1,1,2,2,1,1,1,1,1,1,1,1,6,6,3,3,0,0,0,0,1,1,0,0,0,0,25,25,,,,,,,,,,,,,,,,,,
120712,UPTD SKB LAMPUNG TIMUR,https://dapo.kemdikbud.go.id/sekolah/9320CACA670846ACECF2,http://sekolah.data.kemdikbud.go.id/index.php/chome/profil/cdfdc383-b739-4d89-b07f-50ec6b86130f,29 Mar 2023 10:13:10,,Kurikulum 2013,P9952552,Negeri,SKB,Pemerintah Daerah,B.234/03-SK/2021,2021-06-04,420/1393/02.SK.02/2021,2021-08-12,Tidak ada,BPD LAMPUNG,SUKADANA,P9952552 UPTD SKB LAMPUNG TIMUR,Bersedia Menerima,,Belum Bersertifikat,PLN,1200,Tidak Ada,Jl. Nusantara Raya No 43 Desa Taman Asri Purbolinggo,4 / 2,Dusun 1,Taman Asri,Kec. Purbolinggo,Kab. Lampung Timur,Prov. Lampung,34192,-4,105,7,0,1,1,1,0,2,0,2,0,7,5,2,1,0,0,0,0,0,0,0,0,0,0,0,0,0,0,0,0,0,0,0,0,0,0,0,0,0,0,16,12,3,141,87,54,1,1,1,1,1,1,0,0,1,1,1,1,1,1,0,0,5,5,3,3,0,0,0,0,0,0,0,0,0,0,1,1,,,,,,,,,,,,,,,,,,
