kode_kec,nama,link_dapo,link_sekolah_kita,last_sync,akreditasi,kurikulum,npsn,status,bentuk_pendidikan,status_kepemilikan,sk_pendirian_sekolah,tanggal_sk_pendirian,sk_izin_operasional,tanggal_sk_izin_operasional,kebutuhan_khusus_dilayani,nama_bank,cabang_kcp/unit,rekening_atas_nama,status_bos,waku_penyelenggaraan,sertifikasi_iso,sumber_listrik,daya_listrik,akses_internet,alamat,rt_/_rw,dusun,desa_/_kelurahan,kecamatan,kabupaten,provinsi,kode_pos,lintang,bujur,rombel,guru_kelas,guru_matematika,guru_bahasa_indonesia,guru_bahasa_inggris,guru_sejarah_indonesia,guru_pkn,guru_penjaskes,guru_agama_budi_pekerti,guru_seni_budaya,ptk_laki,ptk_perempuan,pegawai_laki,pegawai_perempuan,pd_kelas_1_laki,pd_kelas_1_perempuan,pd_kelas_2_laki,pd_kelas_2_perempuan,pd_kelas_3_laki,pd_kelas_3_perempuan,pd_kelas_4_laki,pd_kelas_4_perempuan,pd_kelas_5_laki,pd_kelas_5_perempuan,pd_kelas_6_laki,pd_kelas_6_perempuan,pd_kelas_7_laki,pd_kelas_7_perempuan,pd_kelas_8_laki,pd_kelas_8_perempuan,pd_kelas_9_laki,pd_kelas_9_perempuan,pd_kelas_10_laki,pd_kelas_10_perempuan,pd_kelas_11_laki,pd_kelas_11_perempuan,pd_kelas_12_laki,pd_kelas_12_perempuan,pd_kelas_13_laki,pd_kelas_13_perempuan,jumlah_kirim,ptk,pegawai,pd,pd_laki,pd_perempuan,before_ruang_kelas,after_ruang_kelas,before_ruang_perpus,after_ruang_perpus,before_ruang_lab,after_ruang_lab,before_ruang_praktik,after_ruang_praktik,before_ruang_pimpinan,after_ruang_pimpinan,before_ruang_guru,after_ruang_guru,before_ruang_ibadah,after_ruang_ibadah,before_ruang_uks,after_ruang_uks,before_toilet,after_toilet,before_gudang,after_gudang,before_ruang_sirkulasi,after_ruang_sirkulasi,before_tempat_bermain_olahraga,after_tempat_bermain_olahraga,before_ruang_tu,after_ruang_tu,before_ruang_konseling,after_ruang_konseling,before_ruang_osis,after_ruang_osis,before_bangunan,after_bangunan,identitas_valid,ptk_valid,pd_valid,prasarana_valid,total_valid,sekolah_id,semester_id,sumber_air,sumber_air_minum,kecukupan_air_bersih,jamban_kk,tipe_jamban,jml_hari_cuci_tangan,jml_wastafel,jml_wastafel_rusak,air_mengalir_wastafel,memiliki_drainase,menguras_tangki_septik
120804,TK NEGERI SRIWIJAYA,https://dapo.kemdikbud.go.id/sekolah/E014DEBF0017B238A37E,http://sekolah.data.kemdikbud.go.id/index.php/chome/profil/c8e94ec0-8aa5-4db4-b8e0-ec4d8f582a6c,30 Mar 2023 17:31:04,C,Kurikulum 2013,10816206,Negeri,TK,Pemerintah Daerah,,,11/TAHUN2012,,Tidak ada,BPD LAMPUNG,BARADATU,10816206 TK NEGERI SRIWIJAYA,Bersedia Menerima,Sehari penuh (5 h/m),Belum Bersertifikat,PLN,220,Tidak Ada,JL. NEGERI AGUNG SRIWIJAYA,1 / 1,SATU,SRIWIJAYA,Kec. Blambangan Umpu,Kab. Way Kanan,Prov. Lampung,34764,0,0,3,5,0,0,0,0,0,0,0,0,0,4,0,3,0,0,0,0,0,0,0,0,0,0,0,0,0,0,0,0,0,0,0,0,0,0,0,0,0,0,6,4,3,54,28,26,3,3,0,0,0,0,0,0,0,0,1,1,0,0,0,0,1,1,1,1,0,0,0,0,0,0,0,0,0,0,1,1,,,,,,,,,,,,,,,,,,
120804,TKN PEMBINA BLAMBANGAN UMPU,https://dapo.kemdikbud.go.id/sekolah/97FF695E4BBD71BE961D,http://sekolah.data.kemdikbud.go.id/index.php/chome/profil/845da03c-6535-4149-9903-9936e60377fd,07 Mar 2023 02:13:30,B,Kurikulum 2013,10814196,Negeri,TK,Pemerintah Daerah,24,2010-10-29,24 TAHUN 2010,2010-10-29,Tidak ada,BPD LAMPUNG,BARADATU,10814196 TKN PEMBINA BLAMBANGAN UMPU,Bersedia Menerima,Pagi,Proses Sertifikasi,PLN,900,Tidak Ada,"JL. RADIN JAMBAT, BLAMBANGAN UMPU",0 / 0,Blambangan Umpu,Blambangan Umpu,Kec. Blambangan Umpu,Kab. Way Kanan,Prov. Lampung,34764,0,0,3,3,0,0,0,0,0,0,0,0,0,10,0,1,0,0,0,0,0,0,0,0,0,0,0,0,0,0,0,0,0,0,0,0,0,0,0,0,0,0,16,10,1,55,32,23,5,5,0,0,0,0,0,0,1,1,0,0,0,0,1,1,3,3,1,1,0,0,0,0,0,0,0,0,0,0,5,5,,,,,,,,,,,,,,,,,,
120804,TK AL HIDAYAH,https://dapo.kemdikbud.go.id/sekolah/23BC3BD926D4F8388722,http://sekolah.data.kemdikbud.go.id/index.php/chome/profil/7eaa4121-bc7c-44d7-8301-491cf52f68da,25 Mar 2023 03:22:12,,Kurikulum 2013,69784928,Swasta,TK,Yayasan,025 /YAH / IX / 2009,2009-09-16,420/51/III.01-WK/2010,2010-05-05,Tidak ada,BPD LAMPUNG,BARADATU,69784928 TK AL HIDAYAH,Bersedia Menerima,Pagi,Belum Bersertifikat,PLN,900,Indosat IM3,JL. BETUNG BARU PANCA NEGERI,1 / 1,Panca Negeri,Panca Negeri,Kec. Blambangan Umpu,Kab. Way Kanan,Prov. Lampung,34764,-4,104,1,3,0,0,0,0,0,0,0,0,0,3,0,0,0,0,0,0,0,0,0,0,0,0,0,0,0,0,0,0,0,0,0,0,0,0,0,0,0,0,8,3,0,25,14,11,1,1,0,0,0,0,0,0,0,0,1,1,0,0,0,0,2,2,1,1,0,0,0,0,0,0,0,0,0,0,1,1,,,,,,,,,,,,,,,,,,
120804,TK BELIA,https://dapo.kemdikbud.go.id/sekolah/7C79AFE81D242C711267,http://sekolah.data.kemdikbud.go.id/index.php/chome/profil/225b0c1b-fc06-4d8a-ae61-77ebb9b8e144,15 Feb 2023 22:05:06,,Kurikulum 2013,69902793,Swasta,TK,Yayasan,420/20/07/III.01.TK/GB/20,2007-05-11,420/048/III.01/2008,2008-03-03,Tidak ada,BPD LAMPUNG,BARADATU,69902793 TK BELIA,Bersedia Menerima,Pagi,Belum Bersertifikat,PLN,450,Telkomsel Flash,JL. OKA RUKANDA,4 / 4,karya jaya,Gedung Batin,Kec. Blambangan Umpu,Kab. Way Kanan,Prov. Lampung,34764,-5,114,2,2,0,0,0,0,0,0,0,0,0,2,0,1,0,0,0,0,0,0,0,0,0,0,0,0,0,0,0,0,0,0,0,0,0,0,0,0,0,0,2,2,1,20,12,8,2,2,0,0,0,0,0,0,0,0,0,0,0,0,1,1,1,1,0,0,0,0,0,0,0,0,0,0,0,0,1,1,,,,,,,,,,,,,,,,,,
120804,TK BETIK HATI,https://dapo.kemdikbud.go.id/sekolah/8C5688DD5B51F82253CF,http://sekolah.data.kemdikbud.go.id/index.php/chome/profil/fa451835-5514-4e83-9c92-98b8d100ba36,24 Mar 2023 00:35:48,C,Kurikulum 2013,69780680,Swasta,TK,Yayasan,TK BETIK HATI,2006-06-10,420/043/III.01/2007,2019-09-16,Tidak ada,BPD LAMPUNG,BARADATU,69780680 TK BETIK HATI,Bersedia Menerima,Pagi,Proses Sertifikasi,PLN,900,Telkomsel Flash,LINTAS SUMATRA KM 212,3 / 3,TANJUNG AGUNG,Gunung Sangkaran,Kec. Blambangan Umpu,Kab. Way Kanan,Prov. Lampung,34564,0,0,2,2,0,0,0,0,0,0,0,0,0,2,0,2,0,0,0,0,0,0,0,0,0,0,0,0,0,0,0,0,0,0,0,0,0,0,0,0,0,0,3,2,2,35,21,14,2,3,0,0,0,0,0,0,0,0,0,0,0,0,0,0,1,1,0,0,0,0,0,0,0,0,0,0,0,0,1,4,,,,,,,,,,,,,,,,,,
120804,TK Bina Insani,https://dapo.kemdikbud.go.id/sekolah/1D97297B1C6B1DBB762E,http://sekolah.data.kemdikbud.go.id/index.php/chome/profil/60fd898f-9997-4b7b-a88f-645421f01215,31 Mar 2023 10:26:46,B,Kurikulum 2013,69788748,Swasta,TK,Yayasan,Nomor AHU-0008372.AH.01.04. Tahun 2020,2020-05-18,420/00012/15/IV.17-WK.6/VI.2022,2022-06-23,Tidak ada,BPD LAMPUNG,BARADATU,69788748 TK BINA INSANI,Bersedia Menerima,Pagi,Belum Bersertifikat,,600,Telkom Speedy,Let Jen Alamsyah,1 / 14,Purwodadi,NEGERI BATIN,Kec. Blambangan Umpu,Kab. Way Kanan,Prov. Lampung,35145,-4,104,2,3,0,0,0,0,0,0,0,0,0,3,0,1,0,0,0,0,0,0,0,0,0,0,0,0,0,0,0,0,0,0,0,0,0,0,0,0,0,0,5,3,1,36,17,19,2,2,0,0,0,0,0,0,0,0,0,0,0,0,0,0,1,1,0,0,0,0,0,0,0,0,0,0,0,0,1,1,,,,,,,,,,,,,,,,,,
120804,TK BUDI LUHUR,https://dapo.kemdikbud.go.id/sekolah/12E854F42E62F0FBCE2B,http://sekolah.data.kemdikbud.go.id/index.php/chome/profil/95205ac4-db12-4cf5-9758-d5b0b5dbd118,24 Mar 2023 23:02:06,C,Kurikulum 2013,10814138,Swasta,TK,Yayasan,001/KPTS/YPBL/VII/2005,2005-07-05,420/146/III.04/2005,2005-08-08,Tidak ada,BPD LAMPUNG,BARADATU,10814138 TK BUDI LUHUR,Bersedia Menerima,Pagi,Proses Sertifikasi,PLN,900,Telkomsel Flash,Jl. Abdi Negara RT/RW. 07/001 No. 06,7 / 1,Umpu Bhakti,Umpu Bakti,Kec. Blambangan Umpu,Kab. Way Kanan,Prov. Lampung,34564,0,0,3,3,0,0,0,0,0,0,0,0,1,1,1,1,0,0,0,0,0,0,0,0,0,0,0,0,0,0,0,0,0,0,0,0,0,0,0,0,0,0,3,2,2,64,33,31,3,4,0,0,0,0,0,0,0,0,0,0,0,0,0,0,0,0,0,0,0,0,0,0,0,0,0,0,0,0,2,8,,,,,,,,,,,,,,,,,,
120804,TK Ceria Harapan,https://dapo.kemdikbud.go.id/sekolah/5F9F2C7037AAF07D47F5,http://sekolah.data.kemdikbud.go.id/index.php/chome/profil/978972c0-ab4b-4dee-8cff-e4c5936b3104,27 Mar 2023 22:49:15,,Kurikulum 2013,69876074,Swasta,TK,Yayasan,,,420/62/III.01-WK/2009,,Tidak ada,BPD LAMPUNG,BARADATU,69876074 TK CERIA HARAPAN,Bersedia Menerima,Pagi,Proses Sertifikasi,PLN,1200,Smartfren,Sangkaran Bhakti,3 / 1,sangkaran bhakti,BLAMBANGAN UMPU,Kec. Blambangan Umpu,Kab. Way Kanan,Prov. Lampung,34764,0,0,3,3,0,0,0,0,0,0,0,0,0,2,0,1,0,0,0,0,0,0,0,0,0,0,0,0,0,0,0,0,0,0,0,0,0,0,0,0,0,0,4,2,1,37,20,17,2,2,1,1,0,0,0,0,1,1,2,2,0,0,0,0,1,1,1,1,0,0,0,0,0,0,0,0,0,0,1,2,,,,,,,,,,,,,,,,,,
120804,TK DHARMA WANITA UMPU KENCANA,https://dapo.kemdikbud.go.id/sekolah/A9057703529DD95817B6,http://sekolah.data.kemdikbud.go.id/index.php/chome/profil/b54e31a2-2682-42e9-8d37-1d659629542b,25 Mar 2023 11:50:49,B,Kurikulum 2013,10814158,Swasta,TK,Yayasan,420/01/111.01.TK.DW/UK/2003,2003-07-17,9120108922555,2019-09-25,Tidak ada,BPD LAMPUNG,BARADATU,10814158 TK DHARMA WANITA UMPU KENCANA,Bersedia Menerima,Pagi,Belum Bersertifikat,PLN,900,Smartfren,UMPU KENCANA,5 / 2,Sri Mulyo,Umpu Kencana,Kec. Blambangan Umpu,Kab. Way Kanan,Prov. Lampung,34711,-4,104,4,4,0,0,0,0,0,0,0,0,0,3,0,1,0,0,0,0,0,0,0,0,0,0,0,0,0,0,0,0,0,0,0,0,0,0,0,0,0,0,5,3,1,57,25,32,4,4,0,0,0,0,0,0,0,0,1,1,0,0,0,0,1,1,0,0,0,0,0,0,0,0,0,0,0,0,1,3,,,,,,,,,,,,,,,,,,
120804,TK GAMES-C PLUS,https://dapo.kemdikbud.go.id/sekolah/BA0492C9C1E33EBC760D,http://sekolah.data.kemdikbud.go.id/index.php/chome/profil/4e7327b6-af9c-4704-834c-955504b4e4bd,30 Nov 2022 19:23:08,,Kurikulum 2013,69969522,Swasta,TK,Yayasan,05/GAMES-C/LBS/VII/2017,2017-07-01,220004371703,2020-03-10,Tidak ada,BPD LAMPUNG,BARADATU,69969522 TK GAMES C PLUS,,,,,,,JL. Mayjen Ryacudu KM 5,/,,Blambangan Umpu,Kec. Blambangan Umpu,Kab. Way Kanan,Prov. Lampung,34764,-4,104,0,0,0,0,0,0,0,0,0,0,1,3,1,1,0,0,0,0,0,0,0,0,0,0,0,0,0,0,0,0,0,0,0,0,0,0,0,0,0,0,0,4,2,0,0,0,3,0,0,0,0,0,0,0,1,0,1,0,0,0,0,0,2,0,0,0,0,0,0,0,0,0,0,0,0,0,1,1,,,,,,,,,,,,,,,,,,
120804,TK IKI PTP.N VII BLAMBANGAN UMPU,https://dapo.kemdikbud.go.id/sekolah/5F58CF3C1A19ADECE25E,http://sekolah.data.kemdikbud.go.id/index.php/chome/profil/71f21e31-aa38-4ef6-8d6f-f4341223ba63,20 Feb 2023 15:28:13,B,Kurikulum 2013,10814163,Swasta,TK,Yayasan,BAPU/DW/I/12/1989,1989-07-17,326/1.12.4.F/L/1999,1999-03-12,Tidak ada,BPD LAMPUNG,BARADATU,10814163 TK IKI PTPN VII BLAMBANGAN UMPU,Bersedia Menerima,Pagi,Belum Bersertifikat,PLN,1300,Telkom Speedy,JL. RYACUDU KM 8 BLAMBANGAN UMPU,0 / 8,Dusun Km. VIII,Blambangan Umpu,Kec. Blambangan Umpu,Kab. Way Kanan,Prov. Lampung,34564,0,0,5,8,0,0,0,0,0,0,0,0,0,8,0,1,0,0,0,0,0,0,0,0,0,0,0,0,0,0,0,0,0,0,0,0,0,0,0,0,0,0,2,8,1,77,43,34,5,5,0,0,0,0,0,0,0,0,1,1,0,0,0,0,2,2,0,0,0,0,0,0,0,0,0,0,0,0,1,1,,,,,,,,,,,,,,,,,,
120804,TK ISLAM AR RIDHO,https://dapo.kemdikbud.go.id/sekolah/F9BBE827B953C35E989B,http://sekolah.data.kemdikbud.go.id/index.php/chome/profil/dd7ed243-8be0-4fa6-957c-d5536b95e50a,19 Feb 2023 09:01:58,B,Kurikulum 2013,10814134,Swasta,TK,Yayasan,15,2004-08-30,420/001/III.01/2004,2004-10-20,Tidak ada,BPD LAMPUNG,BARADATU,10814134 TK ISLAM AR RIDHO,Bersedia Menerima,Pagi,Belum Bersertifikat,PLN,900,Telkomsel Flash,BUMI RATU,1 / 3,Bumiratu,Bumi Ratu,Kec. Blambangan Umpu,Kab. Way Kanan,Prov. Lampung,34764,-5,114,4,4,0,0,0,0,0,0,0,0,0,4,1,1,0,0,0,0,0,0,0,0,0,0,0,0,0,0,0,0,0,0,0,0,0,0,0,0,0,0,3,4,2,36,24,12,4,4,0,0,0,0,0,0,0,0,1,1,1,1,0,0,4,4,1,1,0,0,0,0,0,0,0,0,0,0,6,6,,,,,,,,,,,,,,,,,,
120804,TK ISLAM NURUL FALAH,https://dapo.kemdikbud.go.id/sekolah/031BBB7169D36363D88A,http://sekolah.data.kemdikbud.go.id/index.php/chome/profil/de45ba45-1fe2-4602-8387-1eceaadd2aca,03 Oct 2022 06:15:39,C,Kurikulum 2013,69952570,Swasta,TK,Yayasan,101/YPP-NF/UB/2015,2015-07-20,421.1/53/III.01-Kpts/2016,2016-07-20,Tidak ada,BPD LAMPUNG,BARADATU,69952570 TK ISLAM NURUL FALAH,,,,,,,RT 003 RK 002,3 / 2,Dusun 2,Umpu Bakti,Kec. Blambangan Umpu,Kab. Way Kanan,Prov. Lampung,34764,-4,104,0,0,0,0,0,0,0,0,0,0,0,4,0,1,0,0,0,0,0,0,0,0,0,0,0,0,0,0,0,0,0,0,0,0,0,0,0,0,0,0,0,4,1,0,0,0,4,0,0,0,0,0,0,0,1,0,1,0,0,0,1,0,2,0,1,0,0,0,0,0,1,0,0,0,0,0,3,3,,,,,,,,,,,,,,,,,,
120804,TK KARTINI GEDUNG BATIN,https://dapo.kemdikbud.go.id/sekolah/98FBC7A3539E421A092F,http://sekolah.data.kemdikbud.go.id/index.php/chome/profil/3551f6e7-1113-4482-b7fd-dd2e93f1f20b,12 Feb 2023 17:56:20,,Kurikulum 2013,10814167,Swasta,TK,Yayasan,,,,,Tidak ada,BPD LAMPUNG,BARADATU,10814167 TK KARTINI GEDUNG BATIN,Bersedia Menerima,Pagi,Belum Bersertifikat,PLN,450,Telkomsel Flash,GEDUNG BATIN,1 / 1,WAYLIMAU,GEDUNG BATIN,Kec. Blambangan Umpu,Kab. Way Kanan,Prov. Lampung,34764,0,0,2,2,0,0,0,0,0,0,0,0,0,1,0,1,0,0,0,0,0,0,0,0,0,0,0,0,0,0,0,0,0,0,0,0,0,0,0,0,0,0,2,1,1,22,11,11,1,1,0,0,0,0,0,0,0,0,0,0,0,0,0,0,1,1,0,0,0,0,0,0,0,0,0,0,0,0,1,1,,,,,,,,,,,,,,,,,,
120804,TK KASIH IBU,https://dapo.kemdikbud.go.id/sekolah/D3B77FF64E48F985ADFE,http://sekolah.data.kemdikbud.go.id/index.php/chome/profil/004dc333-8739-4ed2-9053-e1d680f335dc,17 Feb 2023 10:10:55,,Kurikulum 2013,69952979,Swasta,TK,Yayasan,03/TK-KI/2013,2013-07-27,420/51/III.01-WK/2014,2014-07-14,Tidak ada,BPD LAMPUNG,BARADATU,69952979 TK KASIH IBU,Bersedia Menerima,Pagi,9001,PLN,900,Telkomsel Flash,Jl. Simpang 4 Dusun Bambu Kuning,3 / 1,Bambu Kuning,Negeri Bumi Putra,Kec. Blambangan Umpu,Kab. Way Kanan,Prov. Lampung,34711,-4,104,2,2,0,0,0,0,0,0,0,0,0,1,0,1,0,0,0,0,0,0,0,0,0,0,0,0,0,0,0,0,0,0,0,0,0,0,0,0,0,0,4,1,1,42,24,18,2,2,0,0,0,0,0,0,0,0,0,0,0,0,0,0,1,1,0,0,0,0,0,0,0,0,0,0,0,0,1,1,,,,,,,,,,,,,,,,,,
120804,TK Miftahul Ikhlas,https://dapo.kemdikbud.go.id/sekolah/A14C4DBA3A0D3EC8D585,http://sekolah.data.kemdikbud.go.id/index.php/chome/profil/2db71328-4ba6-4e05-b04d-d242b6ab7694,16 Feb 2023 13:46:00,C,Kurikulum 2013,69876073,Swasta,TK,Yayasan,240/02/SK/YAMI/NB/2007,2007-05-04,420/042/III.01/2007,2007-05-01,Tidak ada,BPD LAMPUNG,BARADATU,69876073 TK MIFTAHUL IKHLAS,Bersedia Menerima,Pagi,9001,PLN,900,Telkomsel Flash,JL. LINTAS SUMATERA NO. 146 RT.01 RW.01,1 / 1,NEGERI BARU,Negeri Baru,Kec. Blambangan Umpu,Kab. Way Kanan,Prov. Lampung,34711,-4,104,3,3,0,0,0,0,0,0,0,0,0,3,0,1,0,0,0,0,0,0,0,0,0,0,0,0,0,0,0,0,0,0,0,0,0,0,0,0,0,0,6,3,1,63,37,26,3,3,0,0,0,0,0,0,0,0,1,1,1,1,0,0,2,2,0,0,0,0,0,0,0,0,0,0,0,0,1,1,,,,,,,,,,,,,,,,,,
120804,TK MUTIARA BUNDA,https://dapo.kemdikbud.go.id/sekolah/2446044168445E3DA1B8,http://sekolah.data.kemdikbud.go.id/index.php/chome/profil/b2b317aa-bebe-4a50-86c5-9b42c6baa16b,14 Mar 2023 12:51:22,,Kurikulum 2013,10816197,Swasta,TK,Yayasan,141/001/SPKK/TRS/VII/2007,2007-07-16,420/062/III.01/2020,2008-03-03,Tidak ada,BPD LAMPUNG,BARADATU,10816197 TK MUTIARA BUNDA,Bersedia Menerima,Pagi,9001,,1200,Telkomsel Flash,RT 04 Tanjung Raja Sakti,2 / 3,TANJUNG RAJA SAKTI,Tanjung Raja Sakti,Kec. Blambangan Umpu,Kab. Way Kanan,Prov. Lampung,34764,0,0,2,3,0,0,0,0,0,0,0,0,0,2,0,1,0,0,0,0,0,0,0,0,0,0,0,0,0,0,0,0,0,0,0,0,0,0,0,0,0,0,5,2,1,44,19,25,2,2,0,0,0,0,0,0,0,0,3,3,0,0,0,0,2,2,0,0,0,0,0,0,0,0,0,0,0,0,1,2,,,,,,,,,,,,,,,,,,
120804,TK RADEN INTAN,https://dapo.kemdikbud.go.id/sekolah/C06A1287CF83E229956A,http://sekolah.data.kemdikbud.go.id/index.php/chome/profil/5284a9a1-bcd7-4525-b4f2-6f710b169e09,07 Mar 2023 16:35:27,C,Kurikulum 2013,10814187,Swasta,TK,Yayasan,01/YPBP/TK-RI/KRU/2001,2001-06-01,9120212170259,2019-11-05,Tidak ada,BPD LAMPUNG,BARADATU,10814187 TK RADEN INTAN,Bersedia Menerima,Sehari penuh (5 h/m),Proses Sertifikasi,PLN,900,Tidak Ada,Jl. Lintas Sumatera Km. 205 RT. 001 RW. 007,1 / 1,Dusun 01,Karang Umpu,Kec. Blambangan Umpu,Kab. Way Kanan,Prov. Lampung,34764,0,0,2,2,0,0,0,0,0,0,0,0,0,3,0,1,0,0,0,0,0,0,0,0,0,0,0,0,0,0,0,0,0,0,0,0,0,0,0,0,0,0,6,3,1,31,15,16,1,1,0,0,0,0,0,0,1,1,0,0,0,0,0,0,1,1,0,0,0,0,0,0,0,0,0,0,0,0,1,1,,,,,,,,,,,,,,,,,,
120804,TK TUNAS BANGSA,https://dapo.kemdikbud.go.id/sekolah/1140D14C64B9E2594599,http://sekolah.data.kemdikbud.go.id/index.php/chome/profil/85b7fecc-e71b-407d-99e1-4bb4c8e0822a,27 Feb 2023 04:24:52,B,Kurikulum 2013,10816205,Swasta,TK,Yayasan,01/002/TK-TB/BB2007,,420/124/III.01/2007,,Tidak ada,BPD LAMPUNG,BARADATU,10816205 TK TUNAS BANGSA,Bersedia Menerima,Pagi,Proses Sertifikasi,PLN,900,Tidak Ada,BUMI BARU,2 / 1,BUMI BARU,BUMI BARU,Kec. Blambangan Umpu,Kab. Way Kanan,Prov. Lampung,34764,0,0,5,5,0,0,0,0,0,0,0,0,0,10,0,1,0,0,0,0,0,0,0,0,0,0,0,0,0,0,0,0,0,0,0,0,0,0,0,0,0,0,9,10,1,115,59,56,5,5,0,0,0,0,0,0,0,0,1,1,0,0,0,0,1,1,0,0,0,0,0,0,0,0,0,0,0,0,2,2,,,,,,,,,,,,,,,,,,
120804,TKS AL QUDUS,https://dapo.kemdikbud.go.id/sekolah/B32D4031F05A6B29745C,http://sekolah.data.kemdikbud.go.id/index.php/chome/profil/8f340ec4-3f25-4435-89a7-ddaeb8238ab2,31 Mar 2023 22:39:37,C,Kurikulum 2013,60726138,Swasta,TK,Yayasan,420/031/III-01/2006,,420/031/III-01/2006,,Tidak ada,BPD LAMPUNG,BARADATU,60726138 TKS AL QUDUS,Bersedia Menerima,Pagi,Belum Bersertifikat,PLN,6000,Smartfren,BUMI RATU,2 / 2,Pasar Minggu,BUMI RATU,Kec. Blambangan Umpu,Kab. Way Kanan,Prov. Lampung,34764,0,0,2,2,0,0,0,0,0,0,0,0,0,2,0,1,0,0,0,0,0,0,0,0,0,0,0,0,0,0,0,0,0,0,0,0,0,0,0,0,0,0,3,2,1,34,21,13,2,2,0,0,0,0,0,0,0,0,1,1,0,0,0,0,2,2,0,0,0,0,0,0,0,0,0,0,0,0,1,1,,,,,,,,,,,,,,,,,,
120804,KB AL MUKHLIS,https://dapo.kemdikbud.go.id/sekolah/B820A04C1E47A46E82A1,http://sekolah.data.kemdikbud.go.id/index.php/chome/profil/d1c4def8-f134-46fa-ab6b-2cd2ab379e18,06 Feb 2023 09:22:12,,Kurikulum 2013,69996255,Swasta,KB,Yayasan,02/SK/YPIAM/NBO/BU/WK/2019,2019-02-27,2147483647,2019-09-05,Tidak ada,BPD LAMPUNG,BARADATU,69996255 KB AL MUKHLIS,Bersedia Menerima,Pagi,Belum Bersertifikat,PLN,900,Tidak Ada,Ds. Sri Bakti,4 / 2,SRIBAKTI,Negeri Bumi Putra,Kec. Blambangan Umpu,Kab. Way Kanan,Prov. Lampung,34764,0,0,3,3,0,0,0,0,0,0,0,0,0,3,0,1,0,0,0,0,0,0,0,0,0,0,0,0,0,0,0,0,0,0,0,0,0,0,0,0,0,0,2,3,1,57,38,19,4,4,1,1,0,0,0,0,1,1,1,1,1,1,0,0,2,2,1,1,0,0,0,0,0,0,0,0,0,0,2,10,,,,,,,,,,,,,,,,,,
120804,KB Bintang Ilmu,https://dapo.kemdikbud.go.id/sekolah/2372FE61BCD00A05BCBC,http://sekolah.data.kemdikbud.go.id/index.php/chome/profil/59a1bff0-44d8-414b-906d-efceb5045f9d,08 Feb 2023 14:26:03,,Kurikulum 2013,69876087,Swasta,KB,Yayasan,,,420/56/III.01/2011,,Tidak ada,BPD LAMPUNG,BARADATU,69876087 KB BINTANG ILMU,Bersedia Menerima,Pagi,Belum Bersertifikat,PLN,900,Telkomsel Flash,Sangkaran Bhakti,15 / 4,sangkaran bakti,BLAMBANGAN UMPU,Kec. Blambangan Umpu,Kab. Way Kanan,Prov. Lampung,34764,0,0,1,1,0,0,0,0,0,0,0,0,0,3,0,1,0,0,0,0,0,0,0,0,0,0,0,0,0,0,0,0,0,0,0,0,0,0,0,0,0,0,2,3,1,11,8,3,2,2,0,0,0,0,0,0,1,1,1,1,0,0,0,0,1,1,1,1,0,0,0,0,0,0,0,0,0,0,1,1,,,,,,,,,,,,,,,,,,
120804,KB Harapan Bangsa,https://dapo.kemdikbud.go.id/sekolah/51F0488630F7EC32DF7A,http://sekolah.data.kemdikbud.go.id/index.php/chome/profil/711bd961-8798-4350-8ace-6c7d28777be7,31 Dec 2022 23:53:42,,Kurikulum 2013,69876086,Swasta,KB,Yayasan,,,420/69/III.01/2011,,Tidak ada,BPD LAMPUNG,BARADATU,69876086 KB HARAPAN BANGSA,,,,,,,"Jl. Bhakti Abri, Sri Rejeki",1 / 2,SRI REJEKI,SRI REJEKI,Kec. Blambangan Umpu,Kab. Way Kanan,Prov. Lampung,34764,0,0,0,0,0,0,0,0,0,0,0,0,0,2,0,1,0,0,0,0,0,0,0,0,0,0,0,0,0,0,0,0,0,0,0,0,0,0,0,0,0,0,0,2,1,0,0,0,2,0,0,0,0,0,0,0,1,0,0,0,0,0,0,0,1,0,0,0,0,0,0,0,0,0,0,0,0,0,1,1,,,,,,,,,,,,,,,,,,
120804,KB NURUL ASNA,https://dapo.kemdikbud.go.id/sekolah/D2341D7D2BE7CF21BAF9,http://sekolah.data.kemdikbud.go.id/index.php/chome/profil/c620caee-7fd3-4d33-882e-daa4b2f50b89,18 Feb 2023 17:21:02,,Kurikulum 2013,69984114,Swasta,KB,Yayasan,001/P-YPA/V/2018,2018-05-25,421.1/68.b/IV.01/2018,2018-08-13,Tidak ada,BPD LAMPUNG,BARADATU,69984114 KB NURUL ASNA,Bersedia Menerima,Pagi,Belum Bersertifikat,,440,Telkom Speedy,Sidoarjo,2 / 3,SIDOARJO,Sidoarjo,Kec. Blambangan Umpu,Kab. Way Kanan,Prov. Lampung,34764,0,0,2,2,0,0,0,0,0,0,0,0,0,2,0,1,0,0,0,0,0,0,0,0,0,0,0,0,0,0,0,0,0,0,0,0,0,0,0,0,0,0,1,2,1,42,28,14,2,2,0,0,0,0,1,1,1,1,0,0,0,0,0,0,1,1,0,0,0,0,0,0,0,0,0,0,0,0,1,1,,,,,,,,,,,,,,,,,,
120804,KB PERMATA BANGSA,https://dapo.kemdikbud.go.id/sekolah/8E3123F151D0399A7A06,http://sekolah.data.kemdikbud.go.id/index.php/chome/profil/0ccf07ea-fe21-48b1-be82-01f05cec74e1,14 Mar 2023 18:50:57,C,Kurikulum 2013,69995994,Swasta,KB,Yayasan,420/01/AMC/WK/III/2017,2017-03-01,2147483647,2019-08-02,Tidak ada,BPD LAMPUNG,BARADATU,69995994 KB PERMATA BANGSA,Bersedia Menerima,Pagi,Belum Bersertifikat,PLN,0,Tidak Ada,Jl. Karang Umpu RT. 001 RW. 004,1 / 4,Dusun 4,Karang Umpu,Kec. Blambangan Umpu,Kab. Way Kanan,Prov. Lampung,34564,0,0,2,2,0,0,0,0,0,0,0,0,0,3,0,1,0,0,0,0,0,0,0,0,0,0,0,0,0,0,0,0,0,0,0,0,0,0,0,0,0,0,2,3,1,40,20,20,2,2,0,0,0,0,0,0,0,0,1,1,0,0,0,0,1,1,0,0,0,0,0,0,0,0,0,0,0,0,1,1,,,,,,,,,,,,,,,,,,
120804,KB TANJUNG SARI,https://dapo.kemdikbud.go.id/sekolah/C63C71BF7E94E6B780B1,http://sekolah.data.kemdikbud.go.id/index.php/chome/profil/1da01a03-f5ea-4c2c-b434-c3a21487670e,06 Mar 2023 18:04:03,,Kurikulum 2013,70000306,Swasta,KB,Yayasan,001/YPTS/SK/2016,2016-07-16,9120409851843,2019-12-31,Tidak ada,BPD LAMPUNG,BARADATU,70000306 KB TANJUNG SARI,Bersedia Menerima,Pagi,Belum Bersertifikat,PLN,900,Tidak Ada,Tanjung Sari,/,,Tanjung Sari,Kec. Blambangan Umpu,Kab. Way Kanan,Prov. Lampung,,0,0,2,2,0,0,0,0,0,0,0,0,0,3,0,1,0,0,0,0,0,0,0,0,0,0,0,0,0,0,0,0,0,0,0,0,0,0,0,0,0,0,5,3,1,34,22,12,2,2,0,0,0,0,0,0,0,0,1,1,0,0,0,0,1,1,0,0,0,0,0,0,0,0,0,0,0,0,1,1,,,,,,,,,,,,,,,,,,
120804,PAUD ANGGREK,https://dapo.kemdikbud.go.id/sekolah/684E7D8B9311EA9BA998,http://sekolah.data.kemdikbud.go.id/index.php/chome/profil/380576d5-c0f6-40e9-96cb-21b6faa9505a,22 Feb 2023 12:54:20,,Kurikulum 2013,69918707,Swasta,KB,Yayasan,140/002/SPKK/TRG/2011,2011-08-22,420/23/III.01/2015,2015-11-04,Tidak ada,BPD LAMPUNG,BARADATU,69918707 PAUD ANGGREK,Bersedia Menerima,Pagi,9001,,1200,Telkomsel Flash,TANJUNG RAJA GIHAM,1 / 1,TANJUNG RAJA GIHAM,Tanjung Raja Giham,Kec. Blambangan Umpu,Kab. Way Kanan,Prov. Lampung,34764,0,0,2,2,0,0,0,0,0,0,0,0,0,1,1,1,0,0,0,0,0,0,0,0,0,0,0,0,0,0,0,0,0,0,0,0,0,0,0,0,0,0,4,1,2,35,24,11,2,2,0,0,0,0,0,0,0,0,1,1,0,0,0,0,1,1,0,0,0,0,0,0,0,0,0,0,0,0,1,1,,,,,,,,,,,,,,,,,,
120804,PAUD ANUGERAH,https://dapo.kemdikbud.go.id/sekolah/A0E8C768D75FF64E5A5E,http://sekolah.data.kemdikbud.go.id/index.php/chome/profil/622f5016-bb6a-42bb-81a9-733a69d8f4b4,07 Mar 2023 16:27:36,,Kurikulum 2013,69780640,Swasta,KB,Yayasan,640/00233/01/DPMPTSP.1/IV.2020,2020-04-07,220200300226,2020-03-02,Tidak ada,BPD LAMPUNG,BARADATU,69780640 PAUD ANUGERAH,Bersedia Menerima,Sehari penuh (5 h/m),Proses Sertifikasi,PLN,900,Tidak Ada,KM. 20 JL. RAYA KASUI,1 / 1,GISTANG,Gistang,Kec. Blambangan Umpu,Kab. Way Kanan,Prov. Lampung,34564,-4,104,2,2,0,0,0,0,0,0,0,0,0,3,0,0,0,0,0,0,0,0,0,0,0,0,0,0,0,0,0,0,0,0,0,0,0,0,0,0,0,0,5,3,0,43,22,21,1,1,0,0,0,0,0,0,0,0,1,1,0,0,0,0,1,1,0,0,0,0,0,0,0,0,0,0,0,0,1,1,,,,,,,,,,,,,,,,,,
120804,PAUD AZ-ZAHRA,https://dapo.kemdikbud.go.id/sekolah/A9E48EA241C86C9AED49,http://sekolah.data.kemdikbud.go.id/index.php/chome/profil/6c00657e-f6eb-4d65-bcd8-a2c88b74e060,31 Mar 2023 10:06:34,C,Kurikulum 2013,69775846,Swasta,KB,Yayasan,,,420/1131/III.01/2010,,Tidak ada,BPD LAMPUNG,BARADATU,69775846 PAUD AZ ZAHRA,Bersedia Menerima,Pagi,Belum Bersertifikat,PLN,900,Tidak Ada,RAMBANG JAYA,2 / 2,meranjat,RAMBANG JAYA,Kec. Blambangan Umpu,Kab. Way Kanan,Prov. Lampung,34764,0,0,2,2,0,0,0,0,0,0,0,0,0,2,1,0,0,0,0,0,0,0,0,0,0,0,0,0,0,0,0,0,0,0,0,0,0,0,0,0,0,0,4,2,1,25,12,13,2,2,0,0,0,0,0,0,1,1,0,0,0,0,0,0,3,3,0,0,0,0,0,0,0,0,0,0,0,0,1,1,,,,,,,,,,,,,,,,,,
120804,PAUD BUAH HATI BUNDA,https://dapo.kemdikbud.go.id/sekolah/34282B334BC25BEE80FE,http://sekolah.data.kemdikbud.go.id/index.php/chome/profil/67798de4-8700-46a8-9d36-9e0bee75b814,26 Mar 2023 15:28:57,,Kurikulum 2013,69924918,Swasta,KB,Lainnya,001/PAUD-BHB/V/2009,2009-05-05,420/00026/15/IV.17-WK.6/IX.2022,2022-09-26,Tidak ada,BPD LAMPUNG,BARADATU,69924918 PAUD BUAH HATI BUNDA,Bersedia Menerima,Pagi,Belum Bersertifikat,PLN,450,Telkomsel Flash,Jl. Letjend Alamsyah,1 / 1,,Negeri Baru,Kec. Blambangan Umpu,Kab. Way Kanan,Prov. Lampung,34564,0,0,3,3,0,0,0,0,0,0,0,0,0,3,0,2,0,0,0,0,0,0,0,0,0,0,0,0,0,0,0,0,0,0,0,0,0,0,0,0,0,0,7,3,2,29,14,15,2,2,0,0,0,0,0,0,0,0,1,1,0,0,0,0,1,1,1,1,0,0,0,0,0,0,0,0,0,0,1,1,,,,,,,,,,,,,,,,,,
120804,PAUD HARAPAN,https://dapo.kemdikbud.go.id/sekolah/422CDF9545116A17A2F9,http://sekolah.data.kemdikbud.go.id/index.php/chome/profil/7eb2b309-dde3-446a-95b4-3e97f7824158,29 Jan 2023 22:23:41,,Kurikulum 2013,69775906,Swasta,KB,Yayasan,,1900-01-01,420/189/III.01/2011,1900-01-01,Tidak ada,BPD LAMPUNG,BARADATU,69775906 PAUD HARAPAN,Bersedia Menerima,Pagi,Belum Bersertifikat,PLN,900,Tidak Ada,Dusun Sebaris Rt 1/Rw 4,1 / 4,Sebaris,Negeri Bumi Putra,Kec. Blambangan Umpu,Kab. Way Kanan,Prov. Lampung,34764,-4,104,2,2,0,0,0,0,0,0,0,0,0,2,0,1,0,0,0,0,0,0,0,0,0,0,0,0,0,0,0,0,0,0,0,0,0,0,0,0,0,0,8,2,1,32,15,17,3,3,0,0,0,0,0,0,0,0,1,1,0,0,0,0,1,1,0,0,0,0,0,0,0,0,0,0,0,0,1,1,,,,,,,,,,,,,,,,,,
120804,PAUD ISLAM NURUL HUDA,https://dapo.kemdikbud.go.id/sekolah/8A7E3D253BCE5EC35239,http://sekolah.data.kemdikbud.go.id/index.php/chome/profil/0546d233-b246-4397-bf54-2700034eb97e,15 Feb 2023 14:58:43,,Kurikulum 2013,69914968,Swasta,KB,Yayasan,59,2013-06-26,420/3.C/III.01/2015,2015-02-25,Tidak ada,BPD LAMPUNG,BARADATU,69914968 PAUD ISLAM NURUL HUDA,Bersedia Menerima,Pagi,Proses Sertifikasi,PLN,4500,Smartfren,BRATAYUDHA,3 / 4,PEKALONGAN,Brata Yuda,Kec. Blambangan Umpu,Kab. Way Kanan,Prov. Lampung,34764,0,0,2,2,0,0,0,0,0,0,0,0,0,2,0,1,0,0,0,0,0,0,0,0,0,0,0,0,0,0,0,0,0,0,0,0,0,0,0,0,0,0,2,2,1,17,11,6,1,1,0,0,0,0,0,0,0,0,1,1,0,0,0,0,2,2,0,0,0,0,0,0,0,0,0,0,0,0,1,1,,,,,,,,,,,,,,,,,,
120804,PAUD KASIH BUNDA,https://dapo.kemdikbud.go.id/sekolah/D3A62C1BF6226A086366,http://sekolah.data.kemdikbud.go.id/index.php/chome/profil/cbcc3732-a9eb-4f95-8c69-a9ee4eb43b91,19 Feb 2023 20:57:31,,Kurikulum 2013,69915566,Swasta,KB,Lainnya,420/24.b/III.01/2014,2014-10-31,420/22/III.01/2015,2015-10-28,Tidak ada,BPD LAMPUNG,BARADATU,69915566 PAUD KASIH BUNDA,Bersedia Menerima,Pagi,Belum Bersertifikat,PLN,1900,Tidak Ada,JL. TAMBANG DUSUN OJOLALI,2 / 2,OJOLALI,Gunung Sangkaran,Kec. Blambangan Umpu,Kab. Way Kanan,Prov. Lampung,34711,-5,114,2,2,0,0,0,0,0,0,0,0,0,2,0,1,0,0,0,0,0,0,0,0,0,0,0,0,0,0,0,0,0,0,0,0,0,0,0,0,0,0,6,2,1,9,4,5,1,1,0,0,0,0,0,0,1,1,1,1,0,0,0,0,1,1,0,0,0,0,0,0,0,0,0,0,0,0,1,1,,,,,,,,,,,,,,,,,,
120804,PAUD KASIH IBU,https://dapo.kemdikbud.go.id/sekolah/258ED3DC902B8BF61FC8,http://sekolah.data.kemdikbud.go.id/index.php/chome/profil/861ca098-9b3c-4bcb-84ec-7f7da5104127,28 Mar 2023 06:39:12,,Kurikulum 2013,69780917,Swasta,KB,Yayasan,,,420/72/III.01/2011,,Tidak ada,BPD LAMPUNG,BARADATU,69780917 PAUD KASIH IBU,Bersedia Menerima,Pagi,Belum Bersertifikat,PLN,900,Tidak Ada,NEGERI BUMI PUTRA,3 / 1,Bambu Kuning,NEGERI BARU,Kec. Blambangan Umpu,Kab. Way Kanan,Prov. Lampung,34711,-5,114,2,2,0,0,0,0,0,0,0,0,0,2,0,1,0,0,0,0,0,0,0,0,0,0,0,0,0,0,0,0,0,0,0,0,0,0,0,0,0,0,5,2,1,26,14,12,2,2,0,0,0,0,0,0,1,1,0,0,0,0,0,0,1,1,0,0,0,0,0,0,0,0,0,0,0,0,1,1,,,,,,,,,,,,,,,,,,
120804,PAUD KASIH IBU,https://dapo.kemdikbud.go.id/sekolah/1E9051FB534049884AC5,http://sekolah.data.kemdikbud.go.id/index.php/chome/profil/0f08379a-2d71-4f6c-8669-849532a38852,29 Aug 2022 16:54:30,C,Kurikulum 2013,69915151,Swasta,KB,Yayasan,001/KPTS/VI/2007,2007-06-27,420/13.d/III.01/2015,2015-09-14,Tidak ada,BPD LAMPUNG,BARADATU,69915151 PAUD KASIH IBU,,,,,,,JL. HM. KASIM NO. 20,1 / 1,1,Lembasung,Kec. Blambangan Umpu,Kab. Way Kanan,Prov. Lampung,34564,-5,114,0,0,0,0,0,0,0,0,0,0,0,3,0,1,0,0,0,0,0,0,0,0,0,0,0,0,0,0,0,0,0,0,0,0,0,0,0,0,0,0,0,3,1,0,0,0,2,0,1,0,0,0,0,0,0,0,1,0,1,0,0,0,1,0,1,0,1,0,0,0,1,0,0,0,0,0,1,1,,,,,,,,,,,,,,,,,,
120804,PAUD MUTIARA AMANAH,https://dapo.kemdikbud.go.id/sekolah/8B3FD0CA19F3943068D7,http://sekolah.data.kemdikbud.go.id/index.php/chome/profil/9fca3ce0-68da-4eb5-8faf-d8b192b5d065,14 Feb 2023 14:34:06,,Kurikulum 2013,69914980,Swasta,KB,Lainnya,140/298/NBT/10/2015,2015-10-26,420/27.a/III.01/2014,2014-12-18,Tidak ada,BPD LAMPUNG,BARADATU,69914980 PAUD MUTIARA AMANAH,Bersedia Menerima,Sehari penuh (5 h/m),9001,,900,Telkomsel Flash,BALIREJO RT.01 RW.03,1 / 3,BALI REJO,Negeri Batin,Kec. Blambangan Umpu,Kab. Way Kanan,Prov. Lampung,34764,0,0,2,2,0,0,0,0,0,0,0,0,0,1,1,0,0,0,0,0,0,0,0,0,0,0,0,0,0,0,0,0,0,0,0,0,0,0,0,0,0,0,4,1,1,28,16,12,2,2,0,0,0,0,0,0,0,0,1,2,0,0,0,0,1,1,0,0,0,0,0,0,0,0,0,0,0,0,1,1,,,,,,,,,,,,,,,,,,
120804,PAUD SABILUL HIDAYAH,https://dapo.kemdikbud.go.id/sekolah/16831226DDA88FB3186C,http://sekolah.data.kemdikbud.go.id/index.php/chome/profil/f2623c87-6219-45be-ac29-c5762a6322be,18 Mar 2023 16:53:10,C,Kurikulum 2013,69902375,Swasta,KB,Yayasan,15,2012-01-14,420/5.e/III.01/2015,2015-04-01,Tidak ada,BPD LAMPUNG,BARADATU,69902375 PAUD SABILUL HIDAYAH,Bersedia Menerima,Pagi,Belum Bersertifikat,PLN,1200,Tidak Ada,Gunung Sangkaran,16 / 4,Gunung Sangkaran,Gunung Sangkaran,Kec. Blambangan Umpu,Kab. Way Kanan,Prov. Lampung,34764,-5,114,2,2,0,0,0,0,0,0,0,0,0,2,0,1,0,0,0,0,0,0,0,0,0,0,0,0,0,0,0,0,0,0,0,0,0,0,0,0,0,0,5,2,1,62,35,27,2,2,0,0,0,0,0,0,0,0,0,0,1,1,0,0,1,1,0,0,0,0,0,0,0,0,0,0,0,0,1,1,,,,,,,,,,,,,,,,,,
120804,SDN 01 BLAMBANGAN UMPU,https://dapo.kemdikbud.go.id/sekolah/801EA9B383E62EB11D16,http://sekolah.data.kemdikbud.go.id/index.php/chome/profil/40b21772-8b18-e111-a7a8-bbc0a99eadd5,08 Feb 2023 21:56:12,B,Kurikulum 2013,10806966,Negeri,SD,Pemerintah Daerah,,1910-01-01,,1921-01-01,Tidak ada,BANK LAMPUNG,BARADATU,SD NEGERI 01 BLAMBANGAN UMPU,Bersedia Menerima,Kombinasi,Belum Bersertifikat,PLN,900,Tidak Ada,Jln. Pramuka No. 114 Blambangan Umpu,0 / 0,Blambangan Umpu,Blambangan Umpu,Kec. Blambangan Umpu,Kab. Way Kanan,Prov. Lampung,34564,-4,104,7,7,0,0,0,0,0,2,1,0,3,7,1,1,13,9,7,9,11,10,14,9,7,13,16,21,0,0,0,0,0,0,0,0,0,0,0,0,0,0,2,10,2,139,68,71,6,6,1,1,0,0,0,0,1,1,1,1,1,1,1,1,4,4,0,0,0,0,0,0,0,0,0,0,0,0,8,8,,,,,,,,,,,,,,,,,,
120804,SDN 01 BRATAYUDHA,https://dapo.kemdikbud.go.id/sekolah/DBF59ED3B1F5CE9289D5,http://sekolah.data.kemdikbud.go.id/index.php/chome/profil/704e4371-8b18-e111-9dba-5fc649e620f3,04 Mar 2023 06:19:15,B,Kurikulum 2013,10806629,Negeri,SD,Pemerintah Pusat,,1910-01-01,,1910-01-01,Tidak ada,BANK LAMPUNG,BARADATU,SDN 01 BRATAYUDHA,Bersedia Menerima,Pagi,Belum Bersertifikat,PLN,1300,Telkomsel Flash,Jl.Negeri Agung,2 / 1,Purbolinggo,Brata Yuda,Kec. Blambangan Umpu,Kab. Way Kanan,Prov. Lampung,34711,-4,104,7,7,0,0,0,0,0,7,1,0,2,7,0,2,17,16,15,19,16,16,17,20,12,21,18,20,0,0,0,0,0,0,0,0,0,0,0,0,0,0,5,9,2,207,95,112,8,8,1,1,0,0,0,0,0,0,1,1,0,0,1,1,2,2,1,1,0,0,0,0,0,0,0,0,0,0,4,4,,,,,,,,,,,,,,,,,,
120804,SDN 01 BUMI BARU,https://dapo.kemdikbud.go.id/sekolah/EDF375ECC126B4063820,http://sekolah.data.kemdikbud.go.id/index.php/chome/profil/a06e2a70-8b18-e111-b7f1-17d06306bbd1,29 Mar 2023 03:26:06,B,Kurikulum 2013,10806644,Negeri,SD,Pemerintah Daerah,,1984-07-15,,1910-01-01,Tidak ada,BPD LAMPUNG...,BPD LAMPUNG CABANG BARADATU...,SDN01BUMIBARU...,Bersedia Menerima,Pagi,Proses Sertifikasi,PLN,900,Tidak Ada,Kampung Bumi Baru Kec.Blambangan Umpu Kab.Way Kanan,4 / 1,Bumi Baru,Bumi Baru,Kec. Blambangan Umpu,Kab. Way Kanan,Prov. Lampung,34564,-4,104,13,13,0,0,0,0,0,1,0,0,2,13,3,2,38,27,40,27,28,31,40,29,28,28,32,29,0,0,0,0,0,0,0,0,0,0,0,0,0,0,9,15,5,377,206,171,11,11,1,1,0,0,0,0,0,0,0,0,0,0,0,0,3,3,1,1,0,0,0,0,0,0,0,0,0,0,1,1,,,,,,,,,,,,,,,,,,
120804,SDN 01 BUMI RATU,https://dapo.kemdikbud.go.id/sekolah/B24328A76AED79DC20FC,http://sekolah.data.kemdikbud.go.id/index.php/chome/profil/c0645d71-8b18-e111-83d9-37a41f791260,28 Mar 2023 11:45:30,B,Kurikulum 2013,10814618,Negeri,SD,Pemerintah Pusat,821/08/07-WK/2004,2004-03-31,,1910-01-01,Tidak ada,BPD LAMPUNG...,BPD LAMPUNG CABANG BARADATU...,SDN01BUMIRATU...,Bersedia Menerima,Pagi,Belum Bersertifikat,PLN,900,Tidak Ada,Jalan Lintas Sumatra Bumi Ratu,2 / 2,Pasar Minggu,Bumi Ratu,Kec. Blambangan Umpu,Kab. Way Kanan,Prov. Lampung,34711,-4,104,10,10,0,0,1,0,0,1,4,0,2,10,1,5,17,20,26,18,20,14,16,20,33,16,15,17,0,0,0,0,0,0,0,0,0,0,0,0,0,0,8,12,6,232,127,105,8,8,1,1,0,0,0,0,2,2,0,0,1,1,1,1,6,6,1,1,0,0,0,0,0,0,0,0,0,0,5,5,,,,,,,,,,,,,,,,,,
120804,SDN 01 GEDUNG RIANG,https://dapo.kemdikbud.go.id/sekolah/49BABFA88FDA109F6654,http://sekolah.data.kemdikbud.go.id/index.php/chome/profil/20d22770-8b18-e111-bf56-27b802df4b93,23 Feb 2023 21:16:48,C,Kurikulum 2013,10806658,Negeri,SD,Pemerintah Daerah,,1978-03-01,,1910-01-01,Tidak ada,BANK LAMPUNG,BARADATU,SDN 01 GEDUNG RIANG,Bersedia Menerima,Pagi,Proses Sertifikasi,PLN,0,Smartfren,JL. UMAR RUKI NO.41,1 / 2,Kali Papan,GEDUNG RIANG,Kec. Blambangan Umpu,Kab. Way Kanan,Prov. Lampung,34711,-4,104,9,9,0,0,0,0,0,5,2,0,6,9,0,1,15,15,7,8,14,8,17,11,15,10,14,8,0,0,0,0,0,0,0,0,0,0,0,0,0,0,4,15,1,142,82,60,12,12,3,3,0,0,0,0,0,0,0,0,0,0,0,0,2,2,1,1,0,0,0,0,0,0,0,0,0,0,2,2,,,,,,,,,,,,,,,,,,
120804,SDN 01 GISTANG,https://dapo.kemdikbud.go.id/sekolah/96DA52922111532322B2,http://sekolah.data.kemdikbud.go.id/index.php/chome/profil/80804271-8b18-e111-b23b-77ae773a3edd,06 Mar 2023 09:17:57,B,Kurikulum 2013,10806972,Negeri,SD,Pemerintah Daerah,,1910-01-01,,1910-01-01,Tidak ada,BPD LAMPUNG...,BPD LAMPUNG CABANG BARADATU...,SDN01GISTANG...,Bersedia Menerima,Pagi,Belum Bersertifikat,PLN,450,Telkomsel Flash,Jl.Let Jend Alamsyah No.124,2 / 2,talang kemiling,Gistang,Kec. Blambangan Umpu,Kab. Way Kanan,Prov. Lampung,34711,-4,104,6,6,0,0,0,0,0,6,1,0,2,5,0,1,3,2,9,10,10,9,3,8,11,9,6,5,0,0,0,0,0,0,0,0,0,0,0,0,0,0,8,7,1,85,42,43,10,10,1,1,0,0,0,0,1,1,1,1,0,0,0,0,2,2,0,0,0,0,0,0,0,0,0,0,0,0,3,3,,,,,,,,,,,,,,,,,,
120804,SDN 01 GUNUNG SANGKARAN,https://dapo.kemdikbud.go.id/sekolah/80CAB0C1E90DB8E5FC0B,http://sekolah.data.kemdikbud.go.id/index.php/chome/profil/f0a64371-8b18-e111-8613-4b5c06e81481,26 Jan 2023 09:27:57,B,Kurikulum 2013,10806651,Negeri,SD,Pemerintah Pusat,1982,1981-07-17,,1982-05-23,Tidak ada,BPD LAMPUNG...,BPD LAMPUNG CABANG BARADATU...,SDN01GUNUNGSANGKARAN...,Bersedia Menerima,Pagi,Belum Bersertifikat,PLN,900,Telkomsel Flash,Jalan Lintas Sumatra KM 212,3 / 3,GUNUNG SANGKARAN,Gunung Sangkaran,Kec. Blambangan Umpu,Kab. Way Kanan,Prov. Lampung,34711,-4,104,7,7,0,0,0,0,0,1,1,0,2,8,0,1,19,16,10,15,13,12,16,14,14,17,20,21,0,0,0,0,0,0,0,0,0,0,0,0,0,0,2,10,1,187,92,95,7,7,1,1,0,0,0,0,0,0,0,0,0,0,0,0,3,3,0,0,0,0,0,0,0,0,0,0,0,0,1,1,,,,,,,,,,,,,,,,,,
120804,SDN 01 KARANG UMPU,https://dapo.kemdikbud.go.id/sekolah/3756915DFD5ABB4840EA,http://sekolah.data.kemdikbud.go.id/index.php/chome/profil/80572a70-8b18-e111-816f-7ff23db554a2,24 Mar 2023 08:10:23,B,Kurikulum 2013,10806583,Negeri,SD,Pemerintah Daerah,,1910-01-01,,1910-01-01,Tidak ada,BPD LAMPUNG...,BPD LAMPUNG CABANG BARADATU...,SDN01KARANGUMPU...,Bersedia Menerima,Pagi,Belum Bersertifikat,PLN,900,Telkomsel Flash,Jl. Lintas Sumatra Km 205,7 / 2,DUSUN 7,Karang Umpu,Kec. Blambangan Umpu,Kab. Way Kanan,Prov. Lampung,34711,-4,104,10,10,0,0,0,0,0,2,3,0,3,11,0,1,28,15,18,16,27,13,21,27,18,18,16,15,0,0,0,0,0,0,0,0,0,0,0,0,0,0,14,14,1,232,128,104,8,8,1,1,0,0,0,0,0,0,1,1,1,1,0,0,4,4,2,2,0,0,0,0,0,0,0,0,0,0,6,6,,,,,,,,,,,,,,,,,,
120804,SDN 01 LEMBASUNG,https://dapo.kemdikbud.go.id/sekolah/217CBAFEAE6FFCCA2B1A,http://sekolah.data.kemdikbud.go.id/index.php/chome/profil/606ccd74-8b18-e111-b54a-df664f859f02,27 Mar 2023 13:50:58,B,Kurikulum 2013,10806568,Negeri,SD,Pemerintah Pusat,821/42/III.12-WK/2009,1977-07-28,,1910-01-01,Tidak ada,BPD LAMPUNG...,BPD LAMPUNG CABANG BARADATU...,SDN01LEMBASUNG...,Bersedia Menerima,Sehari penuh (6 h/m),Proses Sertifikasi,PLN,1200,Tidak Ada,Lembasung,1 / 1,LEMBASUNG,Lembasung,Kec. Blambangan Umpu,Kab. Way Kanan,Prov. Lampung,34564,-4,104,12,12,1,0,0,0,0,1,2,0,1,16,0,1,32,19,28,20,28,21,28,20,22,16,22,14,0,0,0,0,0,0,0,0,0,0,0,0,0,0,11,17,1,270,160,110,12,12,1,1,0,0,0,0,0,0,0,0,0,0,0,0,1,1,0,0,0,0,0,0,0,0,0,0,0,0,1,1,,,,,,,,,,,,,,,,,,
120804,SDN 01 NEGERI BARU,https://dapo.kemdikbud.go.id/sekolah/50703C8C0559B59F65D6,http://sekolah.data.kemdikbud.go.id/index.php/chome/profil/e0b24271-8b18-e111-a222-27cd59560184,30 Mar 2023 08:26:47,B,Kurikulum 2013,10806959,Negeri,SD,Pemerintah Daerah,1950,1950-01-01,,1910-01-01,Tidak ada,BPD LAMPUNG...,BPD LAMPUNG CABANG BARADATU...,SDN01NEGERIBARU...,Bersedia Menerima,Pagi,Belum Bersertifikat,PLN,900,Telkomsel Flash,Jl.jendral Sudirman No 93,1 / 1,Negeri Baru,Negeri Baru,Kec. Blambangan Umpu,Kab. Way Kanan,Prov. Lampung,34711,-4,104,12,12,0,0,0,0,0,4,1,1,1,15,1,1,20,23,27,27,24,23,42,16,37,28,25,29,0,0,0,0,0,0,0,0,0,0,0,0,0,0,16,16,2,321,175,146,12,12,1,1,0,0,0,0,0,0,1,1,1,1,0,0,4,4,0,0,0,0,0,0,0,0,0,0,0,0,7,9,,,,,,,,,,,,,,,,,,
120804,SDN 01 NEGERI BATIN,https://dapo.kemdikbud.go.id/sekolah/4F6404AAC97342E87017,http://sekolah.data.kemdikbud.go.id/index.php/chome/profil/2096386f-8b18-e111-b342-e903dae3d2c7,28 Mar 2023 11:10:15,B,Kurikulum 2013,10806960,Negeri,SD,Pemerintah Daerah,,1977-03-31,,1910-01-01,Tidak ada,BPD LAMPUNG...,BPD LAMPUNG CABANG BARADATU...,SDN01NEGERIBATIN...,Bersedia Menerima,Pagi,Belum Bersertifikat,PLN,900,Telkomsel Flash,Jl. Letjen Alamsyah,1 / 1,KM. 17,Negeri Batin,Kec. Blambangan Umpu,Kab. Way Kanan,Prov. Lampung,34764,-4,104,12,12,0,0,1,0,0,3,3,0,1,18,1,1,27,18,25,16,30,22,24,24,31,24,20,38,0,0,0,0,0,0,0,0,0,0,0,0,0,0,28,19,2,299,157,142,12,12,1,1,0,0,0,0,0,0,1,1,1,1,1,1,6,6,1,1,0,0,0,0,0,0,0,0,0,0,2,17,,,,,,,,,,,,,,,,,,
120804,SDN 01 NEGERI BUMI PUTERA,https://dapo.kemdikbud.go.id/sekolah/9B3F3AB33A3A28C41F14,http://sekolah.data.kemdikbud.go.id/index.php/chome/profil/108f4571-8b18-e111-8132-bf5411f1af62,27 Mar 2023 16:37:02,B,Kurikulum 2013,10806640,Negeri,SD,Pemerintah Daerah,,1910-01-01,,1910-01-01,Tidak ada,BPD LAMPUNG...,BPD LAMPUNG CABANG BARADATU...,SDN01NEGERIBUMIPUTERA...,Bersedia Menerima,Pagi,Proses Sertifikasi,PLN,900,Telkomsel Flash,jln pasar simpang 4,3 / 1,Bambu Kuning,Negeri Bumi Putra,Kec. Blambangan Umpu,Kab. Way Kanan,Prov. Lampung,34764,-4,104,7,7,0,0,0,0,0,1,2,0,4,7,1,2,13,19,17,13,18,17,11,15,14,11,15,10,0,0,0,0,0,0,0,0,0,0,0,0,0,0,4,11,3,173,88,85,7,7,1,1,0,0,0,0,0,0,1,1,0,0,0,0,2,2,0,0,0,0,0,0,0,0,0,0,0,0,4,4,,,,,,,,,,,,,,,,,,
120804,SDN 01 PANCA NEGERI,https://dapo.kemdikbud.go.id/sekolah/F217FBD7208F9F989EFF,http://sekolah.data.kemdikbud.go.id/index.php/chome/profil/80e42b70-8b18-e111-ba43-7d9cf4e7682c,27 Mar 2023 19:05:26,B,Kurikulum 2013,10806637,Negeri,SD,Pemerintah Daerah,1983,1983-01-01,1983,1983-01-01,Tidak ada,Bank Lampung,BLAMBANGAN UMPU,SDN 01 PANCA NEGERI,Bersedia Menerima,Pagi,Proses Sertifikasi,PLN,900,Telkomsel Flash,Jl.way Kunang No.1206,1 / 1,sekemai,Panca Negeri,Kec. Blambangan Umpu,Kab. Way Kanan,Prov. Lampung,34764,-4,104,6,6,0,0,0,0,0,1,1,0,1,7,1,1,17,5,15,5,10,15,12,14,9,10,16,11,0,0,0,0,0,0,0,0,0,0,0,0,0,0,4,8,2,139,79,60,6,6,1,1,0,0,0,0,0,0,0,0,0,0,0,0,1,1,0,0,0,0,0,0,0,0,0,0,0,0,5,5,,,,,,,,,,,,,,,,,,
120804,SDN 01 RAMBANG JAYA,https://dapo.kemdikbud.go.id/sekolah/C2A47A102452526E65FA,http://sekolah.data.kemdikbud.go.id/index.php/chome/profil/50134571-8b18-e111-9e20-29ff9348893e,27 Mar 2023 14:23:45,B,Kurikulum 2013,10806614,Negeri,SD,Pemerintah Daerah,OP.740/5820/2/PK/1984,1984-05-01,OP.740/5820/2/PK/1984,1984-05-01,Tidak ada,BPD LAMPUNG...,BPD LAMPUNG CABANG BARADATU...,SDN01RAMBANGJAYA...,Bersedia Menerima,Pagi,Belum Bersertifikat,PLN,950,Indosat IM3,Jl. Sidorejo-rambang Jaya No.50,1 / 2,RAMBANGJAYA,Rambang Jaya,Kec. Blambangan Umpu,Kab. Way Kanan,Prov. Lampung,34764,-4,104,8,8,0,0,0,0,0,1,1,0,1,9,1,1,16,20,7,9,12,10,10,12,15,14,24,16,0,0,0,0,0,0,0,0,0,0,0,0,0,0,8,10,2,165,84,81,6,6,1,1,0,0,0,0,0,0,1,1,1,1,0,0,2,2,1,1,0,0,0,0,0,0,0,0,0,0,5,5,,,,,,,,,,,,,,,,,,
120804,SDN 01 SANGKARAN BHAKTI,https://dapo.kemdikbud.go.id/sekolah/B3ACA4FA6577184B900E,http://sekolah.data.kemdikbud.go.id/index.php/chome/profil/805d2970-8b18-e111-9945-b90f628856a0,30 Mar 2023 10:46:37,B,Kurikulum 2013,10806992,Negeri,SD,Pemerintah Daerah,,1910-01-01,,1910-01-01,Tidak ada,BPD LAMPUNG...,BPD LAMPUNG CABANG BARADATU...,SDN01SANGKARANBHAKTI...,Bersedia Menerima,Pagi,Proses Sertifikasi,PLN,900,Telkomsel Flash,Jl.poros No. 10,6 / 2,Bhakti Benua,Sangkaran Bhakti,Kec. Blambangan Umpu,Kab. Way Kanan,Prov. Lampung,34564,-4,104,11,11,0,0,0,0,0,11,2,0,3,9,1,1,19,22,23,14,19,16,25,21,27,15,20,17,0,0,0,0,0,0,0,0,0,0,0,0,0,0,9,12,2,238,133,105,8,8,1,1,0,0,0,0,0,0,1,1,1,1,0,0,4,4,0,0,0,0,0,0,0,0,0,0,0,0,5,5,,,,,,,,,,,,,,,,,,
120804,SDN 01 SEGARA MIDAR,https://dapo.kemdikbud.go.id/sekolah/925FBF43998A08023929,http://sekolah.data.kemdikbud.go.id/index.php/chome/profil/a0e52870-8b18-e111-8100-65b8889cf499,14 Feb 2023 07:29:27,B,Kurikulum 2013,10806606,Negeri,SD,Pemerintah Daerah,1984,1979-08-05,,1910-01-01,Tidak ada,Bank Lampung,Baradatu,SDN 01 Segara Midar,Bersedia Menerima,Pagi,Proses Sertifikasi,PLN,900,XL (Serat Optik),Jl. Duku Rt 02,2 / 2,Sidomulyo,Segara Midar,Kec. Blambangan Umpu,Kab. Way Kanan,Prov. Lampung,34711,-4,104,6,6,0,0,0,0,0,1,1,0,4,4,0,2,2,3,3,2,7,2,1,2,5,5,5,4,0,0,0,0,0,0,0,0,0,0,0,0,0,0,3,8,2,41,23,18,9,9,1,1,0,0,0,0,0,0,1,1,0,0,0,0,4,4,1,1,0,0,0,0,0,0,0,0,0,0,5,5,,,,,,,,,,,,,,,,,,
120804,SDN 01 SIDOARJO,https://dapo.kemdikbud.go.id/sekolah/880342A78F778D72C186,http://sekolah.data.kemdikbud.go.id/index.php/chome/profil/30aa2870-8b18-e111-bae8-9baf35da3606,31 Mar 2023 17:10:19,A,Kurikulum 2013,10806597,Negeri,SD,Pemerintah Daerah,26/AKTA/BSU/1992,1982-01-15,420//212/IV.01-WK/2022,2022-04-19,Tidak ada,BANK LAMPUNG,BARADATU,SDN 01 SIDOARJO,Bersedia Menerima,Pagi,9001,PLN,1800,Telkomsel Flash,JL KUD CATUR TUNGGAL NO. 2 KAMP. SIDOARJO KEC. BLAMBANGAN UMPU KAB. WAY KANAN,1 / 2,SIDOARJO,Sidoarjo,Kec. Blambangan Umpu,Kab. Way Kanan,Prov. Lampung,34764,-4,104,13,13,0,0,0,0,0,2,2,0,5,14,1,1,28,37,28,33,29,27,27,23,32,23,35,37,0,0,0,0,0,0,0,0,0,0,0,0,0,0,5,19,2,359,179,180,14,14,2,2,1,1,0,0,0,0,1,1,1,1,1,1,4,4,2,2,0,0,0,0,0,0,0,0,0,0,6,6,,,,,,,,,,,,,,,,,,
120804,SDN 01 SRI REJEKI,https://dapo.kemdikbud.go.id/sekolah/EB745CD31151331BB4B8,http://sekolah.data.kemdikbud.go.id/index.php/chome/profil/a06d4571-8b18-e111-93a2-ddc5f203f19c,21 Mar 2023 19:31:37,B,Kurikulum 2013,10806600,Negeri,SD,Pemerintah Daerah,,1985-04-16,,1910-01-01,Tidak ada,BPD LAMPUNG...,BPD LAMPUNG CABANG BARADATU...,SDN01SRIREJEKI...,Bersedia Menerima,Pagi,Belum Bersertifikat,PLN,900,Indosat IM3,JL.BAKTI ABRI,1 / 1,Dusun 1,Sri Rejeki,Kec. Blambangan Umpu,Kab. Way Kanan,Prov. Lampung,34766,-4,104,9,9,0,0,0,0,0,1,1,0,4,8,0,2,25,21,26,16,17,15,18,20,25,20,16,12,0,0,0,0,0,0,0,0,0,0,0,0,0,0,9,12,2,231,127,104,8,8,1,1,0,0,0,0,0,0,1,1,0,0,0,0,7,7,0,0,0,0,0,0,0,0,0,0,0,0,5,5,,,,,,,,,,,,,,,,,,
120804,SDN 01 SRIWIJAYA,https://dapo.kemdikbud.go.id/sekolah/F0D2A204082671B1B042,http://sekolah.data.kemdikbud.go.id/index.php/chome/profil/f0262870-8b18-e111-b2ab-6321b859b86d,30 Mar 2023 10:14:31,B,Kurikulum 2013,10806601,Negeri,SD,Pemerintah Daerah,,1975-04-30,,1910-01-01,Tidak ada,BPD LAMPUNG...,BPD LAMPUNG CABANG BARADATU...,SDN01SRIWIJAYA...,Bersedia Menerima,Pagi,Belum Bersertifikat,PLN,450,Telkomsel Flash,Sriwi Jaya,1 / 3,Sri Mataram,Sriwijaya,Kec. Blambangan Umpu,Kab. Way Kanan,Prov. Lampung,34711,-4,104,9,9,0,0,0,0,0,2,1,0,7,7,2,0,26,13,17,16,15,13,10,16,23,9,25,25,0,0,0,0,0,0,0,0,0,0,0,0,0,0,7,14,2,208,116,92,10,10,2,2,0,0,0,0,1,1,1,1,1,1,1,1,4,4,1,1,0,0,0,0,0,0,0,0,0,0,8,8,,,,,,,,,,,,,,,,,,
120804,SDN 01 TANJUNG RAJA GIHAM,https://dapo.kemdikbud.go.id/sekolah/04BF93262CC348DCA006,http://sekolah.data.kemdikbud.go.id/index.php/chome/profil/10fb4171-8b18-e111-8a19-2f9bff7724f4,08 Feb 2023 19:54:58,B,Kurikulum 2013,10807001,Negeri,SD,Pemerintah Daerah,30/01/1951,1951-01-30,30/01/1951,1951-01-30,Tidak ada,BPD LAMPUNG...,BPD LAMPUNG CABANG BLAMBANGAN UMPU...,SDN01TANJUNGRAJAGIHAM...,Bersedia Menerima,Pagi,Proses Sertifikasi,PLN,900,Telkomsel Flash,Jln. Kolonel Laba Tanjung Raja Giham,1 / 1,Tanjung Raja Giham,Tanjung Raja Giham,Kec. Blambangan Umpu,Kab. Way Kanan,Prov. Lampung,34764,-4,104,6,6,0,0,0,0,0,2,2,0,1,8,0,1,9,14,6,5,2,3,8,5,10,7,7,1,0,0,0,0,0,0,0,0,0,0,0,0,0,0,2,9,1,77,42,35,6,6,1,1,0,0,0,0,0,0,0,0,0,0,0,0,5,5,1,1,0,0,0,0,0,0,0,0,0,0,1,1,,,,,,,,,,,,,,,,,,
120804,SDN 01 TANJUNG RAJA SAKTI,https://dapo.kemdikbud.go.id/sekolah/C227659D6ED27B95F7D1,http://sekolah.data.kemdikbud.go.id/index.php/chome/profil/d0a72770-8b18-e111-9c2d-c9d10cb3776f,31 Mar 2023 04:24:42,B,Kurikulum 2013,10806946,Negeri,SD,Pemerintah Daerah,2003,1964-05-15,,1910-01-01,Tidak ada,BPD LAMPUNG...,BPD LAMPUNG CABANG BARADATU...,SDN01TANJUNGRAJASAKTI...,Bersedia Menerima,Pagi,Proses Sertifikasi,PLN,900,Indosat IM3,JALAN PANGERAN SAMPURNA NO.43 KAMPUNG TANJUNG RAJA SAKTI,2 / 2,Tanjung Raja Sakti,Tanjung Raja Sakti,Kec. Blambangan Umpu,Kab. Way Kanan,Prov. Lampung,34711,-4,104,11,11,0,0,0,0,0,1,2,0,3,9,1,0,21,19,15,17,19,21,24,29,23,24,27,28,0,0,0,0,0,0,0,0,0,0,0,0,0,0,11,12,1,267,129,138,14,14,1,1,0,0,0,0,0,0,1,1,0,0,0,0,2,2,1,1,0,0,0,0,0,0,0,0,0,0,1,1,,,,,,,,,,,,,,,,,,
120804,SDN 01 TANJUNG SARI,https://dapo.kemdikbud.go.id/sekolah/EFA154AFF0E35BC7E5E3,http://sekolah.data.kemdikbud.go.id/index.php/chome/profil/b0304571-8b18-e111-91f0-add3c80859c0,28 Mar 2023 10:40:15,B,Kurikulum 2013,10806744,Negeri,SD,Pemerintah Daerah,,1984-01-12,,1910-01-01,Tidak ada,BPD LAMPUNG...,BPD LAMPUNG CABANG BLAMBANGAN UMPU...,SDNTANJUNGSARI...,Bersedia Menerima,Pagi,Belum Bersertifikat,PLN,900,Telkomsel Flash,Tanjung Sari,1 / 3,Tanjung Sari,Tanjung Sari,Kec. Blambangan Umpu,Kab. Way Kanan,Prov. Lampung,34764,-4,104,6,6,0,0,0,0,0,3,6,0,3,4,0,3,12,14,14,3,19,11,12,10,9,14,8,11,0,0,0,0,0,0,0,0,0,0,0,0,0,0,5,7,3,137,74,63,8,8,1,1,0,0,0,0,0,0,1,1,0,0,0,0,2,2,0,0,0,0,0,0,0,0,0,0,0,0,2,2,,,,,,,,,,,,,,,,,,
120804,SDN 01 UMPU BHAKTI,https://dapo.kemdikbud.go.id/sekolah/29E14D61C97159484817,http://sekolah.data.kemdikbud.go.id/index.php/chome/profil/e030cd74-8b18-e111-8747-ff68da1f32da,31 Mar 2023 10:00:39,C,Kurikulum 2013,10806989,Negeri,SD,Pemerintah Pusat,045/ket/UB/III/1982,1910-01-01,,1910-01-01,Tidak ada,BPD LAMPUNG...,BPD LAMPUNG CABANG BLAMBANGAN UMPU...,SDN01UMPUBHAKTI...,Bersedia Menerima,Pagi,Belum Bersertifikat,PLN,900,Telkomsel Flash,Umpu Bhakti,4 / 1,Umpu Bhakti,Umpu Bakti,Kec. Blambangan Umpu,Kab. Way Kanan,Prov. Lampung,34764,-4,104,8,8,0,0,0,0,0,8,1,0,3,7,3,0,17,17,18,16,17,20,19,17,15,14,16,18,0,0,0,0,0,0,0,0,0,0,0,0,0,0,16,10,3,204,102,102,6,6,1,1,1,1,0,0,0,0,1,1,0,0,0,0,3,3,0,0,0,0,0,0,1,1,0,0,0,0,5,6,,,,,,,,,,,,,,,,,,
120804,SDN 01 UMPU KENCANA,https://dapo.kemdikbud.go.id/sekolah/64B61DE663AD8FE3E026,http://sekolah.data.kemdikbud.go.id/index.php/chome/profil/00094471-8b18-e111-903c-d186fdd0391d,09 Mar 2023 19:32:23,B,Kurikulum 2013,10806737,Negeri,SD,Pemerintah Pusat,,1983-01-01,,1910-01-01,Tidak ada,BPD LAMPUNG...,BPD LAMPUNG CABANG BARA DATU...,SDN01UMPUKENCANA...,Bersedia Menerima,Kombinasi,Belum Bersertifikat,PLN,1300,Lainnya,JL.INPRES NO.126,6 / 2,SRI MULYO,Umpu Kencana,Kec. Blambangan Umpu,Kab. Way Kanan,Prov. Lampung,34711,-4,104,15,15,0,0,1,0,0,4,11,5,4,15,1,0,40,28,53,34,27,24,31,31,37,38,42,22,0,0,0,0,0,0,0,0,0,0,0,0,0,0,7,19,1,407,230,177,11,11,1,1,0,0,0,0,1,1,1,1,1,1,1,1,8,8,3,3,0,0,0,0,0,0,0,0,0,0,11,11,,,,,,,,,,,,,,,,,,
120804,SDN 02 BLAMBANGAN UMPU,https://dapo.kemdikbud.go.id/sekolah/5E32B5DE9762D04BB3E9,http://sekolah.data.kemdikbud.go.id/index.php/chome/profil/006e4471-8b18-e111-8b36-77417f8792e5,27 Mar 2023 11:25:51,B,Kurikulum 2013,10806939,Negeri,SD,Pemerintah Pusat,1985/1986,1910-01-01,,1910-01-01,Tidak ada,BANK LAMPUNG,BARADATU/BLAMBANGAN UMPU,SDN 02 BLAMBANGAN UMPU,Bersedia Menerima,Pagi,Belum Bersertifikat,PLN,900,Tidak Ada,Blambangan Umpu,1 / 3,Km 05,Blambangan Umpu,Kec. Blambangan Umpu,Kab. Way Kanan,Prov. Lampung,34564,-4,104,8,8,0,0,0,0,0,7,4,1,0,11,0,1,9,15,22,13,18,19,17,10,15,13,8,15,0,0,0,0,0,0,0,0,0,0,0,0,0,0,10,11,1,174,89,85,6,6,1,1,0,0,0,0,1,1,1,1,0,0,0,0,2,2,1,1,0,0,0,0,0,0,0,0,0,0,4,4,,,,,,,,,,,,,,,,,,
120804,SDN 02 GISTANG,https://dapo.kemdikbud.go.id/sekolah/CC2A63756F24CD34AA94,http://sekolah.data.kemdikbud.go.id/index.php/chome/profil/206b4371-8b18-e111-be2d-f338bd9282d7,22 Mar 2023 15:13:35,B,Kurikulum 2013,10806915,Negeri,SD,Pemerintah Daerah,822.3/g/04.02/1984,1984-04-01,820/02/21/g/1984,1984-04-01,Tidak ada,BPD LAMPUNG...,BPD LAMPUNG CABANG...,SDN02GISTANG...,Bersedia Menerima,Pagi,Belum Bersertifikat,PLN,900,Tidak Ada,Jl. Letjend Alamsyah Kampung Gistang,2 / 9,Inpres,Gistang,Kec. Blambangan Umpu,Kab. Way Kanan,Prov. Lampung,34564,-4,104,10,10,0,0,0,0,0,10,10,0,0,10,0,2,13,15,9,7,25,10,19,14,21,19,16,25,0,0,0,0,0,0,0,0,0,0,0,0,0,0,10,10,2,193,103,90,6,6,1,1,0,0,0,0,0,0,1,1,1,1,0,0,2,2,0,0,0,0,0,0,0,0,0,0,0,0,4,4,,,,,,,,,,,,,,,,,,
120804,SDN 02 NEGERI BARU,https://dapo.kemdikbud.go.id/sekolah/7CED27D20654299BC52E,http://sekolah.data.kemdikbud.go.id/index.php/chome/profil/70b92970-8b18-e111-84e9-a11509bfc245,17 Mar 2023 09:44:02,B,Kurikulum 2013,10806902,Negeri,SD,Pemerintah Daerah,,1983-07-15,,1910-01-01,Tidak ada,BPD LAMPUNG...,BPD LAMPUNG CABANG BARADATU...,SDN02NEGERIBARU...,Bersedia Menerima,Pagi,Belum Bersertifikat,PLN,900,Telkomsel Flash,Jl.lintas Sumatra No.264,2 / 3,Bedeng Sirap,Negeri Baru,Kec. Blambangan Umpu,Kab. Way Kanan,Prov. Lampung,34764,-4,104,10,10,0,0,0,0,0,5,5,0,2,10,0,2,21,24,23,27,19,14,22,18,16,18,26,14,0,0,0,0,0,0,0,0,0,0,0,0,0,0,5,12,2,242,127,115,7,7,1,1,0,0,0,0,1,1,1,1,0,0,0,0,4,4,1,1,0,0,0,0,0,0,0,0,0,0,1,1,,,,,,,,,,,,,,,,,,
120804,SDN 02 NEGERI BATIN,https://dapo.kemdikbud.go.id/sekolah/4F123BC85D43D0EFDC1A,http://sekolah.data.kemdikbud.go.id/index.php/chome/profil/b0c92a70-8b18-e111-a59f-b5af18dafa52,29 Mar 2023 06:46:25,B,Kurikulum 2013,10806903,Negeri,SD,Pemerintah Daerah,,1983-07-18,,1910-01-01,Tidak ada,BPD LAMPUNG...,BPD LAMPUNG CABANG BARADATU...,SDN02NEGERIBATIN...,Bersedia Menerima,Pagi,Proses Sertifikasi,PLN,5,Tidak Ada,Jl Alamsyah km.20,1 / 1,Jl Alamsyah km.20,Negeri Batin,Kec. Blambangan Umpu,Kab. Way Kanan,Prov. Lampung,34764,-4,104,9,9,0,0,0,0,0,2,2,2,2,13,0,3,21,13,11,25,21,22,8,12,17,15,24,19,0,0,0,0,0,0,0,0,0,0,0,0,0,0,10,15,3,208,102,106,6,6,1,1,0,0,0,0,0,0,1,0,0,0,0,0,2,2,0,0,0,0,0,0,0,0,0,0,0,0,3,3,,,,,,,,,,,,,,,,,,
120804,SDN 02 NEGERI BUMI PUTERA,https://dapo.kemdikbud.go.id/sekolah/080916264B931940E15D,http://sekolah.data.kemdikbud.go.id/index.php/chome/profil/608c5a71-8b18-e111-afdc-31a198b305a3,16 Mar 2023 23:06:54,B,Kurikulum 2013,10806641,Negeri,SD,Pemerintah Daerah,,1982-01-01,,1910-01-01,Tidak ada,BPD LAMPUNG...,BPD LAMPUNG CABANG BARADATU...,SDN02NEGERIBUMIPUTERA...,Bersedia Menerima,Pagi,Belum Bersertifikat,PLN,900,Telkomsel Flash,Sidodadi,1 / 1,Dusun Sebaris,Negeri Bumi Putra,Kec. Blambangan Umpu,Kab. Way Kanan,Prov. Lampung,34764,-4,104,7,7,0,0,1,0,0,1,2,0,2,9,1,0,11,19,12,16,14,12,18,15,22,24,17,17,0,0,0,0,0,0,0,0,0,0,0,0,0,0,3,11,1,197,94,103,8,8,1,1,0,0,0,0,0,0,1,1,0,0,0,0,4,4,1,1,0,0,1,1,0,0,0,0,0,0,1,1,,,,,,,,,,,,,,,,,,
120804,SDN 02 PANCA NEGERI,https://dapo.kemdikbud.go.id/sekolah/0A462A1391F558FD3526,http://sekolah.data.kemdikbud.go.id/index.php/chome/profil/d0be4571-8b18-e111-925e-1d6e7bc24e6c,09 Feb 2023 06:30:42,B,Kurikulum 2013,10806642,Negeri,SD,Pemerintah Pusat,425/274.30/III.01/2006,2010-05-02,,1910-01-01,Tidak ada,LAMPUNG,BARADATU,SDN 02 PANCA NEGERI,Bersedia Menerima,Pagi,9001,PLN,3500,Telkomsel Flash,BETUNG BARU,1 / 1,Betung Baru,Panca Negeri,Kec. Blambangan Umpu,Kab. Way Kanan,Prov. Lampung,34764,-4,104,7,7,0,0,0,0,0,1,1,0,1,6,0,2,13,11,11,12,11,16,11,20,10,16,12,11,0,0,0,0,0,0,0,0,0,0,0,0,0,0,2,7,2,154,68,86,7,7,1,1,0,0,0,0,0,0,1,1,0,0,1,1,4,4,1,1,0,0,0,0,0,0,0,0,0,0,1,1,,,,,,,,,,,,,,,,,,
120804,SDN 02 SANGKARAN BHAKTI,https://dapo.kemdikbud.go.id/sekolah/6D8EBD5188CE37385F61,http://sekolah.data.kemdikbud.go.id/index.php/chome/profil/00122c70-8b18-e111-9f53-1da23f7f115e,27 Mar 2023 10:16:47,B,Kurikulum 2013,10806910,Negeri,SD,Pemerintah Daerah,,1993-07-15,,1910-01-01,Tidak ada,BPD LAMPUNG...,BPD LAMPUNG CABANG BARADATU...,SDN02SANGKARANBHAKTI...,Bersedia Menerima,Siang,Belum Bersertifikat,PLN,900,Telkomsel Flash,Sangkaran Bhakti,17 / 4,SANGKARAN BHAKTI,Sangkaran Bhakti,Kec. Blambangan Umpu,Kab. Way Kanan,Prov. Lampung,34764,-4,104,10,10,0,0,1,0,0,1,4,0,5,9,0,1,20,19,12,19,24,17,18,22,14,11,20,19,0,0,0,0,0,0,0,0,0,0,0,0,0,0,16,14,1,215,108,107,8,8,1,1,0,0,0,0,0,0,1,1,0,0,0,0,8,8,0,0,0,0,0,0,0,0,0,0,0,0,2,2,,,,,,,,,,,,,,,,,,
120804,SDN 02 UMPU BHAKTI,https://dapo.kemdikbud.go.id/sekolah/663320B6E0602A26E2D3,http://sekolah.data.kemdikbud.go.id/index.php/chome/profil/f0982970-8b18-e111-8d89-ebe99d0fd996,31 Mar 2023 08:46:25,B,Kurikulum 2013,10806947,Negeri,SD,Pemerintah Daerah,,1910-01-01,,1910-01-01,Tidak ada,BPD LAMPUNG...,BPD LAMPUNG CABANG BARADATU...,SDN02UMPUBHAKTI...,Bersedia Menerima,Siang,Belum Bersertifikat,PLN,900,Tidak Ada,Dusun 03 Kampung Umpu Bhakti,3 / 3,Umpu Bhakti,Umpu Bakti,Kec. Blambangan Umpu,Kab. Way Kanan,Prov. Lampung,34564,-4,104,6,6,0,0,0,0,0,0,1,0,2,6,0,2,6,8,4,5,6,11,7,9,3,9,7,6,0,0,0,0,0,0,0,0,0,0,0,0,0,0,15,8,2,81,33,48,6,6,1,1,0,0,0,0,1,1,1,1,1,1,1,1,4,4,1,1,0,0,0,0,0,0,0,0,0,0,1,1,,,,,,,,,,,,,,,,,,
120804,SDN 03 GISTANG,https://dapo.kemdikbud.go.id/sekolah/254896E3DF183958B156,http://sekolah.data.kemdikbud.go.id/index.php/chome/profil/20e84571-8b18-e111-bdea-0b2ddff1b90c,12 Mar 2023 19:39:16,B,Kurikulum 2013,10806929,Negeri,SD,Pemerintah Daerah,642.2/627/2/PK/1998,1998-07-30,,1910-01-01,Tidak ada,BPD LAMPUNG...,BPD LAMPUNG CABANG BLAMBANGAN UMPU...,SDN03GISTANG...,Bersedia Menerima,Pagi,Belum Bersertifikat,PLN,900,Telkomsel Flash,Kampung Ojolali,3 / 6,Sidomakmur,Ojo Lali,Kec. Blambangan Umpu,Kab. Way Kanan,Prov. Lampung,34764,-4,104,6,6,0,0,1,0,0,5,2,0,1,7,0,2,12,10,11,8,13,10,11,9,13,15,8,14,0,0,0,0,0,0,0,0,0,0,0,0,0,0,8,8,2,134,68,66,6,6,1,1,0,0,0,0,0,0,2,2,0,0,1,1,2,2,1,1,0,0,0,0,0,0,0,0,0,0,5,5,,,,,,,,,,,,,,,,,,
120804,SDN 03 NEGERI BATIN,https://dapo.kemdikbud.go.id/sekolah/CF29E5A1F16D69EECCF9,http://sekolah.data.kemdikbud.go.id/index.php/chome/profil/70e02a70-8b18-e111-a032-6b8b90e08a2a,28 Mar 2023 08:20:08,C,Kurikulum 2013,10806933,Negeri,SD,Pemerintah Daerah,420/401/IV.01-WK/2022,1910-01-01,420/210/IV.01-WK/2022,1910-01-01,Tidak ada,BPD LAMPUNG...,BPD LAMPUNG CABANG BARADATU...,SDN03NEGERIBATIN...,Bersedia Menerima,Pagi,Belum Bersertifikat,PLN,900,Telkomsel Flash,Jl. Letjen Alamsyah Km 15,2 / 14,purwodadi,Negeri Batin,Kec. Blambangan Umpu,Kab. Way Kanan,Prov. Lampung,34764,-4,104,6,6,0,0,0,0,0,2,1,1,3,8,0,2,7,14,17,9,13,9,14,13,15,12,12,13,0,0,0,0,0,0,0,0,0,0,0,0,0,0,12,11,2,148,78,70,7,7,1,1,0,0,0,0,0,0,1,1,0,0,0,0,4,4,0,0,0,0,0,0,0,0,0,0,0,0,1,1,,,,,,,,,,,,,,,,,,
120804,SD Islam Terpadu,https://dapo.kemdikbud.go.id/sekolah/56F88B4391DA837328D4,http://sekolah.data.kemdikbud.go.id/index.php/chome/profil/505ad0a4-958b-4e58-9191-5f144ffd78af,18 Jan 2023 22:44:21,C,Kurikulum 2013,69896505,Swasta,SD,Yayasan,14/01/2012,2012-01-14,420/287A/III 01-WK/2014,2015-10-18,Tidak ada,BPD LAMPUNG...,BPD LAMPUNG CABANG BARADATU...,SDITSABILULHIDAYAH...,Bersedia Menerima,Pagi,Belum Bersertifikat,PLN,0,Tidak Ada,Jl.Andalas Gunung Sangkaran,16 / 4,WAY KAWAT,Gunung Sangkaran,Kec. Blambangan Umpu,Kab. Way Kanan,Prov. Lampung,34711,-4,104,6,6,0,0,0,0,0,0,1,0,0,4,0,3,6,9,9,12,11,3,10,8,7,7,9,1,0,0,0,0,0,0,0,0,0,0,0,0,0,0,3,4,3,92,52,40,4,4,1,1,0,0,0,0,0,0,0,0,1,1,0,0,2,2,0,0,0,0,0,0,0,0,0,0,0,0,1,2,,,,,,,,,,,,,,,,,,
120804,SDIT DAAR ILMI WAY KANAN,https://dapo.kemdikbud.go.id/sekolah/6BE5B975B4B9653343B9,http://sekolah.data.kemdikbud.go.id/index.php/chome/profil/4f0df32e-f14d-4cf2-b8a2-7f7f20c05bf3,30 Jan 2023 11:01:38,,Kurikulum 2013,70028005,Swasta,SD,Yayasan,01/YP.ZALFA ISLAMI/X/2019,2019-10-26,420/00001/15/DPMPTSP.17/III.2022,2022-03-23,Tidak ada,,,,Bersedia Menerima,Sehari penuh (5 h/m),Belum Bersertifikat,PLN,6600,Telkomsel Flash,Jalan Mayjen Riyacudu KM 09,/,,Blambangan Umpu,Kec. Blambangan Umpu,Kab. Way Kanan,Prov. Lampung,,-4,104,7,7,0,0,0,0,0,2,1,4,1,14,3,3,22,20,13,19,21,14,7,10,0,0,0,0,0,0,0,0,0,0,0,0,0,0,0,0,0,0,9,15,6,126,63,63,7,7,0,0,0,0,0,0,1,1,1,1,0,0,0,0,4,4,0,0,0,0,0,0,1,1,0,0,0,0,3,3,,,,,,,,,,,,,,,,,,
120804,SMP N 1 BLAMBANGAN UMPU,https://dapo.kemdikbud.go.id/sekolah/A1E0590EBF77B4A64D39,http://sekolah.data.kemdikbud.go.id/index.php/chome/profil/60df3475-8b18-e111-9c92-b9b2c9fbd712,25 Mar 2023 10:36:30,A,Kurikulum 2013,10806687,Negeri,SMP,Pemerintah Daerah,5/B/III/1959,1959-02-02,,1910-01-01,Tidak ada,BPD LAMPUNG...,BPD LAMPUNG CABANG BLAMBANGAN UMPU...,SMPN1BLAMBANGANUMPU...,Bersedia Menerima,Pagi,Belum Bersertifikat,PLN,7900,Indosat IM3,Jl.jendral Sudirman No 264,1 / 1,Blambangan Umpu,Blambangan Umpu,Kec. Blambangan Umpu,Kab. Way Kanan,Prov. Lampung,34711,-4,104,18,0,5,6,3,0,2,3,2,4,7,25,3,5,0,0,0,0,0,0,0,0,0,0,0,0,76,92,93,91,81,97,0,0,0,0,0,0,0,0,9,32,8,530,250,280,17,17,1,1,2,2,0,0,0,0,1,1,1,1,0,0,4,4,0,0,0,0,0,0,0,0,0,0,0,0,3,3,,,,,,,,,,,,,,,,,,
120804,SMP N 2 BLAMBANGAN UMPU,https://dapo.kemdikbud.go.id/sekolah/A3F551997053B809F4C5,http://sekolah.data.kemdikbud.go.id/index.php/chome/profil/40933775-8b18-e111-b0cc-dfa3d53d5ed9,26 Mar 2023 22:41:43,B,Kurikulum 2013,10806725,Negeri,SMP,Pemerintah Daerah,,1983-07-11,,1910-01-01,Tidak ada,BPD LAMPUNG...,BPD LAMPUNG CABANG BARADATU...,SMPN2BLAMBANGANUMPU...,Bersedia Menerima,Pagi,Belum Bersertifikat,PLN,900,Tidak Ada,Jl Pendidikan,1 / 1,Putra Bhakti,Umpu Bakti,Kec. Blambangan Umpu,Kab. Way Kanan,Prov. Lampung,34564,-4,104,9,0,2,2,2,0,1,2,2,2,6,11,0,5,0,0,0,0,0,0,0,0,0,0,0,0,58,40,39,51,38,30,0,0,0,0,0,0,0,0,16,17,5,256,135,121,9,9,1,1,1,1,0,0,1,1,1,1,0,0,0,0,4,4,0,0,0,0,0,0,1,1,0,0,1,1,1,8,,,,,,,,,,,,,,,,,,
120804,SMP N 3 BLAMBANGAN UMPU,https://dapo.kemdikbud.go.id/sekolah/DA73C8F0B391BE347193,http://sekolah.data.kemdikbud.go.id/index.php/chome/profil/90073575-8b18-e111-bf25-51020bd8c03f,31 Mar 2023 08:34:01,B,Kurikulum 2013,10810172,Negeri,SMP,Pemerintah Pusat,1542/C3/DS/SK/2005,2005-10-21,,2005-01-10,Tidak ada,BPD LAMPUNG...,BPD LAMPUNG CABANG BARADATU...,SMPN3BLAMBANGANUMPU...,Bersedia Menerima,Pagi,9001,PLN,1300,Telkomsel Flash,Jl. Letjend Alamsyah Km. 23,0 / 0,GISTANG,Gistang,Kec. Blambangan Umpu,Kab. Way Kanan,Prov. Lampung,34764,-4,104,8,0,3,2,2,0,1,1,2,1,5,10,2,2,0,0,0,0,0,0,0,0,0,0,0,0,35,37,33,42,29,23,0,0,0,0,0,0,0,0,14,15,4,199,97,102,9,9,1,1,2,2,0,0,1,1,1,1,1,1,0,0,4,4,1,1,0,0,0,0,1,1,1,1,1,1,2,2,,,,,,,,,,,,,,,,,,
120804,SMP N 4 BLAMBANGAN UMPU,https://dapo.kemdikbud.go.id/sekolah/A6ECFF7BAF566DA4772B,http://sekolah.data.kemdikbud.go.id/index.php/chome/profil/90f33475-8b18-e111-9070-214c05105ccf,30 Mar 2023 01:28:29,B,Kurikulum 2013,10809913,Negeri,SMP,Pemerintah Daerah,2005,2006-03-28,7/WK/2006,2006-03-28,Tidak ada,BPD LAMPUNG...,BPD LAMPUNG CABANG BARADATU...,SMPN4BLAMBANGANUMPU...,Bersedia Menerima,Pagi,9001,PLN,0,Lainnya,Jl Poros  Sangkaran Bhakti,2 / 1,,SANGKARAN BHAKTI,Kec. Blambangan Umpu,Kab. Way Kanan,Prov. Lampung,34764,-4,104,9,0,3,3,2,0,1,2,3,2,5,13,3,1,0,0,0,0,0,0,0,0,0,0,0,0,34,40,49,39,36,48,0,0,0,0,0,0,0,0,8,18,4,246,119,127,9,9,1,1,2,2,0,0,1,1,1,1,1,1,1,1,5,5,1,1,0,0,0,0,1,1,1,1,1,1,1,1,,,,,,,,,,,,,,,,,,
120804,SMP N 5 BLAMBANGAN UMPU,https://dapo.kemdikbud.go.id/sekolah/C2EF62513D5499710FA6,http://sekolah.data.kemdikbud.go.id/index.php/chome/profil/801c3575-8b18-e111-a631-1d1f2e2498c5,25 Mar 2023 22:43:56,B,Kurikulum 2013,10809921,Negeri,SMP,Pemerintah Daerah,16 tahun 2007,2007-10-05,,1910-01-01,Tidak ada,BPD LAMPUNG...,BPD LAMPUNG CABANG BARADATU WAY KANAN...,SMPN5BLAMBANGANUMPU...,Bersedia Menerima,Pagi,Belum Bersertifikat,PLN,5500,Smartfren,Jl. Mayjend Ryacudu,0 / 0,,Blambangan Umpu,Kec. Blambangan Umpu,Kab. Way Kanan,Prov. Lampung,34764,-4,104,17,0,4,5,5,0,3,3,6,2,6,22,5,6,0,0,0,0,0,0,0,0,0,0,0,0,93,75,84,76,92,77,0,0,0,0,0,0,0,0,33,28,11,497,269,228,14,14,1,1,2,2,0,0,1,1,1,1,1,1,1,1,4,4,1,1,0,0,1,1,1,1,0,0,1,1,23,23,,,,,,,,,,,,,,,,,,
120804,SMP N 6 BLAMBANGAN UMPU,https://dapo.kemdikbud.go.id/sekolah/6FD2688D8C123DA0414C,http://sekolah.data.kemdikbud.go.id/index.php/chome/profil/b0b53475-8b18-e111-98ee-0d97253a75e4,14 Mar 2023 20:13:12,B,Kurikulum 2013,10810776,Negeri,SMP,Pemerintah Pusat,4. TH 2009,2009-07-22,,1910-01-01,Tidak ada,Bank Lampung,Baradatu,SMP NEGERI 6 BLAMBANGAN UMPU,Bersedia Menerima,Pagi,Belum Bersertifikat,PLN,900,Telkomsel Flash,Jl. Ratu Jimat Km 17,1 / 1,Negeri batin,Negeri Batin,Kec. Blambangan Umpu,Kab. Way Kanan,Prov. Lampung,34764,-4,104,4,0,1,3,2,0,1,1,1,2,4,10,1,3,0,0,0,0,0,0,0,0,0,0,0,0,25,15,18,10,15,17,0,0,0,0,0,0,0,0,4,14,4,100,58,42,10,10,1,1,1,1,0,0,1,1,1,1,1,1,1,1,4,4,1,1,0,0,1,1,1,1,2,2,1,1,3,3,,,,,,,,,,,,,,,,,,
120804,SMP N 7 BLAMBANGAN UMPU,https://dapo.kemdikbud.go.id/sekolah/93A0732798590DAFFC5F,http://sekolah.data.kemdikbud.go.id/index.php/chome/profil/10415b71-8013-e211-9c0b-39f829227b1c,21 Mar 2023 09:09:17,B,Kurikulum 2013,60726131,Negeri,SMP,Pemerintah Daerah,Perbup Way Kanan No. 47 Tahun 2012,1910-01-01,Perbup Way Kanan No. 47 Tahun 2012,2012-11-20,Tidak ada,Bank Lampung,Baradatu Way Kanan,SMPN 7 Blambangan Umpu,Bersedia Menerima,Pagi,Belum Bersertifikat,PLN,900,Tidak Ada,Jl. Lintas Sumatera Kp. Bumi Ratu Blambangan Umpu,0 / 0,,Bumi Ratu,Kec. Blambangan Umpu,Kab. Way Kanan,Prov. Lampung,34711,-4,104,8,0,2,2,2,0,1,2,1,1,6,10,2,1,0,0,0,0,0,0,0,0,0,0,0,0,39,43,37,35,30,32,0,0,0,0,0,0,0,0,8,16,3,216,106,110,8,8,1,1,1,1,0,0,1,1,1,1,1,1,0,0,2,2,1,1,0,0,1,1,1,1,0,0,0,0,2,2,,,,,,,,,,,,,,,,,,
120804,SMPN 8 Blambangan Umpu,https://dapo.kemdikbud.go.id/sekolah/106F57460D67CF14C279,http://sekolah.data.kemdikbud.go.id/index.php/chome/profil/40298975-8b18-e111-8b3b-efe64dea2aa3,20 Mar 2023 21:02:17,C,Kurikulum 2013,10809769,Negeri,SMP,Pemerintah Pusat,A37749B/I12/P/1986,1986-09-03,22251/1.12.Q4/IJ/2000,2000-10-14,Tidak ada,BANK LAMPUNG,cabang,SMPN 8 BLAMBANGAN UMPU,Bersedia Menerima,Pagi,Belum Bersertifikat,PLN,4000,Lainnya,Jalan Pendidikan I Kampung Bumi Baru,4 / 1,Bumi Baru,Bumi Baru,Kec. Blambangan Umpu,Kab. Way Kanan,Prov. Lampung,34711,-4,104,8,0,2,4,1,0,1,1,1,1,5,11,2,0,0,0,0,0,0,0,0,0,0,0,0,0,44,53,30,31,43,39,0,0,0,0,0,0,0,0,12,16,2,240,117,123,15,15,1,1,2,2,0,0,2,2,1,1,0,0,0,0,6,6,0,0,0,0,0,0,1,1,0,0,0,0,1,1,,,,,,,,,,,,,,,,,,
120804,SMPN Satu Atap Tanjung Raja Sakti,https://dapo.kemdikbud.go.id/sekolah/6F87C96A47B090CCE64D,http://sekolah.data.kemdikbud.go.id/index.php/chome/profil/9af3f608-42c2-484d-a4d1-d824e5c567b1,30 Mar 2023 15:16:35,C,Kurikulum 2013,69946533,Negeri,SMP,Pemerintah Daerah,B.44.d/III.01-WK/HK/2016,2016-04-21,B.44.d/III.01-WK/HK/2016,2016-04-21,Tidak ada,BPD LAMPUNG...,BPD LAMPUNG CABANG BARADATU...,SMPNSATUATAPTANJUNGRAJASAKTI...,Bersedia Menerima,Pagi,Proses Sertifikasi,Diesel,220,Tidak Ada,Kampung Tanjung Raja Sakti Kecamatan Blambangan Umpu,1 / 4,Rengas Mutung,Tanjung Raja Sakti,Kec. Blambangan Umpu,Kab. Way Kanan,Prov. Lampung,34711,-4,104,3,0,1,1,2,0,1,1,2,1,2,4,1,0,0,0,0,0,0,0,0,0,0,0,0,0,4,5,13,6,2,6,0,0,0,0,0,0,0,0,3,6,1,36,19,17,3,3,0,0,0,0,0,0,0,0,1,1,0,0,0,0,2,2,0,0,0,0,0,0,0,0,0,0,0,0,1,1,,,,,,,,,,,,,,,,,,
120804,SMP ISLAM MIFTAHUL IKHLAS,https://dapo.kemdikbud.go.id/sekolah/4DB03EBC893E0E52D649,http://sekolah.data.kemdikbud.go.id/index.php/chome/profil/3e30851a-5dbe-4b06-89bf-d2460030a3a7,16 Mar 2023 12:10:57,,Kurikulum 2013,70028771,Swasta,SMP,Yayasan,001/YAMI.SMP/SKEP/VII/2020,2020-12-01,420/00002/15/IV.17-WK.6/IV.2022,2022-04-27,Tidak ada,,,,Bersedia Menerima,Pagi,Belum Bersertifikat,PLN,900,Telkomsel Flash,Jln. Lintas Sumatera No. 130 Umpu Semenguk,1 / 1,Negeri Baru,Negeri Baru,Kec. Blambangan Umpu,Kab. Way Kanan,Prov. Lampung,34764,4,104,2,0,0,0,0,0,1,0,1,1,0,3,0,2,0,0,0,0,0,0,0,0,0,0,0,0,14,5,15,6,0,0,0,0,0,0,0,0,0,0,4,3,2,40,29,11,2,2,0,0,0,0,0,0,1,1,1,1,0,0,0,0,5,5,0,0,0,0,0,0,0,0,0,0,0,0,0,2,,,,,,,,,,,,,,,,,,
120804,SMP Islam Sabilul Hidayah,https://dapo.kemdikbud.go.id/sekolah/337E98B5BB9D2EB474F8,http://sekolah.data.kemdikbud.go.id/index.php/chome/profil/ca6cb83f-71c9-4463-ad98-52b9b77ea37f,20 Feb 2023 21:19:14,C,Kurikulum 2013,69896510,Swasta,SMP,Yayasan,14/01/2012,1900-01-01,420/287 /III.01-WK/2014,2015-10-18,Tidak ada,BPD LAMPUNG...,BPD LAMPUNG CABANG JL.NEGARA BARADATU NO. 180 A BARADA...,SMPISABILULHIDAYAH...,Bersedia Menerima,Pagi,Proses Sertifikasi,PLN,1200,Indosat IM3,Jl.Andalas Gunung Sangkaran,16 / 4,Gunung sangkaran,Gunung Sangkaran,Kec. Blambangan Umpu,Kab. Way Kanan,Prov. Lampung,34564,-4,104,4,0,2,4,2,0,3,2,3,2,2,2,1,1,0,0,0,0,0,0,0,0,0,0,0,0,25,20,32,20,13,12,0,0,0,0,0,0,0,0,5,4,2,122,70,52,3,3,0,0,0,0,0,0,0,0,0,0,1,1,0,0,2,2,0,0,0,0,0,0,0,0,0,0,0,0,1,1,,,,,,,,,,,,,,,,,,
120804,SMP PGRI 2 BLAMBANGAN UMPU,https://dapo.kemdikbud.go.id/sekolah/4E92DA8B9EA524198B51,http://sekolah.data.kemdikbud.go.id/index.php/chome/profil/40fc7e51-8013-e211-8895-3740a45ca7bb,29 Mar 2023 15:08:37,C,Kurikulum 2013,10809770,Swasta,SMP,Yayasan,420/146/III-04/2003,2002-01-16,420/27/III-04/2005,2002-07-20,Tidak ada,BPD LAMPUNG...,BPD LAMPUNG CABANG BARADATU...,SMPPGRI2BLAMBANGANUMPU...,Bersedia Menerima,Sehari penuh (5 h/m),Belum Bersertifikat,PLN,1300,Lainnya,Jl. Pramuka No. 2 Umpu Kencana,6 / 2,Sri Mulyo,Umpu kencana,Kec. Blambangan Umpu,Kab. Way Kanan,Prov. Lampung,34764,-4,104,3,0,1,2,1,0,1,1,1,1,1,4,1,1,0,0,0,0,0,0,0,0,0,0,0,0,22,14,19,9,13,17,0,0,0,0,0,0,0,0,5,5,2,94,54,40,5,5,1,1,1,1,0,0,0,0,1,1,0,0,0,0,3,3,0,0,0,0,0,0,0,0,0,0,0,0,5,5,,,,,,,,,,,,,,,,,,
120804,SMAN 1 BLAMBANGAN UMPU,https://dapo.kemdikbud.go.id/sekolah/F57C0C4A4A912AE899D4,http://sekolah.data.kemdikbud.go.id/index.php/chome/profil/c7100cab-d89c-4797-8a26-346aa8aad29a,23 Mar 2023 14:37:57,B,Kurikulum 2013,10806792,Negeri,SMA,Pemerintah Daerah,0473/0/1983,1983-11-09,0473/0/1983,1983-11-09,Tidak ada,BPD LAMPUNG...,BPD LAMPUNG CABANG BARADATU...,SMANEGERI1BLAMBANGANUMPU...,Bersedia Menerima,Sehari penuh (5 h/m),Belum Bersertifikat,PLN,23000,Telkomsel Flash,JL. JENDERAL SUDIRMAN KM.1,1 / 1,BLAMBANGAN UMPU,Blambangan Umpu,Kec. Blambangan Umpu,Kab. Way Kanan,Prov. Lampung,34764,-4,104,24,0,8,4,2,4,3,3,3,3,7,41,4,6,0,0,0,0,0,0,0,0,0,0,0,0,0,0,0,0,0,0,126,171,113,159,107,122,0,0,21,48,10,798,346,452,25,25,1,1,5,5,0,0,1,1,1,1,1,1,0,0,15,15,0,0,0,0,0,0,1,1,1,1,0,0,33,33,,,,,,,,,,,,,,,,,,
120804,SMAN 2 BLAMBANGAN UMPU,https://dapo.kemdikbud.go.id/sekolah/9DDCF6A0BFB00DE6A513,http://sekolah.data.kemdikbud.go.id/index.php/chome/profil/7b557edd-29df-4716-a253-52be13846a9e,13 Mar 2023 11:56:32,C,Kurikulum 2013,60726124,Negeri,SMA,Pemerintah Pusat,31 TAHUN 2012,,PERBUP NO 31 TAHUN 2012,,Tidak ada,BANK LAMPUNG,Baradatu,SMA NEGERI 2 BLAMBANGAN UMPU,Bersedia Menerima,Sehari penuh (5 h/m),9001,PLN,1300,Telkomsel Flash,SIDOARJO,0 / 0,sidoarjo,SIDOARJO,Kec. Blambangan Umpu,Kab. Way Kanan,Prov. Lampung,34764,-4,104,3,0,3,1,2,2,1,1,1,1,7,12,2,2,0,0,0,0,0,0,0,0,0,0,0,0,0,0,0,0,0,0,22,7,14,13,4,12,0,0,10,19,4,72,40,32,6,6,1,1,5,5,0,0,1,1,1,1,0,0,0,0,4,4,2,2,0,1,0,0,1,0,1,1,0,0,1,14,,,,,,,,,,,,,,,,,,
120804,SMAN 3 Blambangan Umpu,https://dapo.kemdikbud.go.id/sekolah/A583FCAEA59AF1D55BA7,http://sekolah.data.kemdikbud.go.id/index.php/chome/profil/9709fc53-65fe-4b0e-9236-233a68751353,15 Mar 2023 09:55:43,B,Kurikulum 2013,69987038,Negeri,SMA,Pemerintah Daerah,463/3089/V.16/2019,2019-03-19,463/3090/V.16/2019,2019-03-19,Tidak ada,BPD LAMPUNG...,BPD LAMPUNG CABANG BARADATU...,SMAN3BLAMBANGANUMPU...,Bersedia Menerima,Sehari penuh (5 h/m),Belum Bersertifikat,PLN,1300,Lainnya,Jl. Inpres No.140,5 / 2,Sri Mulyo,Umpu Kencana,Kec. Blambangan Umpu,Kab. Way Kanan,Prov. Lampung,34711,-4,104,6,0,4,2,2,1,1,1,3,1,3,11,1,0,0,0,0,0,0,0,0,0,0,0,0,0,0,0,0,0,0,0,45,37,34,33,29,32,0,0,11,14,1,210,108,102,3,5,1,1,1,3,0,0,1,1,1,1,0,0,0,0,10,10,1,1,2,2,0,0,2,2,0,0,0,0,6,9,,,,,,,,,,,,,,,,,,
120804,SMA ISLAM SABILUL HIDAYAH,https://dapo.kemdikbud.go.id/sekolah/8C3EDA36BFFCB4F7942A,http://sekolah.data.kemdikbud.go.id/index.php/chome/profil/e1692fba-b8d0-4e9b-9132-a3ef66ecef65,27 Feb 2023 22:48:45,C,Kurikulum 2013,69987979,Swasta,SMA,Yayasan,20,2018-01-08,463/14797/V.16/2018,2018-12-10,Tidak ada,BANK LAMPUNG,BARADATU,SMA ISLAM SABILUL HIDAYAH,Bersedia Menerima,Siang,Belum Bersertifikat,PLN,900,Telkomsel Flash,Gunung Sangkaran,16 / 2,WAY KAWAT,Gunung Sangkaran,Kec. Blambangan Umpu,Kab. Way Kanan,Prov. Lampung,34764,-4,104,3,0,0,0,0,0,0,0,1,0,2,3,1,0,0,0,0,0,0,0,0,0,0,0,0,0,0,0,0,0,0,0,19,15,22,15,11,7,0,0,5,5,1,89,52,37,3,3,1,1,1,1,0,0,1,1,1,1,1,1,1,1,4,4,1,1,0,0,0,0,1,1,0,0,1,1,2,2,,,,,,,,,,,,,,,,,,
120804,SMAS PGRI BLAMBANGAN UMPU,https://dapo.kemdikbud.go.id/sekolah/FF70F8A77382A67B4784,http://sekolah.data.kemdikbud.go.id/index.php/chome/profil/77e54a04-21c3-4780-8eae-2408b7741cd7,11 Mar 2023 08:05:59,C,Kurikulum 2013,10815040,Swasta,SMA,Yayasan,,1901-01-01,420/247/III.04.C/2005,2005-07-16,Tidak ada,BANK LAMPUNG,BARADATU,Sekolah,Bersedia Menerima,Siang,Belum Bersertifikat,PLN,0,Tidak Ada,KP. BUMI BARU,1 / 2,Bumi Baru,Bumi Baru,Kec. Blambangan Umpu,Kab. Way Kanan,Prov. Lampung,34567,-4,104,3,0,1,1,1,1,1,1,3,1,2,0,2,0,0,0,0,0,0,0,0,0,0,0,0,0,0,0,0,0,0,0,12,16,16,17,12,8,0,0,12,2,2,81,40,41,2,2,0,0,0,0,0,0,0,0,0,0,0,0,0,0,1,1,0,0,0,0,0,0,1,1,0,0,0,0,1,1,,,,,,,,,,,,,,,,,,
120804,SMKN BLAMBANGAN UMPU,https://dapo.kemdikbud.go.id/sekolah/F727A90FA3CB432CBCA6,http://sekolah.data.kemdikbud.go.id/index.php/chome/profil/14558bba-a6d3-4156-b5e8-6f06bfbd8b10,25 Mar 2023 16:08:25,C,Kurikulum 2013,10806766,Negeri,SMK,Pemerintah Pusat,B.47/M.02-WK/HK/2003,2003-07-15,B.47/M.02-WK/HK/2003,2003-07-15,Tidak ada,BPD LAMPUNG...,BPD LAMPUNG CABANG BARADATU...,SMKN1BLAMBANGANUMPU...,Bersedia Menerima,Sehari penuh (5 h/m),Belum Bersertifikat,PLN,22000,Telkom Speedy,Jl. Mayjend Ryacudu Km.06 No. 486,3 / 6,LINGKUNGAN VI,Blambangan Umpu,Kec. Blambangan Umpu,Kab. Way Kanan,Prov. Lampung,34711,-4,104,24,0,4,4,4,1,2,2,3,3,20,22,7,5,0,0,0,0,0,0,0,0,0,0,0,0,0,0,0,0,0,0,95,86,84,72,67,72,0,0,39,42,12,476,246,230,22,22,2,2,1,1,0,0,1,1,1,1,1,1,0,0,12,12,1,1,0,0,0,0,1,1,0,0,0,0,30,30,,,,,,,,,,,,,,,,,,
120804,PKBM FLAMBOYAN,https://dapo.kemdikbud.go.id/sekolah/E9F30C294F93EF6FD80B,http://sekolah.data.kemdikbud.go.id/index.php/chome/profil/870fb7c3-18c8-4c2d-a34e-d786dafde70a,31 Mar 2023 11:51:06,C,Kurikulum 2013,P2963847,Swasta,PKBM,Yayasan,425/001/PKBM-FB/BU/IX/2009,2009-08-24,420/74/III.01/2016,2016-05-04,Tidak ada,BPD LAMPUNG,BARADATU,P2963847 PKBM FLAMBOYAN,Bersedia Menerima,Pagi,9001,PLN,1300,Telkom Speedy,Jl. Lintas Sumatra No. 225 Bedeng Sirap,1 / 1,Bedeng Sirap,Negeri Baru,Kec. Blambangan Umpu,Kab. Way Kanan,Prov. Lampung,34564,-4,104,18,0,3,3,1,1,4,7,6,4,7,5,1,0,0,0,0,0,0,0,0,0,0,0,0,0,0,0,0,0,0,0,0,0,0,0,0,0,0,0,28,12,1,279,191,88,5,4,2,2,1,1,1,1,1,1,1,1,2,2,0,0,1,1,0,0,0,0,0,0,0,0,0,0,0,0,1,1,,,,,,,,,,,,,,,,,,
120804,SKB WAY KANAN,https://dapo.kemdikbud.go.id/sekolah/66B9EFC54C7A24296176,http://sekolah.data.kemdikbud.go.id/index.php/chome/profil/b5bbc8ae-c35b-4ac2-90ba-369d3e22cd9b,21 Mar 2023 08:55:43,B,Kurikulum 2013,P9970246,Negeri,SKB,Pemerintah Daerah,7 TAHUN 2007,2007-05-09,58 TAHUN 2017,2017-08-18,Q - Autis,BPD LAMPUNG,BARADATU,P9970246 SKB WAY KANAN,Bersedia Menerima,Pagi,9001,PLN,1800,Telkomsel Flash,JL. JENDERAL SUDIRMAN NO. 101,1 / 3,Blambangan Umpu,Blambangan Umpu,Kec. Blambangan Umpu,Kab. Way Kanan,Prov. Lampung,34764,-4,104,18,9,4,5,1,2,4,2,5,1,7,20,4,2,0,0,0,0,0,0,0,0,0,0,0,0,0,0,0,0,0,0,0,0,0,0,0,0,0,0,23,27,6,413,271,142,6,6,1,2,1,1,2,1,1,1,1,0,0,0,1,2,4,7,3,2,0,0,2,2,0,0,0,0,0,0,1,12,,,,,,,,,,,,,,,,,,
