kode_kec,nama,link_dapo,link_sekolah_kita,last_sync,akreditasi,kurikulum,npsn,status,bentuk_pendidikan,status_kepemilikan,sk_pendirian_sekolah,tanggal_sk_pendirian,sk_izin_operasional,tanggal_sk_izin_operasional,kebutuhan_khusus_dilayani,nama_bank,cabang_kcp/unit,rekening_atas_nama,status_bos,waku_penyelenggaraan,sertifikasi_iso,sumber_listrik,daya_listrik,akses_internet,alamat,rt_/_rw,dusun,desa_/_kelurahan,kecamatan,kabupaten,provinsi,kode_pos,lintang,bujur,rombel,guru_kelas,guru_matematika,guru_bahasa_indonesia,guru_bahasa_inggris,guru_sejarah_indonesia,guru_pkn,guru_penjaskes,guru_agama_budi_pekerti,guru_seni_budaya,ptk_laki,ptk_perempuan,pegawai_laki,pegawai_perempuan,pd_kelas_1_laki,pd_kelas_1_perempuan,pd_kelas_2_laki,pd_kelas_2_perempuan,pd_kelas_3_laki,pd_kelas_3_perempuan,pd_kelas_4_laki,pd_kelas_4_perempuan,pd_kelas_5_laki,pd_kelas_5_perempuan,pd_kelas_6_laki,pd_kelas_6_perempuan,pd_kelas_7_laki,pd_kelas_7_perempuan,pd_kelas_8_laki,pd_kelas_8_perempuan,pd_kelas_9_laki,pd_kelas_9_perempuan,pd_kelas_10_laki,pd_kelas_10_perempuan,pd_kelas_11_laki,pd_kelas_11_perempuan,pd_kelas_12_laki,pd_kelas_12_perempuan,pd_kelas_13_laki,pd_kelas_13_perempuan,jumlah_kirim,ptk,pegawai,pd,pd_laki,pd_perempuan,before_ruang_kelas,after_ruang_kelas,before_ruang_perpus,after_ruang_perpus,before_ruang_lab,after_ruang_lab,before_ruang_praktik,after_ruang_praktik,before_ruang_pimpinan,after_ruang_pimpinan,before_ruang_guru,after_ruang_guru,before_ruang_ibadah,after_ruang_ibadah,before_ruang_uks,after_ruang_uks,before_toilet,after_toilet,before_gudang,after_gudang,before_ruang_sirkulasi,after_ruang_sirkulasi,before_tempat_bermain_olahraga,after_tempat_bermain_olahraga,before_ruang_tu,after_ruang_tu,before_ruang_konseling,after_ruang_konseling,before_ruang_osis,after_ruang_osis,before_bangunan,after_bangunan,identitas_valid,ptk_valid,pd_valid,prasarana_valid,total_valid,sekolah_id,semester_id,sumber_air,sumber_air_minum,kecukupan_air_bersih,jamban_kk,tipe_jamban,jml_hari_cuci_tangan,jml_wastafel,jml_wastafel_rusak,air_mengalir_wastafel,memiliki_drainase,menguras_tangki_septik
051406,TK AISYIYAH BUSTANUL ATHFAL KAMPUNGBARU,https://dapo.kemdikbud.go.id/sekolah/4A456CEF1158D54D881A,http://sekolah.data.kemdikbud.go.id/index.php/chome/profil/4e07b5db-7f2a-49fe-89d2-99314b090a94,21 Feb 2023 16:36:32,Belum Terakreditasi,Kurikulum 2013,20557757,Swasta,TK,Yayasan,197/SK-PDA/D/X/2013,1968-01-01,421.9/280.9/411.301.4/2022,2022-02-15,Tidak ada,BPD JAWA TIMUR,CAPEM TANJUNGANOM,20557757 TK ABA KAMPUNGBARU,Bersedia Menerima,Pagi,Belum Bersertifikat,PLN,900,Tidak Ada,"JL. NANGKULA TAKAT, DS. KAMPUNGBARU",8 / 8,KAMPUNG BARU,Kampungbaru,Kec. Tanjunganom,Kab. Nganjuk,Prov. Jawa Timur,64483,-7,112,2,1,0,0,0,0,0,0,0,0,0,0,0,1,0,0,0,0,0,0,0,0,0,0,0,0,0,0,0,0,0,0,0,0,0,0,0,0,0,0,3,0,1,11,7,4,2,2,0,0,0,0,0,0,0,0,0,0,0,0,0,0,1,1,0,0,0,0,0,0,0,0,0,0,0,0,1,1,,,,,,,,,,,,,,,,,,
051406,TK BUNDA DEMANGAN,https://dapo.kemdikbud.go.id/sekolah/5CC25A16644DA6859AE3,http://sekolah.data.kemdikbud.go.id/index.php/chome/profil/f2ed8058-58ba-478e-8a8a-6942c9de8f22,18 Mar 2023 05:42:51,Belum Terakreditasi,Kurikulum 2013,69818178,Swasta,TK,Yayasan,02/YYS.RS/VII/2011,2011-07-01,421.9/1888.193 /411.301.4/2022,2022-07-01,Tidak ada,BPD JAWA TIMUR,CAPEM TANJUNGANOM,69818178 TK BUNDA DEMANGAN,Bersedia Menerima,Pagi,Belum Bersertifikat,PLN,450,Tidak Ada,DUSUN BANDAR ALIM,4 / 6,bandaralim,Demangan,Kec. Tanjunganom,Kab. Nganjuk,Prov. Jawa Timur,64483,-7,112,2,2,0,0,0,0,0,0,0,0,0,2,0,1,0,0,0,0,0,0,0,0,0,0,0,0,0,0,0,0,0,0,0,0,0,0,0,0,0,0,7,2,1,27,17,10,2,2,0,0,0,0,0,0,0,0,1,1,1,1,0,0,1,1,1,1,0,0,0,0,0,0,0,0,0,0,1,1,,,,,,,,,,,,,,,,,,
051406,TK DHARMA WANITA SIDOHARJO,https://dapo.kemdikbud.go.id/sekolah/37131F27C82EABE3D85D,http://sekolah.data.kemdikbud.go.id/index.php/chome/profil/4c22d396-7dfc-401e-985a-b08d6cf36efe,14 Mar 2023 17:47:21,B,Kurikulum 2013,20557783,Swasta,TK,Yayasan,211/411.5191/10/2021,1983-07-01,421.9/1888.211/411.301.4/2022,2022-07-07,Tidak ada,BPD JAWA TIMUR,CAPEM TANJUNGANOM,20557783 TK DW SIDOHARJO,Bersedia Menerima,Pagi,Belum Bersertifikat,PLN,450,Tidak Ada,"DUSUN GAMBYOK, DS. SIDOHARJO",4 / 1,GAMBYOK,Sidoharjo,Kec. Tanjunganom,Kab. Nganjuk,Prov. Jawa Timur,64483,0,0,2,2,0,0,0,0,0,0,0,0,0,2,0,1,0,0,0,0,0,0,0,0,0,0,0,0,0,0,0,0,0,0,0,0,0,0,0,0,0,0,7,2,1,26,17,9,2,2,0,0,0,0,0,0,0,0,0,0,0,0,0,0,1,1,0,0,0,0,0,0,0,0,0,0,0,0,1,1,,,,,,,,,,,,,,,,,,
051406,TK DHARMA WANITA WARUJAYENG,https://dapo.kemdikbud.go.id/sekolah/3FC25EBE4A07E3666E08,http://sekolah.data.kemdikbud.go.id/index.php/chome/profil/b0d90c91-1891-4560-a0b1-2a834aedbbab,27 Mar 2023 12:09:41,C,Kurikulum 2013,20557944,Swasta,TK,Yayasan,1761a/104.22/1.88,1985-07-14,421.9/ 1888.195 /411.301.4/2022,2022-07-26,Tidak ada,BPD JAWA TIMUR,CAPEM TANJUNGANOM,20557944 TK DW WARUJAYENG,Bersedia Menerima,Pagi,Belum Bersertifikat,PLN,900,Telkomsel Flash,"LINGK. BULUREJO, DS. WARUJAYENG",2 / 2,LINGK.BULUREJO,Warujayeng,Kec. Tanjunganom,Kab. Nganjuk,Prov. Jawa Timur,64483,0,0,2,2,0,0,0,0,0,0,0,0,0,2,0,1,0,0,0,0,0,0,0,0,0,0,0,0,0,0,0,0,0,0,0,0,0,0,0,0,0,0,19,2,1,38,16,22,2,2,0,0,0,0,0,0,1,1,0,0,0,0,0,0,2,2,0,0,0,0,0,0,0,0,0,0,0,0,1,1,,,,,,,,,,,,,,,,,,
051406,TK DHERMAJAYA,https://dapo.kemdikbud.go.id/sekolah/55442825041F3989969C,http://sekolah.data.kemdikbud.go.id/index.php/chome/profil/753d3e20-7d03-4b44-bcba-813c13cb5f30,02 Mar 2023 12:12:33,,Kurikulum 2013,69950974,Swasta,TK,Yayasan,001/TK.DJ/01.VI/2015,2015-06-01,421.9/1603.42/411.301.4/2022,2022-06-30,Tidak ada,BPD JAWA TIMUR,CAPEM TANJUNGANOM,69950974 TK DHERMAJAYA,Bersedia Menerima,Siang,Belum Bersertifikat,PLN,450,Lainnya (Serat Optik),DESA KEDUNGREJO,1 / 6,Bendungan,Kedungrejo,Kec. Tanjunganom,Kab. Nganjuk,Prov. Jawa Timur,64483,-5,114,2,2,0,0,0,0,0,0,0,0,0,1,0,1,0,0,0,0,0,0,0,0,0,0,0,0,0,0,0,0,0,0,0,0,0,0,0,0,0,0,3,1,1,19,10,9,2,2,0,0,0,0,0,0,0,0,1,1,1,1,0,0,1,1,0,0,0,0,0,0,0,0,0,0,0,0,1,1,,,,,,,,,,,,,,,,,,
051406,TK HARAPAN KITA,https://dapo.kemdikbud.go.id/sekolah/18D38C79D2DE71A7A122,http://sekolah.data.kemdikbud.go.id/index.php/chome/profil/25c686f4-84e0-4856-96ce-7fa6f87851f9,05 Feb 2023 15:57:02,Belum Terakreditasi,Kurikulum 2013,69936303,Swasta,TK,Yayasan,01/SK.PD.TK.HK/I/2014,2014-01-01,421.9/280.59/411.301.4/2022,2022-02-15,Tidak ada,BPD JAWA TIMUR,CAPEM TANJUNGANOM,69936303 TK HARAPAN KITA,Bersedia Menerima,Pagi,Belum Bersertifikat,PLN,450,Tidak Ada,Dsn Kebunagung Desa Sumberkepuh,1 / 8,KEBONAGUNG,Sumberkepuh,Kec. Tanjunganom,Kab. Nganjuk,Prov. Jawa Timur,64483,0,0,1,1,0,0,0,0,0,0,0,0,0,0,0,1,0,0,0,0,0,0,0,0,0,0,0,0,0,0,0,0,0,0,0,0,0,0,0,0,0,0,3,0,1,9,6,3,2,2,0,0,0,0,0,0,0,0,1,1,0,0,0,0,1,1,0,0,0,0,0,0,0,0,0,0,0,0,1,1,,,,,,,,,,,,,,,,,,
051406,TK ISLAM DARUL  MUSTHOFA,https://dapo.kemdikbud.go.id/sekolah/25CBD00F57B8E191A612,http://sekolah.data.kemdikbud.go.id/index.php/chome/profil/aceba7b4-14d7-4089-86ec-f5fd456ef33e,30 Jan 2023 09:16:10,,Kurikulum 2013,69980135,Swasta,TK,Yayasan,15037.1/SK/YHM,2017-09-15,421.9/280.537/411.301.4/2022,2022-02-15,Tidak ada,BPD JAWA TIMUR,CAPEM TANJUNGANOM,69980135 TK I DARUL  MUSTHOFA,Bersedia Menerima,Pagi,Belum Bersertifikat,PLN,450,Tidak Ada,"DSN. KURUNG LOR, DESA KAMPUNG BARU, TANJUNGANOM",2 / 12,Kurung Lor,Kampungbaru,Kec. Tanjunganom,Kab. Nganjuk,Prov. Jawa Timur,64483,0,0,2,3,0,0,0,0,0,0,0,0,0,3,0,1,0,0,0,0,0,0,0,0,0,0,0,0,0,0,0,0,0,0,0,0,0,0,0,0,0,0,3,3,1,16,11,5,2,2,0,0,0,0,0,0,0,0,1,1,0,0,0,0,2,2,0,0,0,0,0,0,0,0,0,0,0,0,1,1,,,,,,,,,,,,,,,,,,
051406,TK ISLAM TERPADU BINA MULIA NGADIREJO,https://dapo.kemdikbud.go.id/sekolah/D477260B117EBDB58A4F,http://sekolah.data.kemdikbud.go.id/index.php/chome/profil/18f7c7cf-e441-4978-9d56-f6d54bb5f322,26 Jan 2023 08:50:23,B,Kurikulum 2013,20557958,Swasta,TK,Yayasan,NO 46 / 28 MARET 2006,2006-03-28,421.9/384.20/411.301.4/2022,2022-03-02,Tidak ada,BPD JAWA TIMUR,CABANG NGANJUK,20557958 TKIT BINA M NGADIREJO,Bersedia Menerima,Pagi,Belum Bersertifikat,PLN,1300,Tidak Ada,"JL. MELATI NO. 1, DS. NGADIREJO",1 / 2,Ngadirejo,Ngadirejo,Kec. Tanjunganom,Kab. Nganjuk,Prov. Jawa Timur,64483,-7,111,2,3,0,0,0,0,0,0,0,0,0,3,0,1,0,0,0,0,0,0,0,0,0,0,0,0,0,0,0,0,0,0,0,0,0,0,0,0,0,0,1,3,1,23,12,11,3,3,1,1,0,0,0,0,1,1,0,0,0,0,0,0,3,3,1,1,0,0,0,0,0,0,0,0,0,0,1,1,,,,,,,,,,,,,,,,,,
051406,TK ISLAM TERPADU NURUL JADID BANJARANYAR,https://dapo.kemdikbud.go.id/sekolah/6455EDCF6BF9C788ED3F,http://sekolah.data.kemdikbud.go.id/index.php/chome/profil/101343a1-9ad8-43e1-9339-cd50c048b044,26 Jan 2023 06:41:24,Belum Terakreditasi,Kurikulum 2013,20557960,Swasta,TK,Yayasan,01/ket.YAYASAN NJ/VII/2022,2008-06-15,421.9/1603.44/411.301.4/2022,2022-06-30,Tidak ada,BPD JAWA TIMUR,CABANG NGANJUK,20557960 TKIT NURUL JADID B,Bersedia Menerima,Pagi,Belum Bersertifikat,PLN,450,Tidak Ada,"JL. MASJID, DS. BANJARANYAR",5 / 2,BLIMBING,Banjar Anyar,Kec. Tanjunganom,Kab. Nganjuk,Prov. Jawa Timur,64483,-7,112,2,2,0,0,0,0,0,0,0,0,0,1,0,1,0,0,0,0,0,0,0,0,0,0,0,0,0,0,0,0,0,0,0,0,0,0,0,0,0,0,3,1,1,14,9,5,1,1,0,0,0,0,0,0,0,0,1,1,1,1,0,0,1,1,0,0,0,0,0,0,0,0,0,0,0,0,1,1,,,,,,,,,,,,,,,,,,
051406,TK ISTIQLAL BANJARANYAR,https://dapo.kemdikbud.go.id/sekolah/35FBB20A8187F44797AA,http://sekolah.data.kemdikbud.go.id/index.php/chome/profil/e9462b07-1639-4d43-8558-fa48e6e90cc6,20 Mar 2023 06:33:53,A,Kurikulum 2013,20557955,Swasta,TK,Yayasan,01/Y-MK/SK-TK-I/VII/2008,2008-07-01,421.9/1603.43/411.304/2022,2022-06-30,Tidak ada,BPD JAWA TIMUR,CAPEM TANJUNGANOM,20557955 TK ISTIQLAL B ANYAR,Bersedia Menerima,Pagi,Belum Bersertifikat,PLN,1300,Lainnya,"DUSUN SUMBERAGUNG, DS. BANJARANYAR",4 / 1,Sumberagung,Banjar Anyar,Kec. Tanjunganom,Kab. Nganjuk,Prov. Jawa Timur,64483,-7,111,4,8,0,0,0,0,0,0,0,0,0,7,0,1,0,0,0,0,0,0,0,0,0,0,0,0,0,0,0,0,0,0,0,0,0,0,0,0,0,0,4,7,1,135,71,64,4,4,0,0,0,0,0,0,0,0,1,1,0,0,0,0,2,2,0,0,0,0,0,0,0,0,0,0,0,0,1,1,,,,,,,,,,,,,,,,,,
051406,TK IT DARUSH SHOLIHIN TANJUNGANOM,https://dapo.kemdikbud.go.id/sekolah/9470AB726CFE61CE6373,http://sekolah.data.kemdikbud.go.id/index.php/chome/profil/6778d06d-44eb-4423-9a86-a779c8534b3b,20 Mar 2023 10:32:54,A,Kurikulum 2013,20557959,Swasta,TK,Yayasan,0152/A/YDSN/VII/2000,2000-07-26,421.9/188.194/411.301.4/2022,2022-07-26,Tidak ada,BPD JAWA TIMUR,CAPEM TANJUNGANOM,20557959 TKIT DARUSHSHOLIHIN T,Bersedia Menerima,Pagi,Belum Bersertifikat,PLN,900,Telkomsel Flash,"JL. BASUKI RAHMAD 202, DS. TANJUNGANOM",1 / 5,Bagbogo,Tanjung Anom,Kec. Tanjunganom,Kab. Nganjuk,Prov. Jawa Timur,64483,-7,112,8,11,0,0,0,0,0,0,0,0,0,11,0,1,0,0,0,0,0,0,0,0,0,0,0,0,0,0,0,0,0,0,0,0,0,0,0,0,0,0,8,11,1,117,65,52,8,8,1,1,0,0,0,0,0,0,1,1,1,1,0,0,3,3,0,0,0,0,0,0,0,0,0,0,0,0,1,1,,,,,,,,,,,,,,,,,,
051406,TK KHODIJAH KAMPUNGBARU,https://dapo.kemdikbud.go.id/sekolah/8B0A2BE5F3499E222EC1,http://sekolah.data.kemdikbud.go.id/index.php/chome/profil/3123f165-cca8-4d0c-a6ba-4be94bc01412,05 Feb 2023 19:07:13,Belum Terakreditasi,Kurikulum 2013,20557973,Swasta,TK,Yayasan,TK/YPNU/PW/7.5/III/2005,1984-07-27,421.9/1888.205/A11.301.4/2022,2022-07-07,Tidak ada,BPD JAWA TIMUR,CAPEM TANJUNGANOM,20557973 TK KDJ KAMPUNGBARU,Bersedia Menerima,Pagi,Belum Bersertifikat,PLN,449,Tidak Ada,"JL. POLOSORO KETANG I, DS. KAMPUNGBARU",1 / 9,KETANGI,Kampungbaru,Kec. Tanjunganom,Kab. Nganjuk,Prov. Jawa Timur,64483,-7,112,2,2,0,0,0,0,0,0,0,0,0,2,0,1,0,0,0,0,0,0,0,0,0,0,0,0,0,0,0,0,0,0,0,0,0,0,0,0,0,0,3,2,1,26,12,14,2,2,0,0,0,0,0,0,1,1,0,0,0,0,0,0,1,1,0,0,0,0,0,0,0,0,0,0,0,0,1,1,,,,,,,,,,,,,,,,,,
051406,TK KHODIJAH MALANGSARI,https://dapo.kemdikbud.go.id/sekolah/9EE09C144F2ACC51C3AE,http://sekolah.data.kemdikbud.go.id/index.php/chome/profil/9f0dd15f-24f5-4e7a-b880-d800bd83aaab,08 Feb 2023 22:15:48,B,Kurikulum 2013,20571652,Swasta,TK,Yayasan,202/YPNU/PW/IX/1993,1993-07-15,421.9/1988.196/411.301.4/2022,2022-07-25,Tidak ada,BPD JAWA TIMUR,CAPEM TANJUNGANOM,20571652 TK KDJ MALANGSARI,Bersedia Menerima,Pagi,Belum Bersertifikat,PLN,450,Tidak Ada,"DUSUN SANTREN, DS. MALANGSARI",1 / 2,SANTREN,Malangsari,Kec. Tanjunganom,Kab. Nganjuk,Prov. Jawa Timur,64483,-7,111,4,4,0,0,0,0,0,0,0,0,0,4,0,1,0,0,0,0,0,0,0,0,0,0,0,0,0,0,0,0,0,0,0,0,0,0,0,0,0,0,5,4,1,47,26,21,3,3,0,0,0,0,0,0,0,0,0,0,0,0,0,0,1,1,0,0,0,0,0,0,0,0,0,0,0,0,1,1,,,,,,,,,,,,,,,,,,
051406,TK MUSLIMAT NU KHADIJAH SIDOHARJO,https://dapo.kemdikbud.go.id/sekolah/80A38FA70B097E5880BE,http://sekolah.data.kemdikbud.go.id/index.php/chome/profil/0f01115e-2bbb-4590-b634-a70fa77e2096,19 Jan 2023 15:01:53,B,Kurikulum 2013,20557980,Swasta,TK,Yayasan,TK12/YPMNU/PW/75/111/05,1986-07-16,421.9/1888.197/411.301.4/2022,2022-07-26,Tidak ada,BPD JAWA TIMUR,CABANG NGANJUK,20557980 TK MNU KDJ SIDOHARJO,Bersedia Menerima,Pagi,Belum Bersertifikat,PLN,450,Tidak Ada,JARAKAN - SIDOHARJO,2 / 3,JARAKAN,Sidoharjo,Kec. Tanjunganom,Kab. Nganjuk,Prov. Jawa Timur,64483,-7,111,2,3,0,0,0,0,0,0,0,0,0,2,0,1,0,0,0,0,0,0,0,0,0,0,0,0,0,0,0,0,0,0,0,0,0,0,0,0,0,0,2,2,1,38,20,18,2,2,0,0,0,0,0,0,0,0,1,1,0,0,0,0,2,2,0,0,0,0,0,0,0,0,0,0,0,0,1,1,,,,,,,,,,,,,,,,,,
051406,TK PERTIWI 1 BANJARANYAR,https://dapo.kemdikbud.go.id/sekolah/484FEDB5FA942E540C92,http://sekolah.data.kemdikbud.go.id/index.php/chome/profil/8e10a7f6-d9f0-4e14-8f59-ddea8829cc48,22 Jan 2023 08:57:14,B,Kurikulum 2013,20571654,Swasta,TK,Yayasan,A/09/YYS.PKK/05/2016,1977-01-01,421.9/280.39/411.301.4/2022,2022-02-15,Tidak ada,BPD JAWA TIMUR,CAPEM TANJUNGANOM,20571654 TK PTW 1 BANJARANYAR,Bersedia Menerima,Siang,Belum Bersertifikat,PLN,450,Tidak Ada,"DUSUN SUMBERAGUNG, DS. BANJARANYAR",0 / 0,SUMBERAGUNG,Banjar Anyar,Kec. Tanjunganom,Kab. Nganjuk,Prov. Jawa Timur,64483,-7,111,2,2,0,0,0,0,0,0,0,0,0,1,0,1,0,0,0,0,0,0,0,0,0,0,0,0,0,0,0,0,0,0,0,0,0,0,0,0,0,0,3,1,1,30,14,16,2,2,0,0,0,0,0,0,0,0,1,1,0,0,0,0,1,1,0,0,0,0,0,0,0,0,0,0,0,0,1,1,,,,,,,,,,,,,,,,,,
051406,TK PERTIWI 1 DEMANGAN,https://dapo.kemdikbud.go.id/sekolah/A4EE8AD5BC1645991BA6,http://sekolah.data.kemdikbud.go.id/index.php/chome/profil/e520f005-57eb-4418-b68d-c1750ea1c0b6,22 Jan 2023 07:24:38,B,Kurikulum 2013,20558084,Swasta,TK,Yayasan,413/202/411.519/16,1977-03-01,421.9/2031/411.301.4/2022,2022-08-18,Tidak ada,BPD JAWA TIMUR,CABANG NGANJUK,20558084 TK PERTIWI 1 DEMANGAN,Bersedia Menerima,Siang,Belum Bersertifikat,PLN,450,Tidak Ada,"DUSUN BANARAN, DS. DEMANGAN",1 / 2,BANARAN,Demangan,Kec. Tanjunganom,Kab. Nganjuk,Prov. Jawa Timur,64483,-7,111,2,2,0,0,0,0,0,0,0,0,0,2,1,0,0,0,0,0,0,0,0,0,0,0,0,0,0,0,0,0,0,0,0,0,0,0,0,0,0,0,2,2,1,27,13,14,2,2,0,0,0,0,0,0,0,0,1,1,0,0,0,0,1,1,0,0,0,0,0,0,0,0,0,0,0,0,1,1,,,,,,,,,,,,,,,,,,
051406,TK PERTIWI 1 GETAS,https://dapo.kemdikbud.go.id/sekolah/81534C8324486A651151,http://sekolah.data.kemdikbud.go.id/index.php/chome/profil/94282374-bead-4561-b156-95f61ca26c65,06 Feb 2023 15:24:35,B,Kurikulum 2013,20571655,Swasta,TK,Yayasan,1761a/104.22/1.88,1988-07-20,421.9/2033/411.301.4/2022,2022-08-18,Tidak ada,BPD JAWA TIMUR,CAPEM TANJUNGANOM,20571655 TK PERTIWI 1 GETAS,Bersedia Menerima,Pagi,Belum Bersertifikat,PLN,450,Indosat IM3,DESA GETAS,1 / 5,getas,Getas,Kec. Tanjunganom,Kab. Nganjuk,Prov. Jawa Timur,64483,-7,111,2,2,0,0,0,0,0,0,0,0,0,2,0,1,0,0,0,0,0,0,0,0,0,0,0,0,0,0,0,0,0,0,0,0,0,0,0,0,0,0,3,2,1,35,20,15,2,2,0,0,0,0,0,0,0,0,1,1,0,0,0,0,1,1,0,0,0,0,0,0,0,0,0,0,0,0,1,1,,,,,,,,,,,,,,,,,,
051406,TK PERTIWI 1 JOGOMERTO,https://dapo.kemdikbud.go.id/sekolah/ECBE1B5378CAC03006FF,http://sekolah.data.kemdikbud.go.id/index.php/chome/profil/22ada95c-671f-4a56-bbab-c0d2e73644a8,07 Mar 2023 18:08:47,B,Kurikulum 2013,20558089,Swasta,TK,Yayasan,1761a/ 104.22/ 1.88,1988-07-20,421.9/ 280.5 /411.301.4/2022,2022-02-15,Tidak ada,BPD JAWA TIMUR,CAPEM TANJUNGANOM,20558089 TK PTW 1 JOGOMERTO,Bersedia Menerima,Pagi,Belum Bersertifikat,PLN,450,Tidak Ada,DS. JOGOMERTO,2 / 2,Jogomerto,Jogomerto,Kec. Tanjunganom,Kab. Nganjuk,Prov. Jawa Timur,64483,-7,112,2,2,0,0,0,0,0,0,0,0,0,3,0,1,0,0,0,0,0,0,0,0,0,0,0,0,0,0,0,0,0,0,0,0,0,0,0,0,0,0,9,3,1,29,18,11,2,2,0,0,0,0,0,0,0,0,1,1,0,0,0,0,4,4,0,0,0,0,0,0,0,0,0,0,0,0,1,1,,,,,,,,,,,,,,,,,,
051406,TK PERTIWI 1 KAMPUNGBARU,https://dapo.kemdikbud.go.id/sekolah/0E2C2567389E7A5656CE,http://sekolah.data.kemdikbud.go.id/index.php/chome/profil/8ffa2382-f83f-4ffc-a932-010a130657c5,05 Feb 2023 17:33:02,Belum Terakreditasi,Kurikulum 2013,20558073,Swasta,TK,Yayasan,474/85/411.613.110/B/2016,1970-08-01,421.9/2009.48/411.301.4/2022/2010,2022-08-01,Tidak ada,BPD JAWA TIMUR,CAPEM TANJUNGANOM,20558073 TK PTW 1 KAMPUNGBARU,Bersedia Menerima,Pagi,Belum Bersertifikat,PLN,450,Tidak Ada,"JL. KRESNA, DS. KAMPUNGBARU",1 / 5,KRAJAN UTARA,Kampungbaru,Kec. Tanjunganom,Kab. Nganjuk,Prov. Jawa Timur,64483,-7,112,2,2,0,0,0,0,0,0,0,0,0,1,0,1,0,0,0,0,0,0,0,0,0,0,0,0,0,0,0,0,0,0,0,0,0,0,0,0,0,0,3,1,1,15,6,9,2,2,0,0,0,0,0,0,0,0,0,0,0,0,0,0,1,1,1,1,0,0,0,0,0,0,0,0,0,0,1,1,,,,,,,,,,,,,,,,,,
051406,TK PERTIWI 1 NGADIREJO,https://dapo.kemdikbud.go.id/sekolah/4C7047FA8951A1E48A6C,http://sekolah.data.kemdikbud.go.id/index.php/chome/profil/c9285a26-e462-45f3-b090-631e0bdc596e,06 Feb 2023 20:09:30,Belum Terakreditasi,Kurikulum 2013,20571656,Swasta,TK,Yayasan,13/426.631.107/08/2022,1985-06-01,421.9/1603.40/411.301.4/2022,2022-06-30,Tidak ada,BPD JAWA TIMUR,CAPEM TANJUNGANOM,20571656 TK PTW 1 NGADIREJO,Bersedia Menerima,Pagi,Belum Bersertifikat,PLN,450,Tidak Ada,DESA NGADIREJO,2 / 2,NGADIREJO,Ngadirejo,Kec. Tanjunganom,Kab. Nganjuk,Prov. Jawa Timur,64483,0,0,3,3,0,0,0,0,0,0,0,0,1,2,0,1,0,0,0,0,0,0,0,0,0,0,0,0,0,0,0,0,0,0,0,0,0,0,0,0,0,0,8,3,1,29,16,13,3,3,0,0,0,0,0,0,0,0,1,1,0,0,0,0,1,1,0,0,0,0,0,0,0,0,0,0,0,0,1,1,,,,,,,,,,,,,,,,,,
051406,TK PERTIWI 1 SAMBIREJO,https://dapo.kemdikbud.go.id/sekolah/6657252C46789A3659C8,http://sekolah.data.kemdikbud.go.id/index.php/chome/profil/f23b27e3-a089-4053-9e5f-6ef1159fc8c8,10 Mar 2023 07:43:05,B,Kurikulum 2013,20557636,Swasta,TK,Yayasan,02/426/613/115/2003,2003-06-24,421.9/280.102/411.301.4/2022,2022-02-15,Tidak ada,BPD JAWA TIMUR,CABANG NGANJUK,20557636 TK PTW 1 SAMBIREJO,Bersedia Menerima,Sehari penuh (6 h/m),Belum Bersertifikat,PLN,900,Telkom Speedy,"DSN.NGRAJEK, DS. SAMBIREJO",7 / 4,NGRAJEK,Sambirejo,Kec. Tanjunganom,Kab. Nganjuk,Prov. Jawa Timur,64483,-7,111,3,3,0,0,0,0,0,0,0,0,0,3,0,1,0,0,0,0,0,0,0,0,0,0,0,0,0,0,0,0,0,0,0,0,0,0,0,0,0,0,6,3,1,38,20,18,4,3,1,1,0,0,0,0,1,1,0,1,0,0,0,0,2,2,1,1,0,0,0,0,0,0,0,0,0,0,1,1,,,,,,,,,,,,,,,,,,
051406,TK PERTIWI 1 SIDOHARJO,https://dapo.kemdikbud.go.id/sekolah/E3A7B695903C0D0DF1E6,http://sekolah.data.kemdikbud.go.id/index.php/chome/profil/e5346824-e7d9-4a5d-863e-ba9caccca8db,23 Mar 2023 11:00:34,B,Kurikulum 2013,20558109,Swasta,TK,Yayasan,AH.01.04,1976-03-01,421.9/2033/411.301.4/2022,2022-08-25,Tidak ada,BPD JAWA TIMUR,CABANG NGANJUK,20558109 TK PTW 1 SIDOHARJO,Bersedia Menerima,Pagi,Belum Bersertifikat,PLN,450,Tidak Ada,"DUSUN DUKUH, DS. SIDOHARJO",2 / 5,MUKUH,Sidoharjo,Kec. Tanjunganom,Kab. Nganjuk,Prov. Jawa Timur,64483,-7,111,1,1,0,0,0,0,0,0,0,0,0,0,0,1,0,0,0,0,0,0,0,0,0,0,0,0,0,0,0,0,0,0,0,0,0,0,0,0,0,0,4,0,1,9,7,2,3,3,0,0,0,0,0,0,0,0,1,1,0,0,0,0,1,1,0,0,0,0,0,0,0,0,0,0,0,0,1,1,,,,,,,,,,,,,,,,,,
051406,TK PERTIWI 1 SONOBEKEL,https://dapo.kemdikbud.go.id/sekolah/C5F1D75692BC0FC9A6A8,http://sekolah.data.kemdikbud.go.id/index.php/chome/profil/a94c6001-f27e-4e91-afff-547f5bdb271d,25 Jan 2023 10:45:40,A,Kurikulum 2013,20558112,Swasta,TK,Yayasan,1761a/104.22/I.88,1977-03-01,421.9/2037/411.301.4/2022,2022-08-24,Tidak ada,BPD JAWA TIMUR,CAPEM TANJUNGANOM,20558112 TK PTW 1 SONOBEKEL,Bersedia Menerima,Pagi,Proses Sertifikasi,PLN,450,Telkomsel Flash,"JL. GARUDA, DS. SONOBEKEL",1 / 1,KLEMPUN,Sonobekel,Kec. Tanjunganom,Kab. Nganjuk,Prov. Jawa Timur,64483,0,0,4,4,0,0,0,0,0,0,0,0,0,3,0,1,0,0,0,0,0,0,0,0,0,0,0,0,0,0,0,0,0,0,0,0,0,0,0,0,0,0,3,3,1,63,41,22,4,4,0,0,0,0,0,0,1,1,0,0,0,0,0,0,1,1,0,0,0,0,0,0,0,0,0,0,0,0,1,1,,,,,,,,,,,,,,,,,,
051406,TK PERTIWI 1 SUMBERKEPUH,https://dapo.kemdikbud.go.id/sekolah/4193DF8472C72DFE50DA,http://sekolah.data.kemdikbud.go.id/index.php/chome/profil/092a5561-3d27-4aed-a675-5295abe66911,02 Mar 2023 06:13:15,B,Kurikulum 2013,20558173,Swasta,TK,Yayasan,145/151/411.519.02/2022,1976-06-07,421.9/1888.214/411.301.4/2022,2022-07-25,Tidak ada,BPD JAWA TIMUR,CAPEM TANJUNGANOM,20558173 TK PTW 1 SUMBERKEPUH,Bersedia Menerima,Pagi,Belum Bersertifikat,PLN,450,Tidak Ada,"DUSUN WONOSARI, DS. SUMBERKEPUH",1 / 5,WONOSARI,Sumberkepuh,Kec. Tanjunganom,Kab. Nganjuk,Prov. Jawa Timur,64483,0,0,3,3,0,0,0,0,0,0,0,0,0,3,0,1,0,0,0,0,0,0,0,0,0,0,0,0,0,0,0,0,0,0,0,0,0,0,0,0,0,0,5,3,1,42,22,20,2,2,0,0,0,0,0,0,1,1,0,0,0,0,0,0,1,1,0,0,0,0,0,0,0,0,0,0,0,0,1,1,,,,,,,,,,,,,,,,,,
051406,TK PERTIWI 1 WARUJAYENG,https://dapo.kemdikbud.go.id/sekolah/D1E53A3407BD5070972D,http://sekolah.data.kemdikbud.go.id/index.php/chome/profil/156c33d3-75c2-43da-b206-a88260e4b6ae,06 Mar 2023 16:12:59,Belum Terakreditasi,Kurikulum 2013,20558117,Swasta,TK,Yayasan,1761a/104.22/I.88,1975-02-01,421.9/280.1031/411.301.4/2022,2022-02-15,Tidak ada,BPD JAWA TIMUR,CAPEM TANJUNGANOM,20558117 TK PTW 1 WARUJAYENG,Bersedia Menerima,Pagi,Belum Bersertifikat,PLN,0,Tidak Ada,JL. WARUJAYENG,1 / 1,PENGKOL,Warujayeng,Kec. Tanjunganom,Kab. Nganjuk,Prov. Jawa Timur,64483,0,0,2,2,0,0,0,0,0,0,0,0,0,1,0,1,0,0,0,0,0,0,0,0,0,0,0,0,0,0,0,0,0,0,0,0,0,0,0,0,0,0,4,1,1,22,14,8,1,2,0,0,0,0,0,0,0,0,0,0,0,0,0,0,1,1,1,0,0,0,0,0,0,0,0,0,0,0,1,1,,,,,,,,,,,,,,,,,,
051406,TK PERTIWI 2 DEMANGAN,https://dapo.kemdikbud.go.id/sekolah/0D5D52818E4828741BA2,http://sekolah.data.kemdikbud.go.id/index.php/chome/profil/2576ab67-7268-4d83-ba4b-dc9b7953eaba,22 Jan 2023 08:01:34,Belum Terakreditasi,Kurikulum 2013,20558128,Swasta,TK,Yayasan,143/194/411.519.16/2022,1984-06-07,421.9/1603.47/411.301.4/2022,2022-06-30,Tidak ada,BPD JAWA TIMUR,CAPEM TANJUNGANOM,20558128 TK PERTIWI 2 DEMANGAN,Bersedia Menerima,Pagi,Belum Bersertifikat,PLN,450,Tidak Ada,"DUSUN GERBONG, DS. DEMANGAN",3 / 5,GERBONG,Demangan,Kec. Tanjunganom,Kab. Nganjuk,Prov. Jawa Timur,64483,-7,112,2,2,0,0,0,0,0,0,0,0,0,1,0,1,0,0,0,0,0,0,0,0,0,0,0,0,0,0,0,0,0,0,0,0,0,0,0,0,0,0,3,1,1,25,13,12,2,2,1,1,0,0,0,0,0,0,0,0,0,0,0,0,1,1,0,0,0,0,0,0,0,0,0,0,0,0,1,1,,,,,,,,,,,,,,,,,,
051406,TK PERTIWI 2 GETAS,https://dapo.kemdikbud.go.id/sekolah/5DF4C04B979232921139,http://sekolah.data.kemdikbud.go.id/index.php/chome/profil/8a1eff02-8d12-44f7-a241-1c3e342e17e1,04 Feb 2023 06:22:54,B,Kurikulum 2013,20571658,Swasta,TK,Yayasan,1761a/104.22//I1988,1984-07-16,421.9/1888.2131/411.301.4/2022,2022-07-25,Tidak ada,BPD JAWA TIMUR,CAPEM TANJUNGANOM,20571658 TK PERTIWI 2 GETAS,Bersedia Menerima,Pagi,Belum Bersertifikat,PLN,450,Tidak Ada,"DUSUN SUMBERKEPUH, DESA GETAS",0 / 0,SUMBERKEPUH,Getas,Kec. Tanjunganom,Kab. Nganjuk,Prov. Jawa Timur,64483,-7,111,2,3,0,0,0,0,0,0,0,0,0,3,0,1,0,0,0,0,0,0,0,0,0,0,0,0,0,0,0,0,0,0,0,0,0,0,0,0,0,0,6,3,1,30,16,14,2,2,0,0,0,0,0,0,0,0,1,1,0,0,0,0,1,1,0,0,0,0,0,0,0,0,0,0,0,0,1,1,,,,,,,,,,,,,,,,,,
051406,TK PERTIWI 2 JOGOMERTO,https://dapo.kemdikbud.go.id/sekolah/24F50E8F974764793116,http://sekolah.data.kemdikbud.go.id/index.php/chome/profil/00079620-ab9a-4fef-98d7-ba7eb32b31f6,06 Feb 2023 05:06:13,Belum Terakreditasi,Kurikulum 2013,20558133,Swasta,TK,Yayasan,145/2/20.12/VI/2016,2006-06-01,421.9/1888.201/411.301.4/2022,2022-07-26,Tidak ada,BPD JAWA TIMUR,CAPEM TANJUNGANOM,20558133 TK PTW 2 JOGOMERTO,Bersedia Menerima,Pagi,Belum Bersertifikat,PLN,450,Tidak Ada,"JL. BASUKI RAHMAT, DS. JOGOMERTO",4 / 1,PALDAPLANG,Jogomerto,Kec. Tanjunganom,Kab. Nganjuk,Prov. Jawa Timur,64483,-7,112,2,2,0,0,0,0,0,0,0,0,0,1,0,1,0,0,0,0,0,0,0,0,0,0,0,0,0,0,0,0,0,0,0,0,0,0,0,0,0,0,4,1,1,11,6,5,1,1,0,0,0,0,0,0,0,0,1,1,0,0,0,0,1,1,0,0,0,0,0,0,0,0,0,0,0,0,1,1,,,,,,,,,,,,,,,,,,
051406,TK PERTIWI 2 KAMPUNG BARU,https://dapo.kemdikbud.go.id/sekolah/03CC08E18032B920AFA5,http://sekolah.data.kemdikbud.go.id/index.php/chome/profil/3bb8616d-d2d2-48ac-9ead-aac74f54f1af,22 Jan 2023 08:30:27,Belum Terakreditasi,Kurikulum 2013,20558119,Swasta,TK,Yayasan,1761a/IO4.22/I.88,1982-08-01,421.9/2009.49/411.301.4/2022,2022-08-04,Tidak ada,BPD JAWA TIMUR,CAPEM TANJUNGANOM,20558119 TK PTW 2 KAMPUNG BARU,Bersedia Menerima,Pagi,Belum Bersertifikat,PLN,450,Tidak Ada,"JL. TELENG, DS. KAMPUNG BARU",1 / 11,TELENG,Kampungbaru,Kec. Tanjunganom,Kab. Nganjuk,Prov. Jawa Timur,64483,0,0,2,2,0,0,0,0,0,0,0,0,0,1,0,1,0,0,0,0,0,0,0,0,0,0,0,0,0,0,0,0,0,0,0,0,0,0,0,0,0,0,3,1,1,15,8,7,2,2,0,0,0,0,0,0,0,0,0,0,0,0,0,0,2,2,0,0,0,0,0,0,0,0,0,0,0,0,1,1,,,,,,,,,,,,,,,,,,
051406,TK PERTIWI 2 KEDUNGREJO,https://dapo.kemdikbud.go.id/sekolah/BCAFB14B592924A63B29,http://sekolah.data.kemdikbud.go.id/index.php/chome/profil/6dbeab85-3583-42be-885a-2b34c8b4915e,06 Feb 2023 05:19:59,Belum Terakreditasi,Kurikulum 2013,20558139,Swasta,TK,Yayasan,1761a/104.22//i.1988,1977-01-01,421.9/280.19/411.301.4/2022,2022-02-15,Tidak ada,BPD JAWA TIMUR,CABANG NGANJUK,20558139 TK PTW 2 KEDUNGREJO,Bersedia Menerima,Pagi,Belum Bersertifikat,PLN,450,Tidak Ada,"DUSUN PULOREJO, DS. KEDUNGREJO",5 / 2,PULOREJO,Kedungrejo,Kec. Tanjunganom,Kab. Nganjuk,Prov. Jawa Timur,64483,0,0,2,2,0,0,0,0,0,0,0,0,0,2,0,1,0,0,0,0,0,0,0,0,0,0,0,0,0,0,0,0,0,0,0,0,0,0,0,0,0,0,3,2,1,22,17,5,2,2,0,0,0,0,0,0,0,0,1,1,0,0,0,0,1,1,0,0,0,0,0,0,0,0,0,0,0,0,1,1,,,,,,,,,,,,,,,,,,
051406,TK PERTIWI 2 SAMBIREJO,https://dapo.kemdikbud.go.id/sekolah/90A345BBA802A424BA61,http://sekolah.data.kemdikbud.go.id/index.php/chome/profil/9d7dbad6-3968-4c1f-a294-a24810f33ac3,25 Jan 2023 07:01:21,Belum Terakreditasi,Kurikulum 2013,20558153,Swasta,TK,Yayasan,111/411.519111/2020,1987-07-11,421.9/1888.203/411.304.4/2022,2022-07-26,Tidak ada,BPD JAWA TIMUR,CAPEM TANJUNGANOM,20558153 TK PTW 2 SAMBIREJO,Bersedia Menerima,Pagi,Belum Bersertifikat,PLN,450,Tidak Ada,DUSUN SAMBIREJO,3 / 1,SAMBIREJO,Sambirejo,Kec. Tanjunganom,Kab. Nganjuk,Prov. Jawa Timur,64483,-7,111,2,2,0,0,0,0,0,0,0,0,0,2,0,1,0,0,0,0,0,0,0,0,0,0,0,0,0,0,0,0,0,0,0,0,0,0,0,0,0,0,3,2,1,24,12,12,2,2,0,0,0,0,0,0,0,0,0,0,0,0,0,0,1,1,0,0,0,0,0,0,0,0,0,0,0,0,1,1,,,,,,,,,,,,,,,,,,
051406,TK PERTIWI 2 SIDOHARJO,https://dapo.kemdikbud.go.id/sekolah/2E2D23FDE1D1A5709683,http://sekolah.data.kemdikbud.go.id/index.php/chome/profil/7c2d61ce-d8e8-4f2e-9218-76558d55e513,23 Jan 2023 05:53:20,C,Kurikulum 2013,20558156,Swasta,TK,Yayasan,13/DPW/V/2016,1982-06-19,421.9/1603.46/411.301.4/2022,2022-06-30,Tidak ada,BPD JAWA TIMUR,CAPEM TANJUNGANOM,20558156 TK PTW 2 SIDOHARJO,Bersedia Menerima,Pagi,Belum Bersertifikat,,900,Tidak Ada,"DUSUN JARAKAN, DS. SIDOHARJO",3 / 7,JARAKAN,Sidoharjo,Kec. Tanjunganom,Kab. Nganjuk,Prov. Jawa Timur,64483,-7,112,2,2,0,0,0,0,0,0,0,0,0,1,0,1,0,0,0,0,0,0,0,0,0,0,0,0,0,0,0,0,0,0,0,0,0,0,0,0,0,0,5,1,1,16,11,5,2,2,0,0,0,0,0,0,0,0,0,0,0,0,0,0,3,3,0,0,0,0,0,0,0,0,0,0,0,0,1,1,,,,,,,,,,,,,,,,,,
051406,TK PERTIWI 2 SONOBEKEL,https://dapo.kemdikbud.go.id/sekolah/4A36CC2EAABC11E198B7,http://sekolah.data.kemdikbud.go.id/index.php/chome/profil/8199f28e-79ac-401f-9764-bfb77879bb28,11 Mar 2023 17:52:30,Belum Terakreditasi,Kurikulum 2013,20571660,Swasta,TK,Yayasan,23/PAUD/PKK.SNBKL/VIII/2022,2001-07-17,421.9/ 1888.206 /411.301.4/2022,2023-07-16,Tidak ada,BPD JAWA TIMUR,CAPEM TANJUNGANOM,20571660 TK PTW 2 SONOBEKEL,Bersedia Menerima,Pagi,Belum Bersertifikat,,900,Tidak Ada,"DUSUN SEKARPUTIH, DS. SEKARPUTIH",1 / 1,SEKARPUTIH DESA SONOBEKEL,Sonobekel,Kec. Tanjunganom,Kab. Nganjuk,Prov. Jawa Timur,64483,0,0,2,2,0,0,0,0,0,0,0,0,0,1,0,1,0,0,0,0,0,0,0,0,0,0,0,0,0,0,0,0,0,0,0,0,0,0,0,0,0,0,10,1,1,26,14,12,1,1,0,0,0,0,0,0,0,0,1,1,0,0,0,0,1,1,0,0,0,0,0,0,0,0,0,0,0,0,1,1,,,,,,,,,,,,,,,,,,
051406,TK PERTIWI 2 SUMBERKEPUH,https://dapo.kemdikbud.go.id/sekolah/650D6CED9D64C3B4398B,http://sekolah.data.kemdikbud.go.id/index.php/chome/profil/b4bcf3bf-8a14-4060-af12-ff45f5d25a12,24 Jan 2023 11:58:55,C,Kurikulum 2013,20571661,Swasta,TK,Yayasan,145/150/411.519.02/2022,1989-07-17,421.9/1888.210/411.301.4/2022,2022-07-25,Tidak ada,BPD JAWA TIMUR,CAPEM TANJUNGANOM,20571661 TK PTW 2 SUMBERKEPUH,Bersedia Menerima,Pagi,9001,PLN,450,Tidak Ada,"DUKUH JAJAR, DESA SUMBERKEPUH",5 / 12,JAJAR,Sumberkepuh,Kec. Tanjunganom,Kab. Nganjuk,Prov. Jawa Timur,64483,-7,111,2,2,0,0,0,0,0,0,0,0,0,2,0,1,0,0,0,0,0,0,0,0,0,0,0,0,0,0,0,0,0,0,0,0,0,0,0,0,0,0,2,2,1,39,19,20,3,3,0,0,0,0,0,0,0,0,1,1,1,1,1,1,1,1,2,2,0,0,0,0,0,0,0,0,0,0,1,1,,,,,,,,,,,,,,,,,,
051406,TK PERTIWI 3 SIDOHARJO,https://dapo.kemdikbud.go.id/sekolah/1F123109CF960C04D8B5,http://sekolah.data.kemdikbud.go.id/index.php/chome/profil/8fa905fb-0c9b-4a1d-823e-42c804cbf6d1,30 Jan 2023 17:02:25,Belum Terakreditasi,Kurikulum 2013,20558171,Swasta,TK,Yayasan,327/411.519/10/2022,1984-07-01,421.9/1888.200/411.301.4/2022,2022-07-25,Tidak ada,BPD JAWA TIMUR,CAPEM TANJUNGANOM,20558171 TK PTW 3 SIDOHARJO,Bersedia Menerima,Pagi,Belum Bersertifikat,PLN,450,Tidak Ada,"DUSUN MIREN, DS. SIDOHARJO",4 / 10,MIREN,Sidoharjo,Kec. Tanjunganom,Kab. Nganjuk,Prov. Jawa Timur,64483,0,0,2,2,0,0,0,0,0,0,0,0,0,1,0,1,0,0,0,0,0,0,0,0,0,0,0,0,0,0,0,0,0,0,0,0,0,0,0,0,0,0,3,1,1,19,9,10,2,2,0,0,0,0,0,0,0,0,1,1,0,0,0,0,1,1,0,0,0,0,0,0,0,0,0,0,0,0,1,1,,,,,,,,,,,,,,,,,,
051406,TK PERTIWI 4 KAMPUNG BARU,https://dapo.kemdikbud.go.id/sekolah/26F8E51F15AD51C09747,http://sekolah.data.kemdikbud.go.id/index.php/chome/profil/2413cdb0-e22b-4c23-93f5-72e370702a32,01 Mar 2023 20:11:57,B,Kurikulum 2013,20558179,Swasta,TK,Yayasan,1761a/104.22/I.88,1985-08-15,421.9/2009.52/411.301.4/2022,2022-08-04,Tidak ada,BPD JAWA TIMUR,CAPEM TANJUNGANOM,20558179 TK PTW 4 KAMPUNG BARU,Bersedia Menerima,Pagi,Belum Bersertifikat,PLN,450,Tidak Ada,"JL. LESMONO, DS. KAMPUNGBARU",1 / 1,PUTUK,Kampungbaru,Kec. Tanjunganom,Kab. Nganjuk,Prov. Jawa Timur,64483,0,0,2,2,0,0,0,0,0,0,0,0,0,2,0,1,0,0,0,0,0,0,0,0,0,0,0,0,0,0,0,0,0,0,0,0,0,0,0,0,0,0,5,2,1,26,13,13,2,2,0,0,0,0,0,0,1,1,0,0,0,0,1,1,1,1,0,0,0,0,0,0,0,0,0,0,0,0,1,1,,,,,,,,,,,,,,,,,,
051406,TK PERTIWI 4 WARUJAYENG,https://dapo.kemdikbud.go.id/sekolah/78467BB97BE1D30330A3,http://sekolah.data.kemdikbud.go.id/index.php/chome/profil/75144ebd-53f4-4683-9211-72dd9c9092de,05 Feb 2023 16:17:25,C,Kurikulum 2013,20558181,Swasta,TK,Yayasan,021/411.513.113/III/2009,1999-07-19,421.9/1888.209/411.304.4/2022,2022-07-26,Tidak ada,BPD JAWA TIMUR,CAPEM TANJUNGANOM,20558181 TK PTW 4 WARUJAYENG,Bersedia Menerima,Pagi,Belum Bersertifikat,PLN,450,Tidak Ada,"JL. PANGLIMA SUDIRMAN, DS. WARUJAYENG",1 / 1,KEL WARUJAYENG,Warujayeng,Kec. Tanjunganom,Kab. Nganjuk,Prov. Jawa Timur,64483,-7,112,2,2,0,0,0,0,0,0,0,0,0,1,0,1,0,0,0,0,0,0,0,0,0,0,0,0,0,0,0,0,0,0,0,0,0,0,0,0,0,0,2,1,1,13,10,3,2,2,0,0,0,0,0,0,0,0,1,1,0,0,0,0,0,0,0,0,0,0,0,0,0,0,0,0,0,0,1,1,,,,,,,,,,,,,,,,,,
051406,TK PERTIWI 5 BANJARANYAR,https://dapo.kemdikbud.go.id/sekolah/B22C903A0FF08E248616,http://sekolah.data.kemdikbud.go.id/index.php/chome/profil/d09eae06-b332-4dbe-b3a9-4f366903bb76,26 Jan 2023 07:05:01,B,Kurikulum 2013,20558259,Swasta,TK,Yayasan,A/09/YYS.PKK/05/2016,1984-07-24,421.9/1888.199411.304.4/2022,2022-07-25,Tidak ada,BPD JAWA TIMUR,CABANG NGANJUK,20558259 TK PTW 5 BANJARANYAR,Bersedia Menerima,Pagi,Belum Bersertifikat,PLN,450,Tidak Ada,DS. BANJARANYAR,2 / 1,BLIMBING,Banjar Anyar,Kec. Tanjunganom,Kab. Nganjuk,Prov. Jawa Timur,64483,-7,111,2,2,0,0,0,0,0,0,0,0,0,1,0,1,0,0,0,0,0,0,0,0,0,0,0,0,0,0,0,0,0,0,0,0,0,0,0,0,0,0,2,1,1,18,10,8,2,2,0,0,0,0,0,0,0,0,0,0,0,0,0,0,4,4,1,1,0,0,0,0,0,0,0,0,0,0,1,1,,,,,,,,,,,,,,,,,,
051406,TK PERTIWI I KEDUNGREJO,https://dapo.kemdikbud.go.id/sekolah/A78E6FB70C8B376D7CFA,http://sekolah.data.kemdikbud.go.id/index.php/chome/profil/21c94a43-5085-476a-af46-efe41d5dd3dc,06 Feb 2023 19:40:08,Belum Terakreditasi,Kurikulum 2013,20558071,Swasta,TK,Yayasan,011/YYS.TK.KDRJ.V/2016,1967-01-01,421.9/280.7/411.301.4/2022,2022-02-15,Tidak ada,BPD JAWA TIMUR,CAPEM TANJUNGANOM,20558071 TK PTW I KEDUNGREJO,Bersedia Menerima,Pagi,Belum Bersertifikat,PLN,450,Tidak Ada,JL.DERMOJOYO,3 / 5,BENDUNGAN,Kedungrejo,Kec. Tanjunganom,Kab. Nganjuk,Prov. Jawa Timur,64483,0,0,2,2,0,0,0,0,0,0,0,0,0,2,0,1,0,0,0,0,0,0,0,0,0,0,0,0,0,0,0,0,0,0,0,0,0,0,0,0,0,0,3,2,1,21,11,10,2,2,0,0,0,0,0,0,1,1,0,0,0,0,0,0,3,3,0,0,0,0,0,0,0,0,0,0,0,0,1,1,,,,,,,,,,,,,,,,,,
051406,TK PERTIWI II BANJARANYAR,https://dapo.kemdikbud.go.id/sekolah/DA906E1B71EC54249833,http://sekolah.data.kemdikbud.go.id/index.php/chome/profil/053bb23f-535f-4478-a0f0-d92518a45b74,31 Jan 2023 06:31:21,B,Kurikulum 2013,20571657,Swasta,TK,Yayasan,1761a/I04.22/I.88,1988-07-20,421.9/1888.198/411.301.4/2022,2022-07-26,Tidak ada,BPD JAWA TIMUR,CAPEM TANJUNGANOM,20571657 TK PTW II BANJARANYAR,Bersedia Menerima,Pagi,Belum Bersertifikat,PLN,450,Tidak Ada,DESA BANJARANYAR,4 / 1,Banjaranyar,Banjar Anyar,Kec. Tanjunganom,Kab. Nganjuk,Prov. Jawa Timur,64483,-7,111,2,2,0,0,0,0,0,0,0,0,0,2,0,1,0,0,0,0,0,0,0,0,0,0,0,0,0,0,0,0,0,0,0,0,0,0,0,0,0,0,1,2,1,18,8,10,2,2,0,0,0,0,0,0,1,1,0,0,0,0,0,0,1,1,0,0,0,0,0,0,0,0,0,0,0,0,1,1,,,,,,,,,,,,,,,,,,
051406,TK PERTIWI KEDUNGOMBO,https://dapo.kemdikbud.go.id/sekolah/F03F3E8177A4035604B9,http://sekolah.data.kemdikbud.go.id/index.php/chome/profil/dd6bcdb7-18db-4346-af04-5a3f9020bacf,07 Feb 2023 06:36:05,Belum Terakreditasi,Kurikulum 2013,20558194,Swasta,TK,Yayasan,1761a/104.22/I.88,1976-04-01,421.9/384.19/411.301.4/2022,2022-03-02,Tidak ada,BPD JAWA TIMUR,CAPEM TANJUNGANOM,20558194 TK PERTIWI KEDUNGOMBO,Bersedia Menerima,Pagi,Belum Bersertifikat,PLN,450,Tidak Ada,"JL PUNTODEWO, DUSUN KEDUNGOMBO",4 / 2,KEDUNGOMBO 2,Kedung Ombo,Kec. Tanjunganom,Kab. Nganjuk,Prov. Jawa Timur,64483,-7,111,2,2,0,0,0,0,0,0,0,0,0,1,0,1,0,0,0,0,0,0,0,0,0,0,0,0,0,0,0,0,0,0,0,0,0,0,0,0,0,0,3,1,1,15,9,6,1,1,0,0,0,0,0,0,0,0,0,0,0,0,0,0,1,1,1,1,0,0,0,0,0,0,0,0,0,0,1,1,,,,,,,,,,,,,,,,,,
051406,TK PERTIWI MALANGSARI,https://dapo.kemdikbud.go.id/sekolah/21631EC5F9894D1D56EA,http://sekolah.data.kemdikbud.go.id/index.php/chome/profil/a063b777-1e65-4450-8f89-1f020e5bd5d6,25 Jan 2023 05:50:08,B,Kurikulum 2013,20571663,Swasta,TK,Yayasan,141/01/YDWP/2021,1968-01-10,421.9/049.98/411.301.4/2023,2022-01-09,Tidak ada,BPD JAWA TIMUR,CAPEM TANJUNGANOM,20571663 TK PERTIWI MALANGSARI,Bersedia Menerima,Pagi,Belum Bersertifikat,PLN,450,Tidak Ada,JL MALANGSARI,0 / 0,MALANGSARI,Malangsari,Kec. Tanjunganom,Kab. Nganjuk,Prov. Jawa Timur,64483,-7,111,2,2,0,0,0,0,0,0,0,0,0,2,0,1,0,0,0,0,0,0,0,0,0,0,0,0,0,0,0,0,0,0,0,0,0,0,0,0,0,0,2,2,1,35,21,14,2,2,0,0,0,0,0,0,0,0,1,1,0,0,0,0,1,1,0,0,0,0,0,0,0,0,0,0,0,0,1,1,,,,,,,,,,,,,,,,,,
051406,TK PERTIWI TANJUNGANOM,https://dapo.kemdikbud.go.id/sekolah/6FB4BED8C31FE784426C,http://sekolah.data.kemdikbud.go.id/index.php/chome/profil/ee3bed34-80b3-439d-a82a-9105b25f5399,20 Mar 2023 11:17:05,B,Kurikulum 2013,20558252,Swasta,TK,Yayasan,1761a/I04.22/I.88,1988-07-20,421.9/049/411.301.4/2023,2023-01-01,K - Kesulitan Belajar,BPD JAWA TIMUR,CAPEM TANJUNGANOM,20558252 TK PTW TANJUNGANOM,Bersedia Menerima,Pagi,Belum Bersertifikat,PLN,1300,Telkomsel Flash,"JL. GATOT SUBROTO NO. 22, DS. TANJUNGANOM",2 / 7,DIPAN BARAT,Tanjung Anom,Kec. Tanjunganom,Kab. Nganjuk,Prov. Jawa Timur,64483,-7,112,3,3,0,0,0,0,0,0,0,0,0,3,0,2,0,0,0,0,0,0,0,0,0,0,0,0,0,0,0,0,0,0,0,0,0,0,0,0,0,0,10,3,2,35,19,16,3,3,1,1,0,0,0,0,1,1,1,1,0,0,1,1,2,2,1,1,0,0,0,0,0,0,0,0,0,0,1,1,,,,,,,,,,,,,,,,,,
051406,TK PERTIWI WATES,https://dapo.kemdikbud.go.id/sekolah/E9CD73009ED633F18AF7,http://sekolah.data.kemdikbud.go.id/index.php/chome/profil/a9504657-dda7-4549-b1c3-c6f3d53bdf41,05 Feb 2023 19:24:57,B,Kurikulum 2013,20571665,Swasta,TK,Yayasan,1761a/104.22/I.88,1977-01-01,421.9/280.40/411.301.4/2022,2022-02-15,Tidak ada,BPD JAWA TIMUR,CAPEM TANJUNGANOM,20571665 TK PERTIWI WATES,Bersedia Menerima,Pagi,Belum Bersertifikat,PLN,0,Tidak Ada,DESA WATES,2 / 2,wates,Wates,Kec. Tanjunganom,Kab. Nganjuk,Prov. Jawa Timur,64483,-5,114,3,4,0,0,0,0,0,0,0,0,0,4,0,1,0,0,0,0,0,0,0,0,0,0,0,0,0,0,0,0,0,0,0,0,0,0,0,0,0,0,3,4,1,45,21,24,4,4,0,0,0,0,0,0,0,0,1,1,0,0,0,0,1,1,0,0,0,0,0,0,0,0,0,0,0,0,1,1,,,,,,,,,,,,,,,,,,
051406,TK PUTRA BANGSA WARUJAYENG,https://dapo.kemdikbud.go.id/sekolah/72DB9CBB3D00037FB6C2,http://sekolah.data.kemdikbud.go.id/index.php/chome/profil/ef571399-951c-427a-98c9-9459177570a3,02 Feb 2023 11:59:43,B,Kurikulum 2013,20574624,Swasta,TK,Yayasan,01/YPS PTB/SK/VIII/2011,2011-08-01,421.9/2009.50/411.301.4/2022,2022-08-04,Tidak ada,BPD JAWA TIMUR,CABANG NGANJUK,20574624 TK PUTRA B WARUJAYENG,Bersedia Menerima,Pagi,9001,PLN,450,Tidak Ada,"DUSUN JETIS, DS. WARUJAYENG",1 / 2,LINGKUNGAN JETIS,Warujayeng,Kec. Tanjunganom,Kab. Nganjuk,Prov. Jawa Timur,64483,-7,112,2,2,0,0,0,0,0,0,0,0,0,2,1,0,0,0,0,0,0,0,0,0,0,0,0,0,0,0,0,0,0,0,0,0,0,0,0,0,0,0,3,2,1,38,16,22,4,4,0,0,0,0,0,0,1,1,1,1,1,1,0,0,2,2,1,1,0,0,0,0,0,0,0,0,0,0,1,1,,,,,,,,,,,,,,,,,,
051406,TK SD SATU ATAP KEDUNG REJO,https://dapo.kemdikbud.go.id/sekolah/AB3609637BCD7E83D8E8,http://sekolah.data.kemdikbud.go.id/index.php/chome/profil/4d383040-370f-49d9-b6bc-c7b40f9e511c,10 Mar 2023 10:57:43,B,Kurikulum 2013,20558287,Swasta,TK,Yayasan,02/YYS.DW.PKK/VII/2004,2011-07-01,421.9/1999.212/411.301.4/2022,2022-07-26,Tidak ada,BPD JAWA TIMUR,CABANG NGANJUK,20558287 TKSD SATAP KEDUNGREJO,Bersedia Menerima,Pagi,Belum Bersertifikat,PLN,450,Tidak Ada,"JL. RAYA MADIUN SURABAYA, DS. KEDUNGREJO",2 / 5,GAMBIRAN,Kedungrejo,Kec. Tanjunganom,Kab. Nganjuk,Prov. Jawa Timur,64483,-7,112,2,3,0,0,0,0,0,0,0,0,0,3,0,1,0,0,0,0,0,0,0,0,0,0,0,0,0,0,0,0,0,0,0,0,0,0,0,0,0,0,8,3,1,18,12,6,2,2,0,0,0,0,0,0,0,0,1,1,0,0,0,0,3,3,1,1,0,0,0,0,0,0,0,0,0,0,1,1,,,,,,,,,,,,,,,,,,
051406,TK TRIBAKTI KEDUNGOMBO,https://dapo.kemdikbud.go.id/sekolah/BF3F39447CFF11B85754,http://sekolah.data.kemdikbud.go.id/index.php/chome/profil/d14d43eb-38f6-4b84-9a52-4a9eb3f00dbf,31 Jan 2023 18:15:35,,Kurikulum 2013,20558289,Swasta,TK,Yayasan,011/YPI.TB/SK/VII/1986,1986-07-12,421.9/1888.204/411.301.4/2022,2022-07-26,Tidak ada,BPD JAWA TIMUR,CAPEM TANJUNGANOM,20558289 TK TRIBAKTIKEDUNGOMBO,Bersedia Menerima,Pagi,Belum Bersertifikat,PLN,900,Tidak Ada,"JL NUSA INDAH NO.26, DS. KEDUNGOMBO",1 / 1,Tawangrejo,Kedung Ombo,Kec. Tanjunganom,Kab. Nganjuk,Prov. Jawa Timur,64482,-7,111,2,2,0,0,0,0,0,0,0,0,0,2,0,1,0,0,0,0,0,0,0,0,0,0,0,0,0,0,0,0,0,0,0,0,0,0,0,0,0,0,5,2,1,41,21,20,2,2,0,0,0,0,0,0,0,0,1,1,1,1,0,0,2,2,0,0,0,0,0,0,0,0,0,0,0,0,1,1,,,,,,,,,,,,,,,,,,
051406,TK TUNAS MAWAR,https://dapo.kemdikbud.go.id/sekolah/22DD94A940EC470D2403,http://sekolah.data.kemdikbud.go.id/index.php/chome/profil/52dc71ad-c737-477e-908f-d90eca6a613d,08 Feb 2023 21:04:30,Belum Terakreditasi,Kurikulum 2013,69925006,Swasta,TK,Yayasan,002/YYS.NJ.KD/V/2008,2008-05-15,421.9/1888.202/411.301.4/2022,2022-07-26,Tidak ada,BPD JAWA TIMUR,CABANG NGANJUK,69925006 TK TUNAS MAWAR,Bersedia Menerima,Pagi,Belum Bersertifikat,PLN,450,Tidak Ada,KEDUNG OMBO,2 / 1,KEDUNGOMBO,Kedung Ombo,Kec. Tanjunganom,Kab. Nganjuk,Prov. Jawa Timur,64483,-7,111,2,2,0,0,0,0,0,0,0,0,0,2,0,1,0,0,0,0,0,0,0,0,0,0,0,0,0,0,0,0,0,0,0,0,0,0,0,0,0,0,3,2,1,24,15,9,2,2,0,0,0,0,0,0,0,0,1,1,0,0,0,0,1,1,0,0,0,0,0,0,0,0,0,0,0,0,1,1,,,,,,,,,,,,,,,,,,
051406,TK-SD SATAP DS. SUMBER KEPUH TANJUNGANOM,https://dapo.kemdikbud.go.id/sekolah/43E1959F9B8AF6FC5A82,http://sekolah.data.kemdikbud.go.id/index.php/chome/profil/fd691a10-3598-4ffe-91e6-1923e3a700b0,19 Jan 2023 21:12:56,C,Kurikulum 2013,69727421,Swasta,TK,Yayasan,145/150/411.519.02/2022,2011-07-11,421.9/188.207/411.301.4/2022,2022-07-07,Tidak ada,BPD JAWA TIMUR,CAPEM TANJUNGANOM,69727421 TK SD SATAP DS SKT,Bersedia Menerima,Pagi,Belum Bersertifikat,PLN,90,Tidak Ada,DS. SUMBER KEPUH TANJUNGANOM,5 / 7,SAMBIKEREP,Sumberkepuh,Kec. Tanjunganom,Kab. Nganjuk,Prov. Jawa Timur,64483,-7,111,2,2,0,0,0,0,0,0,0,0,0,2,0,1,0,0,0,0,0,0,0,0,0,0,0,0,0,0,0,0,0,0,0,0,0,0,0,0,0,0,2,2,1,28,11,17,2,2,0,0,0,0,0,0,0,0,0,0,0,0,0,0,1,1,1,1,0,0,0,0,0,0,0,0,0,0,1,1,,,,,,,,,,,,,,,,,,
051406,TK.PERTIWI 2 NGADIREJO,https://dapo.kemdikbud.go.id/sekolah/20CCF3B941F185AB71CD,http://sekolah.data.kemdikbud.go.id/index.php/chome/profil/b97847e0-a4c6-41f2-bcf3-d02a58663f87,07 Feb 2023 06:05:41,B,Kurikulum 2013,69824863,Swasta,TK,Yayasan,14/426.631.107/08/2022,1988-06-18,421.9/1603.45/411.301.4/2022,2022-06-30,Tidak ada,BPD JAWA TIMUR,CAPEM TANJUNGANOM,69824863 TK PTW 2 NGADIREJO,Bersedia Menerima,Pagi,Belum Bersertifikat,PLN,450,Tidak Ada,DUSUN JARUMAN,2 / 2,JARUMAN,Ngadirejo,Kec. Tanjunganom,Kab. Nganjuk,Prov. Jawa Timur,64483,0,0,2,3,0,0,0,0,0,0,0,0,0,3,0,1,0,0,0,0,0,0,0,0,0,0,0,0,0,0,0,0,0,0,0,0,0,0,0,0,0,0,3,3,1,29,19,10,2,2,0,0,0,0,0,0,1,1,0,0,0,0,1,1,0,0,1,1,0,0,0,0,0,0,0,0,0,0,1,1,,,,,,,,,,,,,,,,,,
051406,TK.PERTIWI 3 SUMBERKEPUH,https://dapo.kemdikbud.go.id/sekolah/F6595A67148E24A1F82C,http://sekolah.data.kemdikbud.go.id/index.php/chome/profil/0e8af02c-42d1-472c-9785-91a74e1975a9,16 Mar 2023 09:41:28,C,Kurikulum 2013,69824873,Swasta,TK,Yayasan,145/150/411.519.02/2022,2005-07-18,421.9/1888.208/411.301.4/2022,2022-07-26,Tidak ada,BPD JAWA TIMUR,CAPEM TANJUNGANOM,69824873 TK PTW 3 SUMBERKEPUH,Bersedia Menerima,Pagi,Belum Bersertifikat,PLN,450,Tidak Ada,SUMBERKEPUH,5 / 8,KEBONAGUNG,Sumberkepuh,Kec. Tanjunganom,Kab. Nganjuk,Prov. Jawa Timur,64483,-7,111,2,2,0,0,0,0,0,0,0,0,0,1,0,1,0,0,0,0,0,0,0,0,0,0,0,0,0,0,0,0,0,0,0,0,0,0,0,0,0,0,4,1,1,25,9,16,2,2,0,0,0,0,0,0,0,0,0,0,0,0,0,0,1,1,0,0,0,0,0,0,0,0,0,0,0,0,1,1,,,,,,,,,,,,,,,,,,
051406,TKIT ASSIRAAJ KEDUNGREJO,https://dapo.kemdikbud.go.id/sekolah/6800A722268BDEE8E3D5,http://sekolah.data.kemdikbud.go.id/index.php/chome/profil/730cce0b-b444-4a76-b424-2b6207bc652e,02 Mar 2023 20:49:56,B,Kurikulum 2013,69871520,Swasta,TK,Yayasan,002/SKP/YPLAS/V/2010,2010-06-01,421.9/1603.41/411.301.4/2022,2022-06-30,Tidak ada,BPD JAWA TIMUR,CAPEM TANJUNGANOM,69871520 TKIT ASSIRAAJ K,Bersedia Menerima,Pagi,Belum Bersertifikat,PLN,900,Tidak Ada,DUSUN KEPUHBENER,3 / 9,KEPUHBENER,Kedungrejo,Kec. Tanjunganom,Kab. Nganjuk,Prov. Jawa Timur,64483,-7,112,4,4,0,0,0,0,0,0,0,0,0,4,0,1,0,0,0,0,0,0,0,0,0,0,0,0,0,0,0,0,0,0,0,0,0,0,0,0,0,0,6,4,1,63,30,33,6,6,0,0,0,0,0,0,1,1,0,0,0,0,1,1,2,2,1,1,0,0,0,0,0,0,0,0,0,0,1,1,,,,,,,,,,,,,,,,,,
051406,TKIT MANBAUL HUDA,https://dapo.kemdikbud.go.id/sekolah/1260D5311093BBDDB2F9,http://sekolah.data.kemdikbud.go.id/index.php/chome/profil/9370d956-65d8-47b0-bb62-d5e481142f92,07 Mar 2023 21:51:18,B,Kurikulum 2013,69942860,Swasta,TK,Yayasan,5/YPIS/13/II/VII/2015,2015-11-10,421.9/2009.51/411.301.4/2022,2022-08-04,Tidak ada,BPD JAWA TIMUR,CAPEM TANJUNGANOM,69942860 TKIT MANBAUL HUDA,Bersedia Menerima,Pagi,Belum Bersertifikat,PLN,900,Tidak Ada,DESA KAMPUNGBARU,1 / 2,TAWANG,Kampungbaru,Kec. Tanjunganom,Kab. Nganjuk,Prov. Jawa Timur,64483,-7,112,2,2,0,0,0,0,0,0,0,0,0,2,0,1,0,0,0,0,0,0,0,0,0,0,0,0,0,0,0,0,0,0,0,0,0,0,0,0,0,0,10,2,1,54,27,27,2,2,0,0,0,0,0,0,0,0,1,1,0,0,0,0,2,2,0,0,0,0,0,0,0,0,0,0,0,0,4,4,,,,,,,,,,,,,,,,,,
051406,KB PUTRA BANGSA WARUJAYENG,https://dapo.kemdikbud.go.id/sekolah/864998D617FF7465AD61,http://sekolah.data.kemdikbud.go.id/index.php/chome/profil/ba9b15a3-d5c8-416b-9422-25392d5b3263,25 Jan 2023 23:40:23,C,Kurikulum 2013,69765506,Swasta,KB,Yayasan,34,2011-05-25,421.5/013.479/411.301.4/2020,2015-01-26,K - Kesulitan Belajar,BPD JAWA TIMUR,CAPEM TANJUNGANOM,69765506 KB PUTRA BANGSA W,Bersedia Menerima,Pagi,Belum Bersertifikat,PLN,900,Telkom Speedy,DSN.JETIS,1 / 2,JETIS,Warujayeng,Kec. Tanjunganom,Kab. Nganjuk,Prov. Jawa Timur,64483,0,0,2,2,0,0,0,0,0,0,0,0,0,1,0,1,0,0,0,0,0,0,0,0,0,0,0,0,0,0,0,0,0,0,0,0,0,0,0,0,0,0,2,1,1,23,12,11,1,1,0,0,0,0,0,0,0,0,1,1,0,0,0,0,1,1,1,1,0,0,0,0,0,0,0,0,0,0,1,1,,,,,,,,,,,,,,,,,,
051406,KB  EL ISTIQAMAH,https://dapo.kemdikbud.go.id/sekolah/A3BC288C2F82CA8D3C3B,http://sekolah.data.kemdikbud.go.id/index.php/chome/profil/be6e1bfa-9c1e-41cd-a9e7-613fc61f9735,09 Mar 2023 08:09:59,,Kurikulum 2013,69871533,Swasta,KB,Yayasan,02/Y.EL/VII/2022,2013-07-15,421.5/013.489/411.301.4/2020,2020-01-03,Tidak ada,BPD JAWA TIMUR,CAPEM TANJUNGANOM,69871533 KB  EL ISTIQAMAH,Bersedia Menerima,Sehari penuh (5 h/m),Belum Bersertifikat,PLN,450,Tidak Ada,DSN SANTREN 01/03,1 / 3,Santren,Malangsari,Kec. Tanjunganom,Kab. Nganjuk,Prov. Jawa Timur,64483,-7,111,3,3,0,0,0,0,0,0,0,0,0,2,0,1,0,0,0,0,0,0,0,0,0,0,0,0,0,0,0,0,0,0,0,0,0,0,0,0,0,0,9,2,1,26,14,12,1,1,0,0,0,0,0,0,0,0,0,0,0,0,0,0,2,2,0,0,0,0,0,0,0,0,0,0,0,0,1,1,,,,,,,,,,,,,,,,,,
051406,KB AL BAROKAH,https://dapo.kemdikbud.go.id/sekolah/FA5AE7CE8C5125C41BD7,http://sekolah.data.kemdikbud.go.id/index.php/chome/profil/87d82cc7-b5ca-4e48-a587-c8aad40dabd4,23 Feb 2023 11:06:04,Belum Terakreditasi,Kurikulum 2013,69871536,Swasta,KB,Yayasan,143/06/YYS.PKK/01/2013,2013-01-02,421.5/013.486/411.301.4/2022,2015-01-26,Tidak ada,BPD JAWA TIMUR,CAPEM TANJUNGANOM,69871536 KB AL BAROKAH,Bersedia Menerima,Pagi,Belum Bersertifikat,PLN,450,Telkom Speedy,DSN. GERBONG,3 / 5,GERBONG,Demangan,Kec. Tanjunganom,Kab. Nganjuk,Prov. Jawa Timur,64483,0,0,2,2,0,0,0,0,0,0,0,0,0,2,0,0,0,0,0,0,0,0,0,0,0,0,0,0,0,0,0,0,0,0,0,0,0,0,0,0,0,0,10,2,0,17,9,8,1,1,0,0,0,0,0,0,0,1,0,0,0,0,0,0,1,1,0,0,0,0,0,0,0,0,0,0,0,0,1,1,,,,,,,,,,,,,,,,,,
051406,KB AL HUDA,https://dapo.kemdikbud.go.id/sekolah/CD2A2D118D1CA270674B,http://sekolah.data.kemdikbud.go.id/index.php/chome/profil/26752324-30e1-4a19-b881-395c9c681608,06 Mar 2023 12:00:29,Belum Terakreditasi,Kurikulum 2013,69818167,Swasta,KB,Yayasan,421.9/307/411.201/2010,2010-01-04,421.5/013.469/411.301.4/2020,2020-01-01,Tidak ada,BPD JAWA TIMUR,CABANG NGANJUK,69818167 KB AL HUDA,Bersedia Menerima,Sehari penuh (5 h/m),Proses Sertifikasi,PLN,450,Telkomsel Flash,KEPUHBENER,1 / 9,KEPUHBENER,Kedungrejo,Kec. Tanjunganom,Kab. Nganjuk,Prov. Jawa Timur,64483,-7,112,2,2,0,0,0,0,0,0,0,0,0,2,0,1,0,0,0,0,0,0,0,0,0,0,0,0,0,0,0,0,0,0,0,0,0,0,0,0,0,0,5,2,1,16,3,13,2,2,0,0,0,0,0,0,0,0,1,1,1,1,0,0,1,1,0,0,0,0,0,0,0,0,0,0,0,0,1,1,,,,,,,,,,,,,,,,,,
051406,KB AL MAWADDAH,https://dapo.kemdikbud.go.id/sekolah/EF5A5F92AC3C325AC41D,http://sekolah.data.kemdikbud.go.id/index.php/chome/profil/7d5f5636-e61e-47b5-90e6-6a787d2eb5ac,26 Jan 2023 15:11:20,Belum Terakreditasi,Kurikulum 2013,69765500,Swasta,KB,Yayasan,001/AMD/XI/2009,2009-11-27,421.9/561/411.201.5/2015,2015-01-26,Tidak ada,BPD JAWA TIMUR,CAPEM TANJUNGANOM,69765500 KB AL MAWADDAH,Bersedia Menerima,Pagi,Belum Bersertifikat,PLN,450,Smartfren,JL. AHMAD YANI GG.APEL NO.29,2 / 7,DIPAN BARAT,Tanjung Anom,Kec. Tanjunganom,Kab. Nganjuk,Prov. Jawa Timur,64483,0,0,1,1,0,0,0,0,0,0,0,0,0,1,0,1,0,0,0,0,0,0,0,0,0,0,0,0,0,0,0,0,0,0,0,0,0,0,0,0,0,0,5,1,1,6,4,2,1,1,0,0,0,0,0,0,1,1,0,0,0,0,0,0,2,2,0,0,0,0,0,1,0,0,0,0,0,0,1,1,,,,,,,,,,,,,,,,,,
051406,KB AN-NUR,https://dapo.kemdikbud.go.id/sekolah/8F8767B080B0EF2AE596,http://sekolah.data.kemdikbud.go.id/index.php/chome/profil/ce225368-740c-42c9-bde9-0342caebd459,06 Mar 2023 18:12:41,Belum Terakreditasi,Kurikulum 2013,69780459,Swasta,KB,Yayasan,143/25/YYS.PKK/07/2002,2002-07-15,421.5/013.473/411.301.4/2020,2020-01-03,Tidak ada,BPD JAWA TIMUR,CAPEM TANJUNGANOM,69780459 KB AN NUR,Bersedia Menerima,Pagi,Belum Bersertifikat,PLN,450,Tidak Ada,DUSUN BANARAN,2 / 2,BANARAN,Demangan,Kec. Tanjunganom,Kab. Nganjuk,Prov. Jawa Timur,64483,-7,111,2,2,0,0,0,0,0,0,0,0,0,1,0,1,0,0,0,0,0,0,0,0,0,0,0,0,0,0,0,0,0,0,0,0,0,0,0,0,0,0,4,1,1,15,5,10,1,1,0,0,0,0,0,0,0,0,0,0,0,0,0,0,1,1,1,1,0,0,0,0,0,0,0,0,0,0,1,1,,,,,,,,,,,,,,,,,,
051406,KB ANAK CERDAS,https://dapo.kemdikbud.go.id/sekolah/578DE4AAF5EF3B55E0E0,http://sekolah.data.kemdikbud.go.id/index.php/chome/profil/7a2853b5-efbf-48fb-aeae-b6236bced5ef,03 Mar 2023 18:05:14,Belum Terakreditasi,Kurikulum 2013,69765494,Swasta,KB,Yayasan,03/PAUD/PKK/2010,2010-07-12,421.5/013.474/411.301.4/2020,2020-01-01,Tidak ada,BPD JAWA TIMUR,CAPEM TANJUNGANOM,69765494 KB ANAK CERDAS,Bersedia Menerima,Sehari penuh (5 h/m),Belum Bersertifikat,PLN,450,Telkomsel Flash,JL GARUDA 99,2 / 1,KLEMPUN,Sonobekel,Kec. Tanjunganom,Kab. Nganjuk,Prov. Jawa Timur,64483,0,0,2,2,0,0,0,0,0,0,0,0,0,1,0,1,0,0,0,0,0,0,0,0,0,0,0,0,0,0,0,0,0,0,0,0,0,0,0,0,0,0,5,1,1,9,2,7,1,1,0,0,0,0,0,0,0,0,0,0,0,0,0,0,0,0,0,0,0,0,0,0,0,0,0,0,0,0,1,1,,,,,,,,,,,,,,,,,,
051406,KB AR-ROZAQ,https://dapo.kemdikbud.go.id/sekolah/0C1B4A106A9E399FA846,http://sekolah.data.kemdikbud.go.id/index.php/chome/profil/10a4b4e1-292b-4e71-88a1-bdad89594d2f,01 Feb 2023 07:44:18,,Kurikulum 2013,69818168,Swasta,KB,Yayasan,001/paudar.rozaq/skvii/2012,2012-07-01,421.5/013.484/411.301.4/2020,2020-01-03,Tidak ada,BPD JAWA TIMUR,CAPEM TANJUNGANOM,69818168 KB AR ROZAQ,Bersedia Menerima,Pagi,Belum Bersertifikat,PLN,900,Tidak Ada,NGAWEN,1 / 1,Ngawen,Getas,Kec. Tanjunganom,Kab. Nganjuk,Prov. Jawa Timur,64483,-7,111,2,3,0,0,0,0,0,0,0,0,0,2,0,1,0,0,0,0,0,0,0,0,0,0,0,0,0,0,0,0,0,0,0,0,0,0,0,0,0,0,2,2,1,21,10,11,2,2,0,0,0,0,0,0,0,0,0,0,0,0,0,0,1,1,0,0,0,0,0,0,0,0,0,0,0,0,1,1,,,,,,,,,,,,,,,,,,
051406,KB ASSIRAAJ,https://dapo.kemdikbud.go.id/sekolah/6176F89FC26B84033397,http://sekolah.data.kemdikbud.go.id/index.php/chome/profil/7f41d612-680e-4ffc-9ad5-473bebb668eb,23 Mar 2023 14:29:25,B,Kurikulum 2013,69765509,Swasta,KB,Yayasan,001/SKP/YPLAS/V/2010,2010-06-10,421.5/013.473/411.301.4/2020,2020-01-02,Tidak ada,BPD JAWA TIMUR,CABANG NGANJUK,69765509 KB ASSIRAAJ,Bersedia Menerima,Pagi,Belum Bersertifikat,PLN,0,Tidak Ada,Dsn. Kepuh bener,3 / 9,KEPUHBENER,Kedungrejo,Kec. Tanjunganom,Kab. Nganjuk,Prov. Jawa Timur,64483,-7,112,3,1,0,0,0,0,0,0,0,0,0,0,0,1,0,0,0,0,0,0,0,0,0,0,0,0,0,0,0,0,0,0,0,0,0,0,0,0,0,0,12,0,1,32,16,16,6,6,0,0,0,0,0,0,1,1,0,0,0,0,1,1,2,2,1,1,0,0,0,0,0,0,0,0,0,0,1,1,,,,,,,,,,,,,,,,,,
051406,KB BUDI UTOMO,https://dapo.kemdikbud.go.id/sekolah/3DB9AB3E1285F558BA28,http://sekolah.data.kemdikbud.go.id/index.php/chome/profil/efd8875b-9379-49b3-be00-beaacc9a94be,01 Mar 2023 07:48:28,Belum Terakreditasi,Kurikulum 2013,69784713,Swasta,KB,Yayasan,012/YYS.MH/PAUD.BU/VII/2007,2007-06-16,421.5/013.457/411.301.4/2020,2020-01-03,Tidak ada,BPD JAWA TIMUR,CAPEM TANJUNGANOM,69784713 KB BUDI UTOMO,Bersedia Menerima,Pagi,Belum Bersertifikat,PLN,450,Smartfren,DESA KEDUNGOMBO,1 / 1,TAWANGREJO,Kedung Ombo,Kec. Tanjunganom,Kab. Nganjuk,Prov. Jawa Timur,64483,-7,111,4,4,0,0,0,0,0,0,0,0,0,3,0,1,0,0,0,0,0,0,0,0,0,0,0,0,0,0,0,0,0,0,0,0,0,0,0,0,0,0,7,3,1,41,18,23,6,7,0,0,0,0,0,0,0,0,1,1,1,1,0,0,2,2,0,0,0,0,0,0,0,0,0,0,0,0,1,2,,,,,,,,,,,,,,,,,,
051406,KB BUNDA,https://dapo.kemdikbud.go.id/sekolah/BFDE638218B5AE2080BE,http://sekolah.data.kemdikbud.go.id/index.php/chome/profil/9b15e6bc-f0b4-410e-963d-9aa694211efa,21 Mar 2023 20:14:53,Belum Terakreditasi,Kurikulum 2013,69765756,Swasta,KB,Yayasan,03/YYS.RS/VII/2011,2011-07-01,421.5/013.481/411.301.4/2020,2020-01-03,Tidak ada,BPD JAWA TIMUR,CAPEM TANJUNGANOM,69765756 KB BUNDA,Bersedia Menerima,Pagi,Belum Bersertifikat,PLN,1300,Telkomsel Flash,BANDARALIM,4 / 6,BANDARALIM,Demangan,Kec. Tanjunganom,Kab. Nganjuk,Prov. Jawa Timur,64483,-5,114,3,3,0,0,0,0,0,0,0,0,0,2,0,1,0,0,0,0,0,0,0,0,0,0,0,0,0,0,0,0,0,0,0,0,0,0,0,0,0,0,8,2,1,24,12,12,1,1,0,0,0,0,0,0,0,1,0,0,1,1,0,0,1,1,0,0,0,0,0,0,0,0,0,0,0,0,1,1,,,,,,,,,,,,,,,,,,
051406,KB BUNGA DAHLIA,https://dapo.kemdikbud.go.id/sekolah/B1699F1C76AF77E56D6F,http://sekolah.data.kemdikbud.go.id/index.php/chome/profil/89bf1f55-4d08-425d-ab64-43263435158b,24 Mar 2023 09:06:54,Belum Terakreditasi,Kurikulum 2013,69955079,Swasta,KB,Yayasan,402,2016-01-22,421.5/013.490/411.301.4/2020,2020-01-03,Tidak ada,BPD JAWA TIMUR,CAPEM TANJUNGANOM,69955079 KB BUNGA DAHLIA,Bersedia Menerima,Sehari penuh (5 h/m),Belum Bersertifikat,PLN,900,Smartfren,DESA NGADIREJO,4 / 1,NGADIREJO,Ngadirejo,Kec. Tanjunganom,Kab. Nganjuk,Prov. Jawa Timur,64483,0,0,3,3,0,0,0,0,0,0,0,0,0,2,0,1,0,0,0,0,0,0,0,0,0,0,0,0,0,0,0,0,0,0,0,0,0,0,0,0,0,0,5,2,1,25,12,13,1,1,0,0,0,0,0,0,1,1,0,0,0,0,0,0,1,1,0,0,0,0,0,1,0,0,0,0,0,0,1,1,,,,,,,,,,,,,,,,,,
051406,KB DARUL ULUM,https://dapo.kemdikbud.go.id/sekolah/536DEA9AD173A311844E,http://sekolah.data.kemdikbud.go.id/index.php/chome/profil/41bc24f2-0561-4d25-8085-7ce5bb27d444,29 Jan 2023 20:31:09,,Kurikulum 2013,69765487,Swasta,KB,Yayasan,112,2011-07-11,421.9/004.460/411.301.4/2023,2023-01-02,Tidak ada,BPD JAWA TIMUR,CAPEM TANJUNGANOM,69765487 KB DARUL ULUM,Bersedia Menerima,Pagi,Belum Bersertifikat,PLN,450,Indosat IM3,BULUREJO,1 / 1,BULUREJO,Kedung Ombo,Kec. Tanjunganom,Kab. Nganjuk,Prov. Jawa Timur,64482,-7,111,2,2,0,0,0,0,0,0,0,0,0,1,0,1,0,0,0,0,0,0,0,0,0,0,0,0,0,0,0,0,0,0,0,0,0,0,0,0,0,0,4,1,1,16,10,6,1,1,0,0,0,0,0,0,0,0,1,1,1,1,0,0,2,2,0,0,0,0,0,0,0,0,0,0,0,0,2,2,,,,,,,,,,,,,,,,,,
051406,KB DARUSH SHOLIHIN,https://dapo.kemdikbud.go.id/sekolah/84D34C13F5D187B2B083,http://sekolah.data.kemdikbud.go.id/index.php/chome/profil/dc594a37-9f3e-4c16-b71c-fb81c20cc325,20 Mar 2023 10:16:26,,Kurikulum 2013,69765502,Swasta,KB,Yayasan,0153/A/YDSN/VII/2003,2003-07-18,421.5/013.453/411.301.4/2020,2020-01-03,Tidak ada,BPD JAWA TIMUR,CAPEM TANJUNGANOM,69765502 KB DARUSH SHOLIHIN,Bersedia Menerima,Pagi,Belum Bersertifikat,PLN,900,Indosat IM3,BASUKI RAHMAD 202,1 / 5,Bagbogo,Tanjung Anom,Kec. Tanjunganom,Kab. Nganjuk,Prov. Jawa Timur,64483,-7,112,4,4,0,0,0,0,0,0,0,0,0,3,0,1,0,0,0,0,0,0,0,0,0,0,0,0,0,0,0,0,0,0,0,0,0,0,0,0,0,0,8,3,1,55,34,21,4,4,0,0,0,0,0,0,0,0,1,1,0,0,0,0,2,2,0,0,0,0,0,1,0,0,0,0,0,0,1,1,,,,,,,,,,,,,,,,,,
051406,KB DARUSSALAM,https://dapo.kemdikbud.go.id/sekolah/6B06C021FC4C5D9DAA0A,http://sekolah.data.kemdikbud.go.id/index.php/chome/profil/0b2f2d73-0fe2-4c56-9f1e-69d6231ade42,04 Mar 2023 22:27:14,,Kurikulum 2013,69818148,Swasta,KB,Yayasan,010/liga/A/KEP/III/2008,2012-06-15,421.9/004.462/411.301.4/2023,2023-01-02,Tidak ada,BPD JAWA TIMUR,CAPEM TANJUNGANOM,69818148 KB DARUSSALAM,Bersedia Menerima,Sehari penuh (5 h/m),Belum Bersertifikat,PLN,900,Tidak Ada,KREMPYANG,2 / 2,KREMPYANG,Tanjung Anom,Kec. Tanjunganom,Kab. Nganjuk,Prov. Jawa Timur,64483,-7,112,2,3,0,0,0,0,0,0,0,0,0,2,0,2,0,0,0,0,0,0,0,0,0,0,0,0,0,0,0,0,0,0,0,0,0,0,0,0,0,0,7,2,2,20,9,11,1,1,0,0,0,0,0,0,1,1,1,1,0,0,0,0,1,1,1,1,0,0,0,0,0,0,0,0,0,0,1,1,,,,,,,,,,,,,,,,,,
051406,KB DHERMAJAYA,https://dapo.kemdikbud.go.id/sekolah/C5560059F98D9B2770AA,http://sekolah.data.kemdikbud.go.id/index.php/chome/profil/6ff23c49-3072-464d-92d8-dcbfe0436a74,03 Mar 2023 14:57:56,,Kurikulum 2013,69765511,Swasta,KB,Yayasan,421.9/377/411.201.5.2012,2016-06-29,421.5/013.478/411.301.4/2020,2020-01-03,Tidak ada,BPD JAWA TIMUR,CAPEM TANJUNGANOM,69765511 KB DHERMAJAYA,Bersedia Menerima,Sehari penuh (5 h/m),Belum Bersertifikat,PLN,450,Lainnya (Serat Optik),DESA KEDUNGREJO,1 / 6,BENDUNGAN,Kedungrejo,Kec. Tanjunganom,Kab. Nganjuk,Prov. Jawa Timur,64483,0,0,1,1,0,0,0,0,0,0,0,0,0,1,0,0,0,0,0,0,0,0,0,0,0,0,0,0,0,0,0,0,0,0,0,0,0,0,0,0,0,0,3,1,0,15,5,10,1,1,0,0,0,0,0,0,0,0,1,1,0,0,0,0,2,2,0,0,0,0,0,0,0,0,0,0,0,0,1,1,,,,,,,,,,,,,,,,,,
051406,KB DIPONEGORO,https://dapo.kemdikbud.go.id/sekolah/B5B986B51549D5F682FA,http://sekolah.data.kemdikbud.go.id/index.php/chome/profil/046ae821-8707-4b47-aecb-d9cccad61014,20 Mar 2023 11:27:11,B,Kurikulum 2013,69765499,Swasta,KB,Yayasan,421.9/310/411.201/2010,2007-10-05,421.5/013.458/411.301.4/2020,2020-01-03,Tidak ada,BPD JAWA TIMUR,CAPEM TANJUNGANOM,69765499 KB DIPONEGORO,Bersedia Menerima,Pagi,Belum Bersertifikat,PLN,900,Tidak Ada,WINONGSARI 3,1 / 5,BAGBOGO,Tanjung Anom,Kec. Tanjunganom,Kab. Nganjuk,Prov. Jawa Timur,64483,0,0,4,1,0,0,0,0,0,0,0,0,0,0,0,1,0,0,0,0,0,0,0,0,0,0,0,0,0,0,0,0,0,0,0,0,0,0,0,0,0,0,9,0,1,36,23,13,3,3,0,0,0,0,0,0,0,0,1,1,0,0,0,0,1,1,1,1,0,0,0,0,0,0,0,0,0,0,1,1,,,,,,,,,,,,,,,,,,
051406,KB HARAPAN BANGSA,https://dapo.kemdikbud.go.id/sekolah/C274E680456ECA53A164,http://sekolah.data.kemdikbud.go.id/index.php/chome/profil/3857d4f4-3a1c-4671-acbf-8ff3f52f20ed,25 Aug 2022 22:16:48,Belum Terakreditasi,Kurikulum 2013,69765516,Swasta,KB,Yayasan,84,2011-03-23,421.9/559/411.201.5/2015,2015-01-26,Tidak ada,BPD JAWA TIMUR,CAPEM TANJUNGANOM,69765516 KB HARAPAN BANGSA,,,,,,,DEMANGAN,4 / 6,BANDARALIM,Demangan,Kec. Tanjunganom,Kab. Nganjuk,Prov. Jawa Timur,64483,0,0,0,0,0,0,0,0,0,0,0,0,0,0,0,1,0,0,0,0,0,0,0,0,0,0,0,0,0,0,0,0,0,0,0,0,0,0,0,0,0,0,0,0,1,0,0,0,1,0,0,0,0,0,0,0,0,0,0,0,0,0,0,0,1,0,0,0,0,0,0,0,0,0,0,0,0,0,1,1,,,,,,,,,,,,,,,,,,
051406,KB HARAPAN KITA,https://dapo.kemdikbud.go.id/sekolah/6A4C20E1C9F17805640A,http://sekolah.data.kemdikbud.go.id/index.php/chome/profil/dfd9bc35-646e-4174-932d-cb42df4346dd,08 Feb 2023 05:35:38,Belum Terakreditasi,Kurikulum 2013,69765396,Swasta,KB,Yayasan,01/SK.PD/YPHK/01/2010,2010-01-01,421.5/787/411.301.4/2021,2021-03-09,Tidak ada,BPD JAWA TIMUR,CAPEM TANJUNGANOM,69765396 KB HARAPAN KITA,Bersedia Menerima,Pagi,Belum Bersertifikat,PLN,450,Tidak Ada,KEBONAGUNG,1 / 8,KEBONAGUNG,Sumberkepuh,Kec. Tanjunganom,Kab. Nganjuk,Prov. Jawa Timur,64483,-5,114,1,1,0,0,0,0,0,0,0,0,0,1,0,1,0,0,0,0,0,0,0,0,0,0,0,0,0,0,0,0,0,0,0,0,0,0,0,0,0,0,4,1,1,10,6,4,1,1,0,0,0,0,0,0,0,0,1,1,0,0,0,0,1,1,0,0,0,0,0,0,0,0,0,0,0,0,1,1,,,,,,,,,,,,,,,,,,
051406,KB ISLAM DARUL MUSTOFA,https://dapo.kemdikbud.go.id/sekolah/968D959A3BAE9CD3DFD7,http://sekolah.data.kemdikbud.go.id/index.php/chome/profil/c2d71823-5e0e-4a1e-8b28-925084c669ad,10 Mar 2023 19:42:05,,Kurikulum 2013,69980137,Swasta,KB,Yayasan,2017,2017-04-01,421.5/013.492/411.301.4/2020,2020-01-03,Tidak ada,BPD JAWA TIMUR,CAPEM TANJUNGANOM,69980137 KB ISLAM DARUL M,Bersedia Menerima,Pagi,Belum Bersertifikat,PLN,2000,Lainnya (Serat Optik),"DSN. KURUNG LOR, DESA KAMPUNG BARU, TANJUNGANOM",2 / 12,KURUNG LOR,Kampungbaru,Kec. Tanjunganom,Kab. Nganjuk,Prov. Jawa Timur,64483,-7,112,1,1,0,0,0,0,0,0,0,0,0,1,0,1,0,0,0,0,0,0,0,0,0,0,0,0,0,0,0,0,0,0,0,0,0,0,0,0,0,0,3,1,1,6,3,3,1,1,0,0,0,0,0,0,0,0,1,1,0,0,0,0,2,2,0,0,0,0,0,1,0,0,0,0,0,0,1,1,,,,,,,,,,,,,,,,,,
051406,KB KARTINI,https://dapo.kemdikbud.go.id/sekolah/1B515C7EB3F060725648,http://sekolah.data.kemdikbud.go.id/index.php/chome/profil/5095a3df-0fb1-4ecd-9ad0-ba0ab1146051,21 Mar 2023 09:54:07,Belum Terakreditasi,Kurikulum 2013,69765505,Swasta,KB,Yayasan,12/PKK/VII/2010,2010-07-12,421.5/013.470/411.301.4/2020,2020-01-03,Tidak ada,BPD JAWA TIMUR,CABANG NGANJUK,69765505 KB KARTINI,Bersedia Menerima,Pagi,Belum Bersertifikat,PLN,900,Tidak Ada,JL.JOGOMERTO,2 / 2,JOGOMERTO,Jogomerto,Kec. Tanjunganom,Kab. Nganjuk,Prov. Jawa Timur,64483,0,0,2,2,0,0,0,0,0,0,0,0,0,1,0,1,0,0,0,0,0,0,0,0,0,0,0,0,0,0,0,0,0,0,0,0,0,0,0,0,0,0,3,1,1,12,6,6,1,1,0,0,0,0,0,0,1,1,0,0,0,0,0,0,1,1,0,0,0,0,0,0,0,0,0,0,0,0,1,1,,,,,,,,,,,,,,,,,,
051406,KB MAHKOTA INTAN,https://dapo.kemdikbud.go.id/sekolah/8ADA3C80F040B2BF1C57,http://sekolah.data.kemdikbud.go.id/index.php/chome/profil/3b01bb25-4303-4f92-9e71-5522aebfc48c,08 Feb 2023 23:30:50,Belum Terakreditasi,Kurikulum 2013,69765501,Swasta,KB,Yayasan,02/PKK.KEL.TJANOM/XII/2009,2009-12-12,421.9/562/411.201.5/2015,2015-01-26,Tidak ada,BPD JAWA TIMUR,CABANG NGANJUK,69765501 KB MAHKOTA INTAN,Bersedia Menerima,Pagi,Belum Bersertifikat,PLN,400,3 (Tri),GAT SUBROTO NO. 22,3 / 7,dipan barat,Tanjung Anom,Kec. Tanjunganom,Kab. Nganjuk,Prov. Jawa Timur,64483,-7,112,1,1,0,0,0,0,0,0,0,0,0,1,0,1,0,0,0,0,0,0,0,0,0,0,0,0,0,0,0,0,0,0,0,0,0,0,0,0,0,0,3,1,1,13,7,6,1,1,0,0,0,0,0,0,0,0,0,0,0,0,0,0,1,1,0,0,0,0,0,0,0,0,0,0,0,0,1,1,,,,,,,,,,,,,,,,,,
051406,KB MAMBA`UL HIDAYAH,https://dapo.kemdikbud.go.id/sekolah/D38B90EFB0E8986065F5,http://sekolah.data.kemdikbud.go.id/index.php/chome/profil/3aa7c271-703b-473d-be29-2418e332c23a,08 Feb 2023 22:17:05,Belum Terakreditasi,Kurikulum 2013,69765515,Swasta,KB,Yayasan,01/SK/MH/VII/2009,2009-07-22,421.5/013.465/411.301.4/2020,2020-01-03,Tidak ada,BPD JAWA TIMUR,CAPEM TANJUNGANOM,69765515 KB MAMBA UL HIDAYAH,Bersedia Menerima,Pagi,Belum Bersertifikat,PLN,900,Tidak Ada,SAMBIREJO,7 / 1,SAMBIREJO,Sambirejo,Kec. Tanjunganom,Kab. Nganjuk,Prov. Jawa Timur,64483,-7,111,2,2,0,0,0,0,0,0,0,0,0,2,0,1,0,0,0,0,0,0,0,0,0,0,0,0,0,0,0,0,0,0,0,0,0,0,0,0,0,0,5,2,1,30,14,16,1,1,0,0,0,0,0,0,0,1,1,1,0,1,0,0,1,1,0,0,0,0,0,1,0,0,0,0,0,0,1,1,,,,,,,,,,,,,,,,,,
051406,KB MANBA`UL HUDA,https://dapo.kemdikbud.go.id/sekolah/D27906481AA8FBF9F594,http://sekolah.data.kemdikbud.go.id/index.php/chome/profil/28d667f1-a74a-4d63-8694-3811e01542f4,23 Feb 2023 09:50:22,Belum Terakreditasi,Kurikulum 2013,69920875,Swasta,KB,Yayasan,2/YPIS/15/VII/2013,2013-07-15,421.5/013.487/411.301.4/2020,2020-01-03,Tidak ada,BPD JAWA TIMUR,CABANG NGANJUK,69920875 KB MANBA`UL HUDA,Bersedia Menerima,Pagi,Belum Bersertifikat,PLN,900,Tidak Ada,Dsn TAWANG KAMPUNG BARU,2 / 1,TAWANG,Kampungbaru,Kec. Tanjunganom,Kab. Nganjuk,Prov. Jawa Timur,64483,0,0,1,1,0,0,0,0,0,0,0,0,0,1,0,1,0,0,0,0,0,0,0,0,0,0,0,0,0,0,0,0,0,0,0,0,0,0,0,0,0,0,9,1,1,16,11,5,1,1,0,0,0,0,0,0,1,1,1,1,0,0,0,0,1,1,0,0,0,0,0,0,0,0,0,0,0,0,1,1,,,,,,,,,,,,,,,,,,
051406,KB MELATI,https://dapo.kemdikbud.go.id/sekolah/353D560138FADA8B9859,http://sekolah.data.kemdikbud.go.id/index.php/chome/profil/72e37105-3c87-4740-af5a-586939dd6209,01 Feb 2023 05:37:08,C,Kurikulum 2013,69765493,Swasta,KB,Yayasan,1,2010-01-02,421.5/013.452/411.301.4/2020,2020-01-03,Tidak ada,BPD JAWA TIMUR,CABANG NGANJUK,69765493 KB MELATI,Bersedia Menerima,Pagi,Belum Bersertifikat,PLN,450,Lainnya (Serat Optik),WATES,2 / 2,WATES,Wates,Kec. Tanjunganom,Kab. Nganjuk,Prov. Jawa Timur,64483,0,0,2,2,0,0,0,0,0,0,0,0,0,2,0,1,0,0,0,0,0,0,0,0,0,0,0,0,0,0,0,0,0,0,0,0,0,0,0,0,0,0,4,2,1,43,19,24,2,2,0,0,0,0,0,0,1,1,1,1,0,0,0,0,3,3,0,0,0,0,1,1,0,0,0,0,0,0,1,1,,,,,,,,,,,,,,,,,,
051406,KB MUTIARA KASIH 1,https://dapo.kemdikbud.go.id/sekolah/51901A6D25D82AD67956,http://sekolah.data.kemdikbud.go.id/index.php/chome/profil/fa4a7788-cb3b-464a-9653-9a0fd4fd6377,09 Feb 2023 08:33:42,Belum Terakreditasi,Kurikulum 2013,69765755,Swasta,KB,Yayasan,02/PAUD.MK1/XII/2008,2008-08-12,421.9/396/411.201/2012,2020-01-03,Tidak ada,BPD JAWA TIMUR,CAPEM TANJUNGANOM,69765755 KB MUTIARA KASIH 1,Bersedia Menerima,Sehari penuh (5 h/m),Belum Bersertifikat,PLN,900,Telkomsel Flash,JL.JAKSA AGUNG SUPRAPTO,2 / 1,LINGKUNGAN BLETON,Warujayeng,Kec. Tanjunganom,Kab. Nganjuk,Prov. Jawa Timur,64483,0,0,3,3,0,0,0,0,0,0,0,0,0,3,1,0,0,0,0,0,0,0,0,0,0,0,0,0,0,0,0,0,0,0,0,0,0,0,0,0,0,0,3,3,1,22,10,12,1,1,0,0,0,0,0,0,0,0,1,1,0,0,0,0,1,1,1,1,0,0,0,0,0,0,0,0,0,0,1,1,,,,,,,,,,,,,,,,,,
051406,KB MUTIARA KASIH 2,https://dapo.kemdikbud.go.id/sekolah/FFC90EDC6D6B76F132D3,http://sekolah.data.kemdikbud.go.id/index.php/chome/profil/9dfd468c-8316-41a4-8172-55da85c2403d,28 Feb 2023 06:45:29,C,Kurikulum 2013,69765508,Swasta,KB,Yayasan,02/PKK.KEL.WRJ/III/209,2009-08-08,421.5/013.466/411.301.4/2020,2020-01-03,Tidak ada,BPD JAWA TIMUR,CABANG NGANJUK,69765508 KB MUTIARA KASIH 2,Bersedia Menerima,Pagi,Belum Bersertifikat,PLN,450,Tidak Ada,jL Ki Ageng kiniten,2 / 5,PENGKOL,Warujayeng,Kec. Tanjunganom,Kab. Nganjuk,Prov. Jawa Timur,64483,0,0,2,2,0,0,0,0,0,0,0,0,0,2,0,0,0,0,0,0,0,0,0,0,0,0,0,0,0,0,0,0,0,0,0,0,0,0,0,0,0,0,3,2,0,31,14,17,1,1,0,0,0,0,0,0,1,1,1,1,0,0,0,0,1,1,0,0,0,0,0,0,0,0,0,0,0,0,1,1,,,,,,,,,,,,,,,,,,
051406,KB NURUL JADID,https://dapo.kemdikbud.go.id/sekolah/E0C38520D4CC2E27988F,http://sekolah.data.kemdikbud.go.id/index.php/chome/profil/fdb3fbd5-9546-4202-8fba-c4648f397685,10 Feb 2023 05:20:52,,Kurikulum 2013,69765496,Swasta,KB,Yayasan,021/pkbm.NJ/6/2006,2006-06-15,421.5/013.456/411.301.4/2020,2020-01-03,Tidak ada,BPD JAWA TIMUR,CABANG NGANJUK,69765496 KB NURUL JADID,Bersedia Menerima,Pagi,Belum Bersertifikat,PLN,450,Telkomsel Flash,Dusun Blimbing,5 / 2,BLIMBING,Banjar Anyar,Kec. Tanjunganom,Kab. Nganjuk,Prov. Jawa Timur,64483,0,0,1,1,0,0,0,0,0,0,0,0,0,1,1,0,0,0,0,0,0,0,0,0,0,0,0,0,0,0,0,0,0,0,0,0,0,0,0,0,0,0,4,1,1,9,4,5,1,1,1,1,0,0,0,0,1,1,1,1,1,1,1,1,2,2,1,1,0,0,0,0,0,0,0,0,0,0,1,1,,,,,,,,,,,,,,,,,,
051406,KB NURUL JAMAL,https://dapo.kemdikbud.go.id/sekolah/1EFA2639357AFAEE48A1,http://sekolah.data.kemdikbud.go.id/index.php/chome/profil/d2af702e-295f-4792-881e-802928676983,09 Feb 2023 00:30:42,B,Kurikulum 2013,69765491,Swasta,KB,Yayasan,125,2011-08-18,421.9/571/411.201.5/2015,2015-01-26,Tidak ada,BPD JAWA TIMUR,CAPEM TANJUNGANOM,69765491 KB NURUL JAMAL,Bersedia Menerima,Pagi,Belum Bersertifikat,PLN,250,Telkom Speedy,KAMPUNGBARU,3 / 2,Putuk,Kampungbaru,Kec. Tanjunganom,Kab. Nganjuk,Prov. Jawa Timur,64483,-7,112,2,2,0,0,0,0,0,0,0,0,0,2,1,0,0,0,0,0,0,0,0,0,0,0,0,0,0,0,0,0,0,0,0,0,0,0,0,0,0,0,2,2,1,15,9,6,2,2,0,0,0,0,0,0,1,1,1,1,1,1,0,0,4,4,0,0,0,0,0,0,0,0,0,0,0,0,1,1,,,,,,,,,,,,,,,,,,
051406,KB PERTIWI,https://dapo.kemdikbud.go.id/sekolah/51D97D902F357E7E0D88,http://sekolah.data.kemdikbud.go.id/index.php/chome/profil/7043dbe3-881c-4f81-8f94-9109004cbbf8,28 Feb 2023 13:48:15,Belum Terakreditasi,Kurikulum 2013,69765513,Swasta,KB,Yayasan,57,2011-10-12,421.5/013.475/411.301.4/2020,2015-01-26,Tidak ada,BPD JAWA TIMUR,CABANG NGANJUK,69765513 KB PERTIWI,Bersedia Menerima,Sehari penuh (5 h/m),Belum Bersertifikat,PLN,450,Lainnya (Serat Optik),SAMBIREJO,3 / 4,NGRAJEK,Sambirejo,Kec. Tanjunganom,Kab. Nganjuk,Prov. Jawa Timur,64483,-5,114,2,2,0,0,0,0,0,0,0,0,0,1,0,1,0,0,0,0,0,0,0,0,0,0,0,0,0,0,0,0,0,0,0,0,0,0,0,0,0,0,4,1,1,26,14,12,1,1,0,0,0,0,0,0,1,1,0,0,0,0,0,0,1,1,0,0,0,0,0,0,0,0,0,0,0,0,1,1,,,,,,,,,,,,,,,,,,
051406,KB PERTIWI MALANGSARI,https://dapo.kemdikbud.go.id/sekolah/864FF0C608D0E6226EAB,http://sekolah.data.kemdikbud.go.id/index.php/chome/profil/8389f2e5-881f-4c49-8c48-f1651bfa7b14,23 Jan 2023 10:29:56,Belum Terakreditasi,Kurikulum 2013,69871534,Swasta,KB,Yayasan,09/VII/2013,2013-07-15,421.9/582/411.201.5/2015,2015-01-26,Tidak ada,BPD JAWA TIMUR,CAPEM TANJUNGANOM,69871534 KB PERTIWI MALANGSARI,Bersedia Menerima,Pagi,Belum Bersertifikat,PLN,450,Telkomsel Flash,JL. RAYA MALANGSARI,3 / 4,MALANGSARI,Malangsari,Kec. Tanjunganom,Kab. Nganjuk,Prov. Jawa Timur,64483,0,0,3,3,0,0,0,0,0,0,0,0,0,2,0,1,0,0,0,0,0,0,0,0,0,0,0,0,0,0,0,0,0,0,0,0,0,0,0,0,0,0,2,2,1,36,17,19,1,1,0,0,0,0,0,0,0,0,1,1,0,0,0,0,1,1,0,0,0,0,0,0,0,0,0,0,0,0,1,1,,,,,,,,,,,,,,,,,,
051406,KB PSM SURODADI,https://dapo.kemdikbud.go.id/sekolah/0B440E8D3D27EBEA00F5,http://sekolah.data.kemdikbud.go.id/index.php/chome/profil/464baf71-f5f3-4aaa-89ac-7f3d8ed3f8cb,27 Jan 2023 20:38:07,B,Kurikulum 2013,69871535,Swasta,KB,Yayasan,001/YPI PSM/VII/2013,2013-07-30,421.9/004.479/411.301.4/2023,2023-01-01,Tidak ada,BPD JAWA TIMUR,CAPEM TANJUNGANOM,69871535 KB PSM SURODADI,Bersedia Menerima,Sehari penuh (5 h/m),Proses Sertifikasi,PLN,1300,Tidak Ada,DSN. SURODADI,1 / 10,SURODADI,Kedungrejo,Kec. Tanjunganom,Kab. Nganjuk,Prov. Jawa Timur,64483,-7,112,3,3,0,0,0,0,0,0,0,0,0,3,0,0,0,0,0,0,0,0,0,0,0,0,0,0,0,0,0,0,0,0,0,0,0,0,0,0,0,0,6,3,0,32,19,13,2,2,0,0,1,0,0,0,0,0,1,1,1,1,0,0,3,3,0,0,0,0,0,1,0,0,0,0,0,0,1,1,,,,,,,,,,,,,,,,,,
051406,KB PSM TANJUNGANOM,https://dapo.kemdikbud.go.id/sekolah/DF55F6D995E088E5DD1C,http://sekolah.data.kemdikbud.go.id/index.php/chome/profil/e83840c5-257c-47f3-9629-146249f2cf63,25 Mar 2023 13:07:05,A,Kurikulum 2013,69780455,Swasta,KB,Yayasan,10/YPI.PSM/P/VI/2015,2015-01-26,421.5/013.459/411.301.4/2020,2015-01-26,Tidak ada,BPD JAWA TIMUR,CAPEM TANJUNGANOM,69780455 KB PSM TANJUNGANOM,Bersedia Menerima,Pagi,Belum Bersertifikat,PLN,900,Telkom Speedy,JL. WAKHID HASYIM NO. 6,2 / 3,tanjunganom,Tanjung Anom,Kec. Tanjunganom,Kab. Nganjuk,Prov. Jawa Timur,64483,0,0,3,1,0,0,0,0,0,0,0,0,0,0,0,1,0,0,0,0,0,0,0,0,0,0,0,0,0,0,0,0,0,0,0,0,0,0,0,0,0,0,9,0,1,28,10,18,3,3,0,0,0,0,0,0,0,0,1,1,1,1,0,0,1,1,0,0,0,0,0,0,0,0,0,0,0,0,1,1,,,,,,,,,,,,,,,,,,
051406,KB SALAFIL HUDA,https://dapo.kemdikbud.go.id/sekolah/E5A9B3973E789FCD33B9,http://sekolah.data.kemdikbud.go.id/index.php/chome/profil/0c6cf1bb-a330-419c-9507-d7c336ead288,24 Mar 2023 06:15:54,Belum Terakreditasi,Kurikulum 2013,69765498,Swasta,KB,Yayasan,6,2010-07-06,421.9/553/411.201.5/2015,2015-01-26,H - Hiperaktif,BPD JAWA TIMUR,CAPEM TANJUNGANOM,69765498 KB SALAFIL HUDA,Bersedia Menerima,Pagi,Belum Bersertifikat,PLN,900,Tidak Ada,DESA BANJARANYAR,5 / 2,BLIMBING,Banjar Anyar,Kec. Tanjunganom,Kab. Nganjuk,Prov. Jawa Timur,64483,-5,114,2,2,0,0,0,0,0,0,0,0,0,1,0,1,0,0,0,0,0,0,0,0,0,0,0,0,0,0,0,0,0,0,0,0,0,0,0,0,0,0,5,1,1,16,8,8,1,1,0,0,0,0,0,0,0,0,1,1,0,0,0,0,1,1,0,0,0,0,0,0,0,0,0,0,0,0,1,1,,,,,,,,,,,,,,,,,,
051406,KB SUNAN MALIK IBRAHIM DEMANGAN,https://dapo.kemdikbud.go.id/sekolah/2B5BC218CE626F961F79,http://sekolah.data.kemdikbud.go.id/index.php/chome/profil/854d5c23-9396-43f0-a397-9a87f072d2d4,24 Feb 2023 20:58:13,Belum Terakreditasi,Kurikulum 2013,69765518,Swasta,KB,Yayasan,,,421.9/1504/411.201/2011,,Tidak ada,BPD JAWA TIMUR,CAPEM TANJUNGANOM,69765518 KB SUNAN MALIK I D,Bersedia Menerima,Pagi,Belum Bersertifikat,PLN,450,Telkomsel Flash,DSN. DEMANGAN,4 / 3,DEMANGAN,DEMANGAN,Kec. Tanjunganom,Kab. Nganjuk,Prov. Jawa Timur,64483,-7,111,2,2,0,0,0,0,0,0,0,0,0,2,0,1,0,0,0,0,0,0,0,0,0,0,0,0,0,0,0,0,0,0,0,0,0,0,0,0,0,0,6,2,1,21,10,11,1,1,0,0,0,0,0,0,0,0,0,0,0,0,0,0,1,1,1,1,0,0,0,0,0,0,0,0,0,0,1,1,,,,,,,,,,,,,,,,,,
051406,KB TRI BAKTI,https://dapo.kemdikbud.go.id/sekolah/FCB396C8C774689ED980,http://sekolah.data.kemdikbud.go.id/index.php/chome/profil/1f63b972-0970-4602-9a89-129a01e7c4c3,27 Mar 2023 10:15:51,,Kurikulum 2013,69765489,Swasta,KB,Yayasan,011/YPS.TB/PAUD/SK/VII/2005,2005-07-20,421.5/013.454/411.301.4/2020,2020-01-03,Tidak ada,BPD JAWA TIMUR,CABANG NGANJUK,69765489 KB TRI BAKTI,Bersedia Menerima,Sehari penuh (5 h/m),Belum Bersertifikat,PLN,450,Lainnya,DESA KEDUNGOMBO,1 / 1,Tawangrejo,Kedung Ombo,Kec. Tanjunganom,Kab. Nganjuk,Prov. Jawa Timur,64482,-7,111,3,3,0,0,0,0,0,0,0,0,0,2,0,1,0,0,0,0,0,0,0,0,0,0,0,0,0,0,0,0,0,0,0,0,0,0,0,0,0,0,6,2,1,24,13,11,1,1,0,0,0,0,0,0,0,0,0,0,0,0,0,0,2,2,0,0,0,0,0,0,0,0,0,0,0,0,1,1,,,,,,,,,,,,,,,,,,
051406,KB TUNAS BANGSA SIDOHARJO,https://dapo.kemdikbud.go.id/sekolah/11894FBE4E752FC154DB,http://sekolah.data.kemdikbud.go.id/index.php/chome/profil/6ccc3885-9861-4cb2-a186-6961b1a21b9c,15 Mar 2023 11:04:11,Belum Terakreditasi,Kurikulum 2013,69765754,Swasta,KB,Yayasan,01/YYS DHW-PKK/II/2010,2010-02-23,421.5/013.471//411.301.4/2020,2020-01-03,Tidak ada,BPD JAWA TIMUR,CABANG NGANJUK,69765754 KB TUNAS BANGSA S,Bersedia Menerima,Sehari penuh (5 h/m),Belum Bersertifikat,PLN,900,Tidak Ada,MUKUH,3 / 5,MUKUH,Sidoharjo,Kec. Tanjunganom,Kab. Nganjuk,Prov. Jawa Timur,64483,0,0,3,3,0,0,0,0,0,0,0,0,0,2,0,1,0,0,0,0,0,0,0,0,0,0,0,0,0,0,0,0,0,0,0,0,0,0,0,0,0,0,4,2,1,20,10,10,1,1,0,0,0,0,0,0,0,0,1,1,0,0,0,0,3,3,0,0,0,0,0,0,0,0,0,0,0,0,1,1,,,,,,,,,,,,,,,,,,
051406,KB TUNAS MAWAR,https://dapo.kemdikbud.go.id/sekolah/D022653E6FA5EFBE5F68,http://sekolah.data.kemdikbud.go.id/index.php/chome/profil/6808b512-1108-49a1-af08-681675ab9711,08 Feb 2023 20:57:26,Terakreditasi,Kurikulum 2013,69765488,Swasta,KB,Yayasan,23/PKBM/TM/V/2016,2016-05-12,421.9/555/411.201.5/2015,2015-01-26,Tidak ada,BPD JAWA TIMUR,CAPEM TANJUNGANOM,69765488 KB TUNAS MAWAR,Bersedia Menerima,Pagi,Belum Bersertifikat,PLN,450,Tidak Ada,DESA KEDUNGOMBO,2 / 1,KEDUNGOMBO,Kedung Ombo,Kec. Tanjunganom,Kab. Nganjuk,Prov. Jawa Timur,64483,0,0,1,1,0,0,0,0,0,0,0,0,0,0,0,1,0,0,0,0,0,0,0,0,0,0,0,0,0,0,0,0,0,0,0,0,0,0,0,0,0,0,5,0,1,9,5,4,1,1,0,0,0,0,0,0,0,0,1,1,0,0,0,0,1,1,0,0,0,0,0,0,0,0,0,0,0,0,1,1,,,,,,,,,,,,,,,,,,
051406,KB TUNAS MULIA,https://dapo.kemdikbud.go.id/sekolah/276CB52024D9D196D4C5,http://sekolah.data.kemdikbud.go.id/index.php/chome/profil/8f48a8b6-a0bc-4ab9-9a61-b74e9e5ce2d7,26 Feb 2023 20:48:49,Belum Terakreditasi,Kurikulum 2013,69765495,Swasta,KB,Yayasan,01/YY.PKK/2008,2008-08-25,421.9/013.461/411.301.4/2020,2020-01-01,Tidak ada,BPD JAWA TIMUR,CAPEM TANJUNGANOM,69765495 KB TUNAS MULIA,Bersedia Menerima,Pagi,9001,PLN,450,Telkomsel Flash,BANJARANYAR,3 / 1,BANJARANYAR,Banjar Anyar,Kec. Tanjunganom,Kab. Nganjuk,Prov. Jawa Timur,64483,-5,114,2,2,0,0,0,0,0,0,0,0,0,2,0,1,0,0,0,0,0,0,0,0,0,0,0,0,0,0,0,0,0,0,0,0,0,0,0,0,0,0,11,2,1,13,8,5,2,2,0,0,0,0,0,0,1,1,1,1,1,1,0,0,1,1,1,1,0,0,0,0,0,0,0,0,0,0,1,1,,,,,,,,,,,,,,,,,,
051406,KB WALISONGO SIDOHARJO,https://dapo.kemdikbud.go.id/sekolah/ABD8CF755E00525DE7E8,http://sekolah.data.kemdikbud.go.id/index.php/chome/profil/998342e0-a889-4cad-93f9-1dbc5b1418a9,27 Jan 2023 07:49:24,Belum Terakreditasi,Kurikulum 2013,69818186,Swasta,KB,Yayasan,06/YMNU/VII/2011,2011-07-11,421.5/013.482/411.301.4/2020,2020-01-03,Tidak ada,BPD JAWA TIMUR,CAPEM TANJUNGANOM,69818186 KB WALISONGO S,Bersedia Menerima,Sehari penuh (5 h/m),Belum Bersertifikat,PLN,450,Telkomsel Flash,Jarakan Sidoharjo,2 / 3,JARAKAN,Sidoharjo,Kec. Tanjunganom,Kab. Nganjuk,Prov. Jawa Timur,64483,-7,111,1,1,0,0,0,0,0,0,0,0,0,1,0,1,0,0,0,0,0,0,0,0,0,0,0,0,0,0,0,0,0,0,0,0,0,0,0,0,0,0,2,1,1,18,11,7,1,1,0,0,0,0,0,0,0,0,1,1,0,0,0,0,1,1,0,0,0,0,0,0,0,0,0,0,0,0,1,1,,,,,,,,,,,,,,,,,,
051406,KB WARDATUL JANNAH,https://dapo.kemdikbud.go.id/sekolah/91903C5B338C48AFFA3D,http://sekolah.data.kemdikbud.go.id/index.php/chome/profil/2f18c7dd-a4ae-46c8-af58-1de142524746,08 Feb 2023 22:07:56,,Kurikulum 2013,69765490,Swasta,KB,Yayasan,32/Y-WRJ/VII/2005,2005-07-20,421.5/013.445/411.301.4/2020,2020-01-03,Tidak ada,BPD JAWA TIMUR,CAPEM TANJUNGANOM,69765490 KB WARDATUL JANNAH,Bersedia Menerima,Pagi,Belum Bersertifikat,PLN,450,Indosat IM3,PLOSOREJO,1 / 11,plosorejo,Sumberkepuh,Kec. Tanjunganom,Kab. Nganjuk,Prov. Jawa Timur,64483,-7,111,1,1,0,0,0,0,0,0,0,0,0,1,1,0,0,0,0,0,0,0,0,0,0,0,0,0,0,0,0,0,0,0,0,0,0,0,0,0,0,0,2,1,1,7,3,4,1,1,0,0,0,0,0,0,0,0,1,1,1,1,0,0,4,4,0,0,0,0,0,0,0,0,0,0,0,0,1,1,,,,,,,,,,,,,,,,,,
051406,SPS DARUL MUSTOFA,https://dapo.kemdikbud.go.id/sekolah/7583775886D0D6BE0488,http://sekolah.data.kemdikbud.go.id/index.php/chome/profil/9ec36f12-8778-413c-af63-5ac09af4d1e4,22 Mar 2023 06:27:45,Belum Terakreditasi,Kurikulum 2013,69818139,Swasta,SPS,Yayasan,01/PAUD/PKK.SNBKL/VII/2010,2010-07-22,421.5/013.472/411.301.4/2020,2020-01-03,Tidak ada,BPD JAWA TIMUR,CABANG NGANJUK,69818139 SPS DARUL MUSTOFA,Bersedia Menerima,Pagi,Belum Bersertifikat,PLN,450,Indosat IM3,PATRAN,2 / 1,PATRAN,Sonobekel,Kec. Tanjunganom,Kab. Nganjuk,Prov. Jawa Timur,64483,0,0,3,3,0,0,0,0,0,0,0,0,1,3,0,1,0,0,0,0,0,0,0,0,0,0,0,0,0,0,0,0,0,0,0,0,0,0,0,0,0,0,4,4,1,47,27,20,3,3,0,0,0,0,0,0,0,1,0,0,0,0,0,0,2,2,0,0,0,0,0,1,0,0,0,0,0,0,2,1,,,,,,,,,,,,,,,,,,
051406,SD NEGERI 1 BANJARANYAR,https://dapo.kemdikbud.go.id/sekolah/90336D2670D13D3A0C76,http://sekolah.data.kemdikbud.go.id/index.php/chome/profil/406db7b5-8c18-e111-bed0-5538a76593fa,24 Feb 2023 16:09:14,B,Kurikulum 2013,20537719,Negeri,SD,Pemerintah Daerah,PERBUP/23/2018,2018-04-02,PERBUP/23/2018,2018-04-02,Tidak ada,BANK JATIM,NGANJUK,SD NEGERI 1 BANJARANYAR,Bersedia Menerima,Pagi,Belum Bersertifikat,PLN,1300,Indosat IM3,Ds.Sumberagung,3 / 2,Suberagung,Banjar Anyar,Kec. Tanjunganom,Kab. Nganjuk,Prov. Jawa Timur,64482,-7,111,6,6,0,0,0,0,0,1,1,0,2,6,2,0,13,7,16,9,15,6,5,12,15,15,10,7,0,0,0,0,0,0,0,0,0,0,0,0,0,0,7,8,2,130,74,56,13,13,1,1,0,0,0,0,1,1,1,1,0,0,0,0,2,2,0,0,0,0,0,0,0,0,0,0,0,0,5,7,,,,,,,,,,,,,,,,,,
051406,SD NEGERI 1 DEMANGAN,https://dapo.kemdikbud.go.id/sekolah/4BEE0A9219CC04E603DE,http://sekolah.data.kemdikbud.go.id/index.php/chome/profil/6055b5b5-8c18-e111-acfe-c1c73fdb5913,25 Mar 2023 07:48:49,B,Kurikulum 2013,20537781,Negeri,SD,Pemerintah Pusat,PERBUP/23/2018,2018-04-02,PERBUP/23/2018,2018-04-02,Tidak ada,BPD JAWA TIMUR...,BPD JAWA TIMUR CABANG NGANJUK...,SDNEGERI1DEMANGAN...,Bersedia Menerima,Pagi,Belum Bersertifikat,PLN,450,Indosat IM3,Ds. Demangan,0 / 0,Demangan,Demangan,Kec. Tanjunganom,Kab. Nganjuk,Prov. Jawa Timur,64482,-7,111,9,9,0,0,0,0,0,1,2,0,6,6,1,2,12,14,16,16,12,13,21,14,16,18,14,14,0,0,0,0,0,0,0,0,0,0,0,0,0,0,5,12,3,180,91,89,12,12,1,1,0,0,0,0,1,1,1,1,1,1,0,0,4,4,1,1,0,0,0,0,0,0,0,0,0,0,1,1,,,,,,,,,,,,,,,,,,
051406,SD NEGERI 1 GETAS,https://dapo.kemdikbud.go.id/sekolah/A4B78E40C8BE42E4BBE1,http://sekolah.data.kemdikbud.go.id/index.php/chome/profil/c0b8b5b5-8c18-e111-b2a9-e9923a2d72b7,17 Mar 2023 09:17:18,B,Kurikulum 2013,20537807,Negeri,SD,Pemerintah Daerah,503.648/1098/426.114/2000,2000-11-30,503.648/1098/426.114/2000,2000-11-30,Tidak ada,Bank Jatim,Capem Tanjunganom,SD NEGERI 1 Getas,Bersedia Menerima,Pagi,Belum Bersertifikat,PLN,900,Indosat IM3,"Jl. Kilurah Surodarmo, No.59",1 / 4,Getas,Getas,Kec. Tanjunganom,Kab. Nganjuk,Prov. Jawa Timur,64483,-7,111,6,6,0,0,0,0,0,1,1,0,3,5,1,2,10,9,6,11,8,7,9,11,7,7,14,8,0,0,0,0,0,0,0,0,0,0,0,0,0,0,3,8,3,107,54,53,6,6,1,1,0,0,0,0,0,0,0,0,0,0,1,1,7,7,0,0,0,0,0,0,0,0,0,0,0,0,7,7,,,,,,,,,,,,,,,,,,
051406,SD NEGERI 1 JOGOMERTO,https://dapo.kemdikbud.go.id/sekolah/069D09FD7042C0881629,http://sekolah.data.kemdikbud.go.id/index.php/chome/profil/302db5b5-8c18-e111-b27d-ab6db8e9fa3c,05 Mar 2023 11:21:51,B,Kurikulum 2013,20537924,Negeri,SD,Pemerintah Daerah,PERBUP/23/2018,2018-04-02,PERBUP/23/2018,2018-04-02,Tidak ada,BPD JAWA TIMUR...,BPD JAWA TIMUR CABANG NGANJUK...,SDNEGERI1JOGOMERTO...,Bersedia Menerima,Pagi,Belum Bersertifikat,PLN,1299,Telkomsel Flash,Desa Jogomerto,1 / 3,jogomerto,Jogomerto,Kec. Tanjunganom,Kab. Nganjuk,Prov. Jawa Timur,64483,-7,112,12,12,0,0,0,0,0,1,2,0,5,10,0,3,19,19,17,14,17,20,18,15,20,19,31,15,0,0,0,0,0,0,0,0,0,0,0,0,0,0,3,15,3,224,122,102,14,14,1,1,0,0,0,0,0,0,1,1,0,0,0,0,2,2,1,1,0,0,0,0,0,0,0,0,0,0,2,2,,,,,,,,,,,,,,,,,,
051406,SD NEGERI 1 KAMPUNGBARU,https://dapo.kemdikbud.go.id/sekolah/857E08CC1D9C2E591F6C,http://sekolah.data.kemdikbud.go.id/index.php/chome/profil/0009b6b5-8c18-e111-82bb-d993a3b006f6,22 Mar 2023 04:50:30,B,Kurikulum 2013,20537939,Negeri,SD,Pemerintah Daerah,PERBUP/23/2018,2018-04-02,PERBUP/23/2018,2018-04-02,Tidak ada,BPD JAWA TIMUR...,BPD JAWA TIMUR CABANG NGANJUK...,SDNEGERI1KAMPUNGBARU...,Bersedia Menerima,Pagi,Belum Bersertifikat,PLN,900,Tidak Ada,Jl. Diponegoro No. 48,0 / 0,Kampungbaru,Kampungbaru,Kec. Tanjunganom,Kab. Nganjuk,Prov. Jawa Timur,64483,-7,112,9,9,0,0,0,0,0,1,1,0,1,10,2,1,9,14,19,10,17,7,12,32,33,29,11,23,0,0,0,0,0,0,0,0,0,0,0,0,0,0,15,11,3,216,101,115,10,10,1,1,0,0,0,0,1,1,2,2,1,1,1,1,4,4,1,1,0,0,0,0,0,0,0,0,0,0,5,5,,,,,,,,,,,,,,,,,,
051406,SD NEGERI 1 KEDUNGOMBO,https://dapo.kemdikbud.go.id/sekolah/A1CECEE393CDE8C5C78B,http://sekolah.data.kemdikbud.go.id/index.php/chome/profil/602db7b5-8c18-e111-bd48-7f943f11843c,08 Mar 2023 10:55:04,B,Kurikulum 2013,20537972,Negeri,SD,Pemerintah Daerah,PERBUP/23/2018,2018-04-02,PERBUP/23/2018,2018-04-02,Tidak ada,BANK JATIM,NGANJUK,SDN KEDUNGOMBO I,Bersedia Menerima,Pagi,Belum Bersertifikat,PLN,900,Lainnya (Wavelan),Jalan Puntodewo 58,4 / 2,Kedungombo 2,Kedung Ombo,Kec. Tanjunganom,Kab. Nganjuk,Prov. Jawa Timur,64483,-7,111,6,6,0,0,0,0,0,1,1,0,4,4,0,1,8,5,7,6,7,11,12,5,15,3,3,9,0,0,0,0,0,0,0,0,0,0,0,0,0,0,8,8,1,91,52,39,7,7,1,1,0,0,0,0,0,0,1,1,0,0,1,1,4,4,1,1,0,0,0,0,0,0,0,0,0,0,6,6,,,,,,,,,,,,,,,,,,
051406,SD NEGERI 1 SIDOHARJO,https://dapo.kemdikbud.go.id/sekolah/4DFE6A1989B4A8080B8A,http://sekolah.data.kemdikbud.go.id/index.php/chome/profil/6087b4b5-8c18-e111-b669-0dbd2c8a5000,14 Mar 2023 09:06:57,B,Kurikulum 2013,20538193,Negeri,SD,Pemerintah Daerah,PERBUP/23/2018,2018-04-02,PERBUP/23/2018,2018-04-02,Tidak ada,BPD JAWA TIMUR...,BPD JAWA TIMUR CABANG NGANJUK...,SDNEGERI1SIDOHARJO...,Bersedia Menerima,Pagi,Belum Bersertifikat,PLN,1300,Tidak Ada,Dsn. mukuh,4 / 5,Mukuh,Sidoharjo,Kec. Tanjunganom,Kab. Nganjuk,Prov. Jawa Timur,64483,-7,112,7,7,0,0,0,0,0,2,1,0,2,6,2,1,11,11,18,15,28,13,10,19,19,12,9,20,0,0,0,0,0,0,0,0,0,0,0,0,0,0,6,8,3,185,95,90,9,9,0,0,0,0,0,0,0,0,0,0,1,1,1,1,2,2,1,1,0,0,0,0,0,0,0,0,0,0,1,1,,,,,,,,,,,,,,,,,,
051406,SD NEGERI 1 SUMBERKEPUH,https://dapo.kemdikbud.go.id/sekolah/0CFF0258374A30E859A8,http://sekolah.data.kemdikbud.go.id/index.php/chome/profil/80f0b3b5-8c18-e111-bf95-e9d29716dbe7,07 Mar 2023 08:31:19,B,Kurikulum 2013,20538238,Negeri,SD,Pemerintah Pusat,PERBUP/23/2018,2018-04-02,PERBUP/23/2018,2018-04-02,Tidak ada,BANK JATIM,NGANJUK,SD Negeri 1 Sumberkepuh,Bersedia Menerima,Pagi,Belum Bersertifikat,PLN,900,Tidak Ada,Ds. Sumberkepuh,0 / 0,,Sumberkepuh,Kec. Tanjunganom,Kab. Nganjuk,Prov. Jawa Timur,64483,-7,111,14,14,0,0,0,0,0,2,3,0,4,16,3,2,27,20,22,12,29,25,21,32,31,29,44,34,0,0,0,0,0,0,0,0,0,0,0,0,0,0,8,20,5,326,174,152,19,19,0,0,0,0,0,0,1,1,0,0,0,0,1,1,4,4,1,1,0,0,0,0,0,0,0,0,0,0,13,13,,,,,,,,,,,,,,,,,,
051406,SD NEGERI 1 TANJUNGANOM,https://dapo.kemdikbud.go.id/sekolah/8F9F87DF422CAEFA1A60,http://sekolah.data.kemdikbud.go.id/index.php/chome/profil/000fb3b5-8c18-e111-a0d1-ed83b8ee303c,17 Mar 2023 10:16:04,B,Kurikulum 2013,20538261,Negeri,SD,Pemerintah Daerah,PERBUP/23/2018,2018-04-02,PERBUP/23/2018,2018-04-02,Tidak ada,BANK JATIM,CABANG NGANJUK,SDN TANJUNGANOM I,Bersedia Menerima,Pagi,Belum Bersertifikat,PLN,2200,Lainnya,Kel. Tanjunganom,3 / 1,Pule,Tanjung Anom,Kec. Tanjunganom,Kab. Nganjuk,Prov. Jawa Timur,64483,-7,112,9,9,0,0,0,0,0,2,2,0,4,7,1,1,28,24,22,16,17,19,18,27,36,25,35,30,0,0,0,0,0,0,0,0,0,0,0,0,0,0,10,11,2,297,156,141,8,8,1,1,0,0,0,0,0,0,1,1,1,1,1,1,4,4,0,0,0,0,0,0,0,0,0,0,0,0,1,1,,,,,,,,,,,,,,,,,,
051406,SD NEGERI 1 WARUJAYENG,https://dapo.kemdikbud.go.id/sekolah/A7F2D9A200EF15FAA368,http://sekolah.data.kemdikbud.go.id/index.php/chome/profil/4063b3b5-8c18-e111-be98-e30f55fc775a,07 Mar 2023 09:24:50,B,Kurikulum 2013,20538284,Negeri,SD,Pemerintah Daerah,PERBUP/23/2018,2018-04-02,PERBUP/23/2018,2018-04-02,Tidak ada,BPD JAWA TIMUR...,BPD JAWA TIMUR CABANG NGANJUK...,SDNEGERI1WARUJAYENG...,Bersedia Menerima,Pagi,Belum Bersertifikat,PLN,1200,Tidak Ada,Jl. Panglima Sudirman No 28,1 / 1,Warujayeng,Warujayeng,Kec. Tanjunganom,Kab. Nganjuk,Prov. Jawa Timur,64483,-7,112,6,6,0,0,0,0,0,1,1,0,2,7,1,2,10,5,9,11,11,12,13,16,11,19,9,14,0,0,0,0,0,0,0,0,0,0,0,0,0,0,4,9,3,140,63,77,6,6,1,1,1,1,0,0,1,1,1,1,1,1,1,1,4,4,2,2,0,0,1,1,0,0,0,0,0,0,3,3,,,,,,,,,,,,,,,,,,
051406,SD NEGERI 2 GETAS,https://dapo.kemdikbud.go.id/sekolah/58648AAB773417E04591,http://sekolah.data.kemdikbud.go.id/index.php/chome/profil/80ccb5b5-8c18-e111-b1b3-dfae8be81538,22 Mar 2023 07:54:27,B,Kurikulum 2013,20537808,Negeri,SD,Pemerintah Daerah,PERBUP/23/2018,2018-04-02,PERBUP/23/2018,2018-04-02,Tidak ada,BANK JATIM,NGANJUK,SD NEGERI 2 GETAS,Bersedia Menerima,Pagi,Belum Bersertifikat,PLN,900,Lainnya,Ds.getas,0 / 0,DUSUN SONOREJO,Getas,Kec. Tanjunganom,Kab. Nganjuk,Prov. Jawa Timur,64483,-7,111,6,5,0,0,0,0,0,1,1,0,1,6,1,1,10,7,6,5,1,6,13,8,13,5,10,11,0,0,0,0,0,0,0,0,0,0,0,0,0,0,8,7,2,95,53,42,6,6,0,0,0,0,0,0,1,1,1,1,0,0,1,1,3,3,0,0,0,0,0,0,0,0,0,0,0,0,3,3,,,,,,,,,,,,,,,,,,
051406,SD NEGERI 2 KAMPUNGBARU,https://dapo.kemdikbud.go.id/sekolah/924DE2A843F62354E6F9,http://sekolah.data.kemdikbud.go.id/index.php/chome/profil/201eb6b5-8c18-e111-bbc5-f9bee453ced0,18 Mar 2023 11:24:33,B,Kurikulum 2013,20537940,Negeri,SD,Pemerintah Daerah,PERBUP/23/2018,2018-04-02,PERBUP/23/2018,2018-04-02,Tidak ada,BANK JATIM,TANJUNGANOM,SD NEGERI 2 KAMPUNGBARU,Bersedia Menerima,Pagi,Belum Bersertifikat,PLN,950,Tidak Ada,Ds.kampungbaru,0 / 0,PUTUK,Kampungbaru,Kec. Tanjunganom,Kab. Nganjuk,Prov. Jawa Timur,64483,-7,112,6,6,0,0,0,0,0,1,1,0,1,5,1,1,8,3,9,7,6,7,4,7,12,9,10,9,0,0,0,0,0,0,0,0,0,0,0,0,0,0,7,6,2,91,49,42,7,7,1,1,0,0,0,0,0,0,0,0,1,1,1,1,4,4,1,1,0,0,0,0,0,0,0,0,0,0,4,4,,,,,,,,,,,,,,,,,,
051406,SD NEGERI 2 KEDUNGREJO,https://dapo.kemdikbud.go.id/sekolah/F26B3A306A163B3FD558,http://sekolah.data.kemdikbud.go.id/index.php/chome/profil/20d7b6b5-8c18-e111-be17-67fcabd5f9c0,12 Mar 2023 22:41:09,B,Kurikulum 2013,20537975,Negeri,SD,Pemerintah Pusat,PERBUP/23/2018,2018-04-02,PERBUP/23/2018,2018-04-02,Tidak ada,BPD JAWA TIMUR...,BPD JAWA TIMUR CABANG NGANJUK...,SDNEGERI2KEDUNGREJO...,Bersedia Menerima,Pagi,Belum Bersertifikat,PLN,900,Lainnya,"Jl. Raya Surabaya - Madiun, Desa Kedungrejo, Kec. Tanjunganom, Kabupaten Nganjuk",0 / 0,Gambiran,Kedungrejo,Kec. Tanjunganom,Kab. Nganjuk,Prov. Jawa Timur,64482,-7,112,6,6,0,0,0,0,0,1,1,0,1,7,2,1,8,5,9,13,6,3,12,6,8,4,6,8,0,0,0,0,0,0,0,0,0,0,0,0,0,0,5,8,3,88,49,39,6,8,0,0,1,0,0,0,1,1,1,1,1,0,1,0,2,5,1,1,0,0,0,0,0,0,0,0,0,0,5,5,,,,,,,,,,,,,,,,,,
051406,SD NEGERI 2 MALANGSARI,https://dapo.kemdikbud.go.id/sekolah/FFF3714EA3006972B861,http://sekolah.data.kemdikbud.go.id/index.php/chome/profil/4019b7b5-8c18-e111-b785-bb4b2e031d47,15 Feb 2023 08:45:39,B,Kurikulum 2013,20538034,Negeri,SD,Pemerintah Daerah,PERBUP/23/2018,2018-04-02,PERBUP/23/2018,2018-04-02,Tidak ada,Bank Jatim,NGANJUK,SDN Malangsari 2,Bersedia Menerima,Pagi,Belum Bersertifikat,PLN,900,Indosat IM3,Ds.malangsari,0 / 0,Malangsari,Malangsari,Kec. Tanjunganom,Kab. Nganjuk,Prov. Jawa Timur,64482,-7,111,6,6,0,0,0,0,0,1,1,0,1,7,0,1,1,9,4,8,11,9,5,4,7,11,9,6,0,0,0,0,0,0,0,0,0,0,0,0,0,0,5,8,1,84,37,47,6,6,1,1,0,0,0,0,1,1,1,1,0,0,0,0,2,2,0,0,0,0,0,0,1,1,0,0,0,0,3,3,,,,,,,,,,,,,,,,,,
051406,SD NEGERI 2 NGADIREJO,https://dapo.kemdikbud.go.id/sekolah/3E8179AA057EB6D5F5F9,http://sekolah.data.kemdikbud.go.id/index.php/chome/profil/20dbb4b5-8c18-e111-8e43-03b1bdf2f40c,04 Mar 2023 09:30:24,B,Kurikulum 2013,20538071,Negeri,SD,Pemerintah Daerah,PERBUP/23/2018,2018-04-02,PERBUP/23/2018,2018-04-02,Tidak ada,BPD JAWA TIMUR...,BPD JAWA TIMUR CABANG NGANJUK...,SDNEGERI2NGADIREJO...,Bersedia Menerima,Pagi,9001,PLN,893,Telkomsel Flash,Ds.ngadirejo,1 / 2,Ngadirejo,Ngadirejo,Kec. Tanjunganom,Kab. Nganjuk,Prov. Jawa Timur,64483,-7,111,6,6,0,0,0,0,0,1,1,0,3,5,1,1,7,8,4,5,7,3,5,1,5,8,2,3,0,0,0,0,0,0,0,0,0,0,0,0,0,0,7,8,2,58,30,28,6,6,0,0,0,0,0,0,1,1,1,1,0,0,1,1,3,3,1,1,0,0,1,1,1,1,0,0,0,0,1,1,,,,,,,,,,,,,,,,,,
051406,SD NEGERI 2 SAMBIREJO,https://dapo.kemdikbud.go.id/sekolah/900936480742B9D578B6,http://sekolah.data.kemdikbud.go.id/index.php/chome/profil/60aeb6b5-8c18-e111-9ff0-53f594f7ee21,20 Mar 2023 09:00:26,B,Kurikulum 2013,20538170,Negeri,SD,Pemerintah Daerah,PERBUP/23/2018,2018-04-02,PERBUP/23/2018,2018-04-02,Tidak ada,BPD JAWA TIMUR...,BPD JAWA TIMUR CABANG NGANJUK...,SDNEGERI2SAMBIREJO...,Bersedia Menerima,Pagi,Belum Bersertifikat,PLN,900,Tidak Ada,Ds. Sambirejo,0 / 0,NGRAJEK,Sambirejo,Kec. Tanjunganom,Kab. Nganjuk,Prov. Jawa Timur,64483,-7,111,6,6,3,0,0,0,0,1,1,0,3,5,2,0,5,5,6,7,12,7,13,20,13,12,17,9,0,0,0,0,0,0,0,0,0,0,0,0,0,0,6,8,2,126,66,60,6,6,1,1,0,0,0,0,1,1,1,1,1,1,1,1,4,4,1,1,0,0,0,0,1,1,0,0,0,0,1,1,,,,,,,,,,,,,,,,,,
051406,SD NEGERI 2 SONOBEKEL,https://dapo.kemdikbud.go.id/sekolah/A471AC14BEC6063C5549,http://sekolah.data.kemdikbud.go.id/index.php/chome/profil/d071b6b5-8c18-e111-b455-8343078f1003,13 Mar 2023 08:37:56,B,Kurikulum 2013,20538211,Negeri,SD,Pemerintah Daerah,PERBUP/23/2018,2018-04-02,PERBUP/23/2018,2018-04-02,Tidak ada,BPD JAWA TIMUR...,BPD JAWA TIMUR CABANG NGANJUK...,SDNEGERI2SONOBEKEL...,Bersedia Menerima,Pagi,Belum Bersertifikat,PLN,900,Indosat IM3,Ds. Sonobekel,1 / 1,KLEMPUN,Sonobekel,Kec. Tanjunganom,Kab. Nganjuk,Prov. Jawa Timur,64483,-7,111,11,11,0,0,0,0,0,2,2,0,5,10,1,3,18,17,21,14,16,18,16,14,10,23,17,18,0,0,0,0,0,0,0,0,0,0,0,0,0,0,11,15,4,202,98,104,13,13,1,1,0,0,0,0,1,1,1,1,1,1,1,1,2,2,0,0,0,0,0,0,0,0,0,0,0,0,7,7,,,,,,,,,,,,,,,,,,
051406,SD NEGERI 2 TANJUNGANOM,https://dapo.kemdikbud.go.id/sekolah/F8CD76950271F8897605,http://sekolah.data.kemdikbud.go.id/index.php/chome/profil/2024b3b5-8c18-e111-9f1c-ab094a1b7f4d,20 Mar 2023 08:30:30,A,Kurikulum 2013,20538262,Negeri,SD,Pemerintah Daerah,PERBUP/23/2018,1949-04-12,PERBUP/23/2018,2018-04-02,Tidak ada,BPD JAWA TIMUR...,BPD JAWA TIMUR CABANG NGANJUK...,SDNEGERI2TANJUNGANOM...,Bersedia Menerima,Pagi,Belum Bersertifikat,PLN,1500,Telkomsel Flash,Jl. Basuki Rahmat No.01,2 / 8,Lingkungan Dipan Utara,Tanjung Anom,Kec. Tanjunganom,Kab. Nganjuk,Prov. Jawa Timur,64483,-7,112,8,8,0,0,0,0,0,1,2,0,3,10,3,1,18,12,9,12,11,12,13,17,28,27,31,20,0,0,0,0,0,0,0,0,0,0,0,0,0,0,11,13,4,210,110,100,12,12,1,1,0,0,0,0,1,1,0,0,1,1,1,1,4,4,1,1,0,0,0,0,1,1,0,0,0,0,6,6,,,,,,,,,,,,,,,,,,
051406,SD NEGERI 2 WARUJAYENG,https://dapo.kemdikbud.go.id/sekolah/4AE1BA5A5FD616E842C7,http://sekolah.data.kemdikbud.go.id/index.php/chome/profil/e076b3b5-8c18-e111-8ef9-9de0671b89b0,21 Mar 2023 11:26:43,B,Kurikulum 2013,20538285,Negeri,SD,Pemerintah Daerah,PERBUP/23/2018,2018-04-02,PERBUP/23/2018,2018-04-02,Tidak ada,BANK JATIM,NGANJUK,SD NEGERI 2 WARUJAYENG,Bersedia Menerima,Pagi,Belum Bersertifikat,PLN,1300,Tidak Ada,Jl. Ra Kartini 75,2 / 7,Gambirejo,Warujayeng,Kec. Tanjunganom,Kab. Nganjuk,Prov. Jawa Timur,64482,-7,112,15,14,0,1,0,0,0,2,2,0,4,16,2,1,27,28,26,28,43,28,33,36,35,33,42,41,0,0,0,0,0,0,0,0,0,0,0,0,0,0,28,20,3,400,206,194,14,14,0,0,0,0,0,0,2,2,1,1,1,1,1,1,3,3,1,1,0,0,0,0,0,0,0,0,0,0,7,7,,,,,,,,,,,,,,,,,,
051406,SD NEGERI 3 BANJARANYAR,https://dapo.kemdikbud.go.id/sekolah/094A84ACCBCC267E5F55,http://sekolah.data.kemdikbud.go.id/index.php/chome/profil/2081b7b5-8c18-e111-93ee-2f337e6f6bb7,23 Mar 2023 08:58:10,B,Kurikulum 2013,20537720,Negeri,SD,Pemerintah Daerah,PERBUP/23/2018,2018-04-02,PERBUP/23/2018,2018-04-02,Tidak ada,BANK JATIM,NGANJUK,SD NEGERI 3 BANJARANYAR,Bersedia Menerima,Pagi,Belum Bersertifikat,PLN,900,Telkomsel Flash,Jl. Majapahit,7 / 2,Banjaranyar,Banjar Anyar,Kec. Tanjunganom,Kab. Nganjuk,Prov. Jawa Timur,64483,-7,111,6,6,0,0,0,0,0,1,2,0,2,6,0,1,9,8,4,13,17,14,6,10,14,17,8,10,0,0,0,0,0,0,0,0,0,0,0,0,0,0,6,8,1,130,58,72,6,6,1,1,0,0,0,0,1,1,1,1,1,1,1,1,4,4,0,0,0,0,0,0,0,0,0,0,0,0,9,9,,,,,,,,,,,,,,,,,,
051406,SD NEGERI 3 DEMANGAN,https://dapo.kemdikbud.go.id/sekolah/9BBA38A4382785B2DD88,http://sekolah.data.kemdikbud.go.id/index.php/chome/profil/007db5b5-8c18-e111-9777-cb9c7c6e3729,27 Mar 2023 10:57:39,B,Kurikulum 2013,20537783,Negeri,SD,Pemerintah Daerah,PERBUP/23/2018,2018-04-02,PERBUP/23/2018,2018-04-02,Tidak ada,BPD JAWA TIMUR...,BPD JAWA TIMUR CABANG NGANJUK...,SDNEGERI3DEMANGAN...,Bersedia Menerima,Pagi,9001,PLN,900,Tidak Ada,Ds.Demangan,3 / 5,Gerbong,Demangan,Kec. Tanjunganom,Kab. Nganjuk,Prov. Jawa Timur,64483,-7,112,6,6,0,0,0,0,0,1,1,0,5,4,1,0,2,1,4,3,6,7,8,5,11,5,5,5,0,0,0,0,0,0,0,0,0,0,0,0,0,0,6,9,1,62,36,26,6,6,1,1,0,0,0,0,1,1,1,1,0,0,0,0,3,3,0,0,0,0,0,0,0,0,0,0,0,0,4,4,,,,,,,,,,,,,,,,,,
051406,SD NEGERI 3 GETAS,https://dapo.kemdikbud.go.id/sekolah/61D7673EB3497C647C67,http://sekolah.data.kemdikbud.go.id/index.php/chome/profil/40e0b5b5-8c18-e111-aedb-31a621646913,22 Mar 2023 20:25:16,B,Kurikulum 2013,20537809,Negeri,SD,Pemerintah Daerah,PERBUP/23/2018,2018-04-02,PERBUP/23/2018,2018-04-02,Tidak ada,BPD JAWA TIMUR...,BPD JAWA TIMUR CABANG NGANJUK...,SDNEGERI3GETAS...,Bersedia Menerima,Pagi,Belum Bersertifikat,PLN,899,Telkomsel Flash,Dsn. Sumberkepuh,0 / 0,Sumberkepuh,Getas,Kec. Tanjunganom,Kab. Nganjuk,Prov. Jawa Timur,64483,-7,111,6,6,0,0,0,0,0,1,1,1,3,6,0,1,10,13,9,11,4,4,6,11,6,4,12,12,0,0,0,0,0,0,0,0,0,0,0,0,0,0,4,9,1,102,47,55,6,6,0,0,0,0,0,0,0,0,1,1,0,0,0,0,3,3,1,1,0,0,0,0,0,0,0,0,0,0,3,3,,,,,,,,,,,,,,,,,,
051406,SD NEGERI 3 JOGOMERTO,https://dapo.kemdikbud.go.id/sekolah/B68EC21F2EAEE5DC7DF7,http://sekolah.data.kemdikbud.go.id/index.php/chome/profil/10aab7b5-8c18-e111-a9e0-45e2e0ef6be7,07 Feb 2023 22:04:39,B,Kurikulum 2013,20537926,Negeri,SD,Pemerintah Daerah,PERBUP/23/2018,2018-04-02,PERBUP/23/2018,2018-04-02,Tidak ada,BPD JAWA TIMUR...,BPD JAWA TIMUR CABANG NGANJUK...,SDNEGERI3JOGOMERTO...,Bersedia Menerima,Pagi,Belum Bersertifikat,PLN,900,Tidak Ada,Dsn.Paldaplang,4 / 1,Paldaplang,Jogomerto,Kec. Tanjunganom,Kab. Nganjuk,Prov. Jawa Timur,64482,-7,112,6,5,0,0,0,0,0,1,1,0,1,6,2,0,6,6,5,0,7,2,2,5,4,5,5,5,0,0,0,0,0,0,0,0,0,0,0,0,0,0,7,7,2,52,29,23,6,6,0,0,0,0,0,0,0,0,1,1,0,0,0,0,4,4,1,1,0,0,0,0,0,0,0,0,0,0,5,5,,,,,,,,,,,,,,,,,,
051406,SD NEGERI 3 KEDUNGOMBO,https://dapo.kemdikbud.go.id/sekolah/4BF7365637DEF866C2E0,http://sekolah.data.kemdikbud.go.id/index.php/chome/profil/8041b7b5-8c18-e111-aeae-674eda93d1c5,13 Feb 2023 15:47:21,B,Kurikulum 2013,20537973,Negeri,SD,Pemerintah Daerah,PERBUP/23/2018,2018-04-02,PERBUP/23/2018,2018-04-02,Tidak ada,BANK JATIM,Nganjuk,SD Negeri 3 Kedungombo,Bersedia Menerima,Pagi,Belum Bersertifikat,PLN,1300,Indosat IM3,Jl. Kapten Kasihin No. 143,0 / 0,Tawangsari,Kedung Ombo,Kec. Tanjunganom,Kab. Nganjuk,Prov. Jawa Timur,64483,-7,111,6,6,0,0,0,0,0,1,1,0,3,6,1,0,12,11,3,6,7,13,13,16,5,14,11,7,0,0,0,0,0,0,0,0,0,0,0,0,0,0,4,9,1,118,51,67,6,6,0,0,0,0,0,0,1,1,1,1,1,1,1,1,5,5,0,0,0,0,0,0,0,0,0,0,0,0,1,1,,,,,,,,,,,,,,,,,,
051406,SD NEGERI 3 KEDUNGREJO,https://dapo.kemdikbud.go.id/sekolah/8398E89976210D57A74F,http://sekolah.data.kemdikbud.go.id/index.php/chome/profil/00a5b5b5-8c18-e111-afeb-dd69f96c0b4e,16 Mar 2023 07:50:28,B,Kurikulum 2013,20512981,Negeri,SD,Pemerintah Daerah,PERBUP/23/2018,2018-04-02,PERBUP/23/2018,2018-04-02,Tidak ada,BANK JATIM,NGANJUK,SD NEGERI 3 KEDUNGREJO,Bersedia Menerima,Pagi,Belum Bersertifikat,PLN,900,Tidak Ada,Dusun Pulorejo,0 / 0,Pulorejo,Kedungrejo,Kec. Tanjunganom,Kab. Nganjuk,Prov. Jawa Timur,64483,-7,112,6,6,0,0,0,0,0,1,1,0,1,6,1,3,13,7,6,5,7,6,10,9,8,5,10,4,0,0,0,0,0,0,0,0,0,0,0,0,0,0,4,7,4,90,54,36,6,6,1,1,0,0,0,0,1,1,1,1,0,0,1,1,4,4,1,1,0,0,0,0,0,0,0,0,0,0,7,7,,,,,,,,,,,,,,,,,,
051406,SD NEGERI 3 NGADIREJO,https://dapo.kemdikbud.go.id/sekolah/80B63B5BAA1F103DD62C,http://sekolah.data.kemdikbud.go.id/index.php/chome/profil/40efb4b5-8c18-e111-97c7-8b22e591f1d3,20 Mar 2023 09:35:08,B,Kurikulum 2013,20512883,Negeri,SD,Pemerintah Daerah,PERBUP/23/2018,2018-04-02,PERBUP/23/2018,2018-04-02,Tidak ada,BPD JAWA TIMUR...,BPD JAWA TIMUR CABANG NGANJUK...,SDNEGERI3NGADIREJO...,Bersedia Menerima,Pagi,Belum Bersertifikat,PLN,900,Telkomsel Flash,Ds.ngadirejo,1 / 2,Dusun Jaruman,Ngadirejo,Kec. Tanjunganom,Kab. Nganjuk,Prov. Jawa Timur,64483,-7,111,6,5,0,0,0,0,0,1,1,0,4,4,1,2,12,7,18,11,14,7,12,10,17,16,8,9,0,0,0,0,0,0,0,0,0,0,0,0,0,0,5,8,3,141,81,60,6,6,0,1,0,0,0,0,0,0,1,1,1,1,0,0,3,3,0,0,0,0,0,0,0,0,0,0,0,0,6,6,,,,,,,,,,,,,,,,,,
051406,SD NEGERI 3 SAMBIREJO,https://dapo.kemdikbud.go.id/sekolah/79811DFF6D9C21694E20,http://sekolah.data.kemdikbud.go.id/index.php/chome/profil/30c2b6b5-8c18-e111-a35b-cdaa62f5c82b,27 Mar 2023 09:25:57,B,Kurikulum 2013,20538171,Negeri,SD,Pemerintah Daerah,PERBUP/23/2018,2018-04-02,PERBUP/23/2018,2018-04-02,Tidak ada,Bank Jatim,Nganjuk,SDN Sambirejo 3,Bersedia Menerima,Pagi,Belum Bersertifikat,PLN,900,Tidak Ada,Ds. Sambirejo,5 / 1,Sambirejo,Sambirejo,Kec. Tanjunganom,Kab. Nganjuk,Prov. Jawa Timur,64483,-7,111,6,6,0,0,0,0,0,1,1,0,3,5,1,1,14,8,8,17,12,6,11,12,13,18,12,13,0,0,0,0,0,0,0,0,0,0,0,0,0,0,7,8,2,144,70,74,6,6,1,1,0,0,0,0,1,1,1,1,0,0,1,1,3,3,0,0,0,0,0,0,0,0,0,0,0,0,7,7,,,,,,,,,,,,,,,,,,
051406,SD NEGERI 3 SONOBEKEL,https://dapo.kemdikbud.go.id/sekolah/DB55AD9F445C6F8A8191,http://sekolah.data.kemdikbud.go.id/index.php/chome/profil/3086b6b5-8c18-e111-b56e-7525cb02f74b,23 Mar 2023 09:40:22,C,Kurikulum 2013,20513302,Negeri,SD,Pemerintah Daerah,PERBUP/23/2018,2018-04-02,PERBUP/23/2018,2018-04-02,Tidak ada,BPD JAWA TIMUR...,BPD JAWA TIMUR CABANG  NGANJUK...,SDNEGERI3SONOBEKEL...,Bersedia Menerima,Pagi,Belum Bersertifikat,PLN,450,Lainnya,Dsn. Sekarputih-Ds. Sonobekel,1 / 1,Sekarputih,Sonobekel,Kec. Tanjunganom,Kab. Nganjuk,Prov. Jawa Timur,64483,-7,111,6,6,0,0,0,0,0,1,1,0,4,5,2,0,11,9,6,10,8,8,8,8,11,7,10,15,0,0,0,0,0,0,0,0,0,0,0,0,0,0,6,9,2,111,54,57,6,6,1,1,0,0,0,0,1,1,2,2,1,1,1,1,2,2,1,1,0,0,0,0,0,0,0,0,0,0,7,7,,,,,,,,,,,,,,,,,,
051406,SD NEGERI 3 SUMBERKEPUH,https://dapo.kemdikbud.go.id/sekolah/8CF2CD6CEDCD5EBAEBE7,http://sekolah.data.kemdikbud.go.id/index.php/chome/profil/e01bb4b5-8c18-e111-afb7-5bf9756b161d,21 Mar 2023 22:06:06,B,Kurikulum 2013,20538240,Negeri,SD,Pemerintah Daerah,PERBUP/23/2018,2018-04-02,PERBUP/23/2018,2018-04-02,Tidak ada,BPD JAWA TIMUR...,BPD JAWA TIMUR CABANG NGANJUK...,SDNEGERI3SUMBERKEPUH...,Bersedia Menerima,Pagi,Belum Bersertifikat,PLN,1300,Lainnya (Wavelan),Desa Sumberkepuh,0 / 0,Sambong,Sumberkepuh,Kec. Tanjunganom,Kab. Nganjuk,Prov. Jawa Timur,64483,-7,111,7,7,0,0,0,0,0,1,1,0,5,5,2,1,21,17,19,14,18,16,16,23,19,14,17,13,0,0,0,0,0,0,0,0,0,0,0,0,0,0,6,10,3,207,110,97,8,8,1,1,0,0,0,0,1,1,0,0,1,1,1,1,6,6,1,1,0,0,0,0,0,0,0,0,0,0,7,7,,,,,,,,,,,,,,,,,,
051406,SD NEGERI 3 TANJUNGANOM,https://dapo.kemdikbud.go.id/sekolah/24AF2BC95C94A5E035B8,http://sekolah.data.kemdikbud.go.id/index.php/chome/profil/8039b3b5-8c18-e111-91eb-97af705fb083,06 Mar 2023 10:45:12,B,Kurikulum 2013,20538263,Negeri,SD,Pemerintah Daerah,PERBUP/23/2018,2018-04-02,PERBUP/23/2018,2018-04-02,Tidak ada,BPD JAWA TIMUR...,BPD JAWA TIMUR CABANG NGANJUK...,SDNEGERI3TANJUNGANOM...,Bersedia Menerima,Pagi,Belum Bersertifikat,PLN,900,Tidak Ada,Jl. Gubernur Suryo No. 03,1 / 1,Dipan,Tanjung Anom,Kec. Tanjunganom,Kab. Nganjuk,Prov. Jawa Timur,64482,-7,112,6,6,0,0,0,0,0,1,1,0,4,5,2,1,3,10,6,6,11,13,8,10,10,15,12,13,0,0,0,0,0,0,0,0,0,0,0,0,0,0,4,9,3,117,50,67,6,6,1,1,0,0,0,0,1,1,1,1,1,1,1,1,11,11,3,3,0,0,0,0,0,0,0,0,0,0,9,9,,,,,,,,,,,,,,,,,,
051406,SD NEGERI 4 BANJARANYAR,https://dapo.kemdikbud.go.id/sekolah/67BDDF9FD2671707C057,http://sekolah.data.kemdikbud.go.id/index.php/chome/profil/7095b7b5-8c18-e111-a95b-cd2c7749825d,20 Mar 2023 17:17:27,B,Kurikulum 2013,20537721,Negeri,SD,Pemerintah Daerah,PERBUP/23/2018,2018-04-02,PERBUP/23/2018,2018-04-02,Tidak ada,BANK JATIM,NGANJUK,SD NEGERI 4 BANJARANYAR,Bersedia Menerima,Pagi,Belum Bersertifikat,PLN,900,Indosat IM3,Dsn.blimbing,2 / 2,blimbing,Banjar Anyar,Kec. Tanjunganom,Kab. Nganjuk,Prov. Jawa Timur,64483,-7,111,6,6,0,0,0,0,0,1,1,0,3,5,1,1,2,6,2,5,6,6,5,6,6,5,6,4,0,0,0,0,0,0,0,0,0,0,0,0,0,0,10,8,2,59,27,32,6,6,1,1,0,0,0,0,1,1,1,1,0,0,0,0,1,1,0,0,0,0,0,0,1,1,0,0,0,0,1,1,,,,,,,,,,,,,,,,,,
051406,SD NEGERI 4 DEMANGAN,https://dapo.kemdikbud.go.id/sekolah/914FFB75B7B9CDA25A4D,http://sekolah.data.kemdikbud.go.id/index.php/chome/profil/e0beb7b5-8c18-e111-a3cd-e7c86c463833,23 Jan 2023 05:47:49,B,Kurikulum 2013,20537784,Negeri,SD,Pemerintah Daerah,PERBUP/23/2018,2018-04-02,PERBUP/23/2018,2018-04-02,Tidak ada,BPD JAWA TIMUR...,BPD JAWA TIMUR CABANG NGANJUK...,SDNEGERI4DEMANGAN...,Bersedia Menerima,Pagi,Belum Bersertifikat,PLN,900,Tidak Ada,Ds.demangan,0 / 0,BANDARALIM,Demangan,Kec. Tanjunganom,Kab. Nganjuk,Prov. Jawa Timur,64483,-7,112,6,6,0,0,0,0,0,2,2,0,2,4,0,1,8,7,4,6,5,3,3,5,9,8,7,5,0,0,0,0,0,0,0,0,0,0,0,0,0,0,2,6,1,70,36,34,6,6,1,1,0,0,0,0,1,1,0,0,0,0,0,0,5,5,0,0,0,0,0,0,0,0,0,0,0,0,6,6,,,,,,,,,,,,,,,,,,
051406,SD NEGERI 4 GETAS,https://dapo.kemdikbud.go.id/sekolah/E0F0C971D5D1D9049514,http://sekolah.data.kemdikbud.go.id/index.php/chome/profil/20f5b5b5-8c18-e111-a0a5-976ccffe5add,08 Feb 2023 11:21:45,B,Kurikulum 2013,20537810,Negeri,SD,Pemerintah Daerah,PERBUP/23/2018,2018-04-02,PERBUP/23/2018,2018-04-02,Tidak ada,BPD JAWA TIMUR...,BPD JAWA TIMUR CABANG NGANJUK...,SDNEGERI4GETAS...,Bersedia Menerima,Pagi,Belum Bersertifikat,PLN,450,Lainnya (Kabel),Ds.getas,1 / 1,GETAS UTARA,Getas,Kec. Tanjunganom,Kab. Nganjuk,Prov. Jawa Timur,64483,-7,111,6,6,3,0,0,0,0,1,1,0,2,7,0,1,6,4,0,3,2,2,6,10,2,5,2,2,0,0,0,0,0,0,0,0,0,0,0,0,0,0,4,9,1,44,18,26,6,6,1,1,0,0,0,0,0,0,1,1,0,0,0,0,4,4,0,0,0,0,0,0,0,0,0,0,0,0,6,6,,,,,,,,,,,,,,,,,,
051406,SD NEGERI 4 KAMPUNGBARU,https://dapo.kemdikbud.go.id/sekolah/6C3BE3FA06154D73EE5E,http://sekolah.data.kemdikbud.go.id/index.php/chome/profil/b047b6b5-8c18-e111-9a1d-41db08a12058,20 Mar 2023 11:10:11,B,Kurikulum 2013,20537942,Negeri,SD,Pemerintah Daerah,PERBUP/23/2018,2018-04-02,PERBUP/23/2018,2018-04-02,Tidak ada,BPD,Tanjunganom,SD Negeri 4 KAMPUNGBARU,Bersedia Menerima,Pagi,9001,PLN,900,Smartfren,Ds. Kampungbaru,1 / 8,Takat,Kampungbaru,Kec. Tanjunganom,Kab. Nganjuk,Prov. Jawa Timur,64483,-7,112,6,5,0,1,0,0,0,1,1,0,2,6,1,2,2,4,6,3,4,7,9,3,6,8,5,8,0,0,0,0,0,0,0,0,0,0,0,0,0,0,6,8,3,65,32,33,6,6,0,0,0,0,0,0,1,1,1,1,0,0,0,0,5,5,1,1,0,0,0,0,0,0,0,0,0,0,2,7,,,,,,,,,,,,,,,,,,
051406,SD NEGERI 4 KEDUNGREJO,https://dapo.kemdikbud.go.id/sekolah/DF2C28280D6938D86D0A,http://sekolah.data.kemdikbud.go.id/index.php/chome/profil/70ebb6b5-8c18-e111-a0f8-99598d40570b,04 Mar 2023 09:29:46,B,Kurikulum 2013,20537976,Negeri,SD,Pemerintah Pusat,PERBUP/23/2018,1977-12-31,PERBUP/23/2018,2018-04-02,Tidak ada,BANK JATIM,NGANJUK,SD NEGERI 4 KEDUNGREJO,Bersedia Menerima,Pagi,Belum Bersertifikat,PLN,450,Smartfren,Ds. Kedungrejo,0 / 0,Johorejo,Kedungrejo,Kec. Tanjunganom,Kab. Nganjuk,Prov. Jawa Timur,64483,-7,112,6,6,3,0,0,0,0,1,1,0,1,7,1,1,15,21,6,12,12,10,13,6,24,16,11,10,0,0,0,0,0,0,0,0,0,0,0,0,0,0,3,8,2,156,81,75,6,6,1,1,0,0,0,0,1,1,1,1,1,1,1,1,2,2,0,0,0,0,0,0,0,0,0,0,0,0,6,6,,,,,,,,,,,,,,,,,,
051406,SD NEGERI 4 NGADIREJO,https://dapo.kemdikbud.go.id/sekolah/E52255D04622718C4B7C,http://sekolah.data.kemdikbud.go.id/index.php/chome/profil/a003b5b5-8c18-e111-96eb-691ef3954e33,27 Mar 2023 10:03:16,B,Kurikulum 2013,20538072,Negeri,SD,Pemerintah Daerah,PERBUP/23/2018,2018-04-02,PERBUP/23/2018,2018-04-02,Tidak ada,BANK JATIM,NGANJUK,SD NEGERI 4 NGADIREJO,Bersedia Menerima,Pagi,Belum Bersertifikat,PLN,900,Indosat IM3,Ds.ngadirejo,1 / 1,Ngadirejo,Ngadirejo,Kec. Tanjunganom,Kab. Nganjuk,Prov. Jawa Timur,64483,-7,111,6,6,3,0,0,0,0,1,1,0,2,6,1,0,4,8,11,9,16,15,17,7,8,15,11,10,0,0,0,0,0,0,0,0,0,0,0,0,0,0,9,8,1,131,67,64,6,6,1,1,0,0,0,0,1,1,0,0,1,1,0,0,4,4,1,1,0,0,0,0,0,0,0,0,0,0,8,8,,,,,,,,,,,,,,,,,,
051406,SD NEGERI 4 SIDOHARJO,https://dapo.kemdikbud.go.id/sekolah/7A4E4569324694424D04,http://sekolah.data.kemdikbud.go.id/index.php/chome/profil/709cb4b5-8c18-e111-921a-8defc4aadbd5,04 Feb 2023 10:37:47,B,Kurikulum 2013,20538194,Negeri,SD,Pemerintah Daerah,PERBUP/23/2018,2018-04-02,PERBUP/23/2018,2018-04-02,Tidak ada,BPD JAWA TIMUR...,BPD JAWA TIMUR CABANG NGANJUK...,SDNEGERI4SIDOHARJO...,Bersedia Menerima,Pagi,Belum Bersertifikat,PLN,900,Telkomsel Flash,Ds.sidoharjo,0 / 0,Miren,Sidoharjo,Kec. Tanjunganom,Kab. Nganjuk,Prov. Jawa Timur,64483,-7,112,6,6,0,0,0,0,0,1,1,0,2,6,2,1,4,7,9,10,6,7,7,7,8,15,8,8,0,0,0,0,0,0,0,0,0,0,0,0,0,0,3,8,3,96,42,54,6,6,1,1,0,0,0,0,1,1,0,0,1,1,0,0,4,4,0,0,0,0,0,0,0,0,0,0,0,0,8,8,,,,,,,,,,,,,,,,,,
051406,SD NEGERI 4 SUMBERKEPUH,https://dapo.kemdikbud.go.id/sekolah/E1ACFDA9B30D83F5D308,http://sekolah.data.kemdikbud.go.id/index.php/chome/profil/f030b4b5-8c18-e111-96a4-f9a776fd2788,11 Mar 2023 23:27:15,B,Kurikulum 2013,20538241,Negeri,SD,Pemerintah Pusat,PERBUP/23/2018,2018-04-02,PERBUP/23/2018,2018-04-02,Tidak ada,BPD JAWA TIMUR...,BPD JAWA TIMUR CABANG NGANJUK...,SDNEGERI4SUMBERKEPUH...,Bersedia Menerima,Pagi,Belum Bersertifikat,PLN,900,Tidak Ada,Ds.sumberkepuh,5 / 7,Sambikerep,Sumberkepuh,Kec. Tanjunganom,Kab. Nganjuk,Prov. Jawa Timur,64482,-7,111,6,6,0,0,0,0,0,1,2,0,3,3,0,1,7,9,5,3,12,9,12,7,7,8,14,7,0,0,0,0,0,0,0,0,0,0,0,0,0,0,6,6,1,100,57,43,6,6,1,1,0,0,0,0,1,1,1,1,0,0,0,0,3,3,1,1,0,0,0,0,0,0,0,0,0,0,6,6,,,,,,,,,,,,,,,,,,
051406,SD NEGERI 4 TANJUNGANOM,https://dapo.kemdikbud.go.id/sekolah/D2125AF5C0A0EED8C227,http://sekolah.data.kemdikbud.go.id/index.php/chome/profil/804fb3b5-8c18-e111-83fd-27269e4d1f64,10 Mar 2023 20:35:35,B,Kurikulum 2013,20538264,Negeri,SD,Pemerintah Daerah,PERBUP/23/2018,2018-04-02,PERBUP/23/2018,2018-04-02,Tidak ada,BPD JAWA TIMUR...,BPD JAWA TIMUR CABANG NGANJUK...,SDNEGERI4TANJUNGANOM...,Bersedia Menerima,Pagi,Belum Bersertifikat,PLN,1300,Tidak Ada,Jl. Basuki Rahmad,2 / 8,Dipan Utara,Tanjung Anom,Kec. Tanjunganom,Kab. Nganjuk,Prov. Jawa Timur,64482,-7,112,7,7,0,0,0,0,0,2,2,0,3,8,1,1,10,16,18,12,15,13,17,13,26,15,20,20,0,0,0,0,0,0,0,0,0,0,0,0,0,0,15,11,2,195,106,89,7,7,0,0,0,0,0,0,0,0,1,1,0,0,0,0,4,4,0,0,0,0,0,0,0,0,0,0,0,0,6,6,,,,,,,,,,,,,,,,,,
051406,SD NEGERI 4 WARUJAYENG,https://dapo.kemdikbud.go.id/sekolah/98E9C24A6F8A06624B12,http://sekolah.data.kemdikbud.go.id/index.php/chome/profil/209eb3b5-8c18-e111-906a-1bfd9d7aa789,23 Feb 2023 07:58:34,B,Kurikulum 2013,20538287,Negeri,SD,Pemerintah Daerah,PERBUP/23/2018,2018-04-02,PERBUP/23/2018,2018-04-02,Tidak ada,BPD JAWA TIMUR...,BPD JAWA TIMUR CABANG NGANJUK...,SDNEGERI4WARUJAYENG...,Bersedia Menerima,Pagi,Belum Bersertifikat,PLN,900,Telkomsel Flash,Jln. Dewi Sartika No. 05,2 / 2,Pengkol,Warujayeng,Kec. Tanjunganom,Kab. Nganjuk,Prov. Jawa Timur,64483,-7,112,7,7,0,0,0,0,0,1,1,0,3,6,1,0,5,7,15,13,15,9,15,11,8,12,21,15,0,0,0,0,0,0,0,0,0,0,0,0,0,0,5,9,1,146,79,67,12,12,1,1,0,0,0,0,1,1,1,1,0,0,0,0,5,5,2,2,0,0,0,0,0,0,0,0,0,0,5,5,,,,,,,,,,,,,,,,,,
051406,SD NEGERI 5 KAMPUNGBARU,https://dapo.kemdikbud.go.id/sekolah/6C723FC26BCA28493075,http://sekolah.data.kemdikbud.go.id/index.php/chome/profil/405db6b5-8c18-e111-a5d3-5dd8c960bacd,27 Mar 2023 07:47:55,B,Kurikulum 2013,20537943,Negeri,SD,Pemerintah Pusat,PERBUP/23/2018,2018-04-02,PERBUP/23/2018,2018-04-02,Tidak ada,BPD JAWA TIMUR...,BPD JAWA TIMUR CABANG  NGANJUK...,SDNEGERI5KAMPUNGBARU...,Bersedia Menerima,Pagi,Belum Bersertifikat,PLN,900,Telkomsel Flash,Ds . Kampungbaru,3 / 3,ketangi,Kampungbaru,Kec. Tanjunganom,Kab. Nganjuk,Prov. Jawa Timur,64482,-7,112,6,6,0,0,0,0,0,1,1,0,1,7,2,0,5,7,1,11,6,6,7,7,9,6,10,8,0,0,0,0,0,0,0,0,0,0,0,0,0,0,7,8,2,83,38,45,6,6,1,1,0,0,0,0,1,1,1,1,0,0,0,0,5,5,0,0,0,0,0,0,0,0,0,0,0,0,4,4,,,,,,,,,,,,,,,,,,
051406,SD NEGERI 5 KEDUNGREJO,https://dapo.kemdikbud.go.id/sekolah/FE43BBD56BC690C9BB89,http://sekolah.data.kemdikbud.go.id/index.php/chome/profil/0005b7b5-8c18-e111-a962-c13816d2853b,13 Mar 2023 20:29:04,B,Kurikulum 2013,20537977,Negeri,SD,Pemerintah Daerah,PERBUP/23/2018,2018-04-02,PERBUP/23/2018,2018-04-02,Tidak ada,Bank Jatim,Capem Tanjunganom,SD NEGERI 5 KEDUNGREJO,Bersedia Menerima,Pagi,Belum Bersertifikat,PLN,900,Lainnya,Ds. Kedungrejo,5 / 2,pulurejo,Kedungrejo,Kec. Tanjunganom,Kab. Nganjuk,Prov. Jawa Timur,64483,-7,112,6,6,0,0,1,0,0,1,1,0,2,7,1,0,5,1,6,7,10,2,8,6,12,12,11,5,0,0,0,0,0,0,0,0,0,0,0,0,0,0,15,9,1,85,52,33,6,6,1,1,0,0,0,0,1,1,1,1,1,1,0,0,4,4,0,0,0,0,0,0,0,0,0,0,0,0,7,6,,,,,,,,,,,,,,,,,,
051406,SD NEGERI 5 SIDOHARJO,https://dapo.kemdikbud.go.id/sekolah/477A6E29251B83EEF829,http://sekolah.data.kemdikbud.go.id/index.php/chome/profil/70b1b4b5-8c18-e111-8963-3944ec394341,27 Mar 2023 08:45:58,B,Kurikulum 2013,20538195,Negeri,SD,Pemerintah Daerah,PERBUP/23/2018,2018-04-02,PERBUP/23/2018,2018-04-02,Tidak ada,Bank Jatim,Capem Tanjunganom,SD NEGERI 5 SIDOHARJO,Bersedia Menerima,Pagi,9001,PLN,950,Indosat IM3,Ds.sidoharjo,1 / 2,Oro-oro Ombo,Sidoharjo,Kec. Tanjunganom,Kab. Nganjuk,Prov. Jawa Timur,64483,-7,112,6,6,0,0,0,0,0,1,1,0,3,5,1,2,10,8,19,9,15,6,17,8,18,15,18,17,0,0,0,0,0,0,0,0,0,0,0,0,0,0,12,8,3,160,97,63,6,6,0,0,0,0,0,0,0,0,1,1,0,0,1,1,3,3,0,0,0,0,0,0,0,0,0,0,0,0,1,1,,,,,,,,,,,,,,,,,,
051406,SD NEGERI 5 SUMBERKEPUH,https://dapo.kemdikbud.go.id/sekolah/89F2815284A667002EE2,http://sekolah.data.kemdikbud.go.id/index.php/chome/profil/804ab4b5-8c18-e111-b44d-9f1078926b9f,24 Mar 2023 08:27:27,B,Kurikulum 2013,20538242,Negeri,SD,Pemerintah Daerah,PERBUP/23/2018,2018-04-02,PERBUP/23/2018,2018-04-02,Tidak ada,Bank Jatim,CAPEM TANJUNGANOM,SD NEGERI 5 SUMBERKEPUH,Bersedia Menerima,Pagi,Proses Sertifikasi,PLN,900,XL (Serat Optik),Dusun Plosorejo,0 / 0,Plosorejo,Sumberkepuh,Kec. Tanjunganom,Kab. Nganjuk,Prov. Jawa Timur,64483,-7,111,6,6,0,0,0,0,0,1,1,0,1,7,1,1,11,6,10,11,13,9,14,14,17,14,12,10,0,0,0,0,0,0,0,0,0,0,0,0,0,0,24,8,2,141,77,64,6,6,1,1,0,0,0,0,0,0,1,1,0,0,0,0,4,4,0,0,0,0,0,0,0,0,0,0,0,0,1,1,,,,,,,,,,,,,,,,,,
051406,SD NEGERI 5 WARUJAYENG,https://dapo.kemdikbud.go.id/sekolah/13C58093461D4FFD1EBA,http://sekolah.data.kemdikbud.go.id/index.php/chome/profil/80b1b3b5-8c18-e111-9c8e-5d22e40348b2,22 Mar 2023 09:06:30,B,Kurikulum 2013,20538288,Negeri,SD,Pemerintah Daerah,PERBUP/23/2018,2018-04-02,PERBUP/23/2018,2018-04-02,Tidak ada,BPD JAWA TIMUR...,BPD JAWA TIMUR CABANG NGANJUK...,SDNEGERI5WARUJAYENG...,Bersedia Menerima,Pagi,Belum Bersertifikat,PLN,900,Telkomsel Flash,"Gg Rowo 3, Lingkungan Bulurejo",2 / 2,Bulurejo,Warujayeng,Kec. Tanjunganom,Kab. Nganjuk,Prov. Jawa Timur,64483,-7,112,6,6,0,0,0,0,0,1,1,0,2,6,1,1,9,10,12,6,11,9,8,9,9,19,15,5,0,0,0,0,0,0,0,0,0,0,0,0,0,0,12,8,2,122,64,58,6,6,0,0,0,0,0,0,1,1,1,1,1,1,0,0,2,2,0,0,0,0,0,0,0,0,0,0,0,0,5,5,,,,,,,,,,,,,,,,,,
051406,SD NEGERI 6 SIDOHARJO,https://dapo.kemdikbud.go.id/sekolah/4568A5214DA2F1979149,http://sekolah.data.kemdikbud.go.id/index.php/chome/profil/40c7b4b5-8c18-e111-8576-bb09ab274f54,22 Feb 2023 10:19:27,B,Kurikulum 2013,20538196,Negeri,SD,Pemerintah Daerah,PERBUP/23/2018,2018-04-02,PERBUP/23/2018,2018-04-02,Tidak ada,BPD JAWA TIMUR...,BPD JAWA TIMUR CABANG NGANJUK...,SDNEGERI6SIDOHARJO...,Bersedia Menerima,Pagi,Belum Bersertifikat,PLN,900,Telkomsel Flash,Ds. Sidoharjo,0 / 0,Jarakan,Sidoharjo,Kec. Tanjunganom,Kab. Nganjuk,Prov. Jawa Timur,64483,-7,112,6,6,0,0,0,0,0,1,1,0,4,5,2,1,8,10,4,8,6,12,6,8,14,8,9,14,0,0,0,0,0,0,0,0,0,0,0,0,0,0,11,9,3,107,47,60,6,6,1,1,0,0,0,0,1,1,1,1,1,1,1,1,2,2,1,1,0,0,0,0,1,1,0,0,0,0,4,4,,,,,,,,,,,,,,,,,,
051406,SD NEGERI WATES,https://dapo.kemdikbud.go.id/sekolah/B28C26B82E513230E62A,http://sekolah.data.kemdikbud.go.id/index.php/chome/profil/00d3b7b5-8c18-e111-af67-7b2b98e9b371,08 Feb 2023 12:41:12,B,Kurikulum 2013,20538291,Negeri,SD,Pemerintah Pusat,PERBUP/23/2018,2018-04-02,PERBUP/23/2018,2018-04-02,Tidak ada,BPD JAWA TIMUR...,BPD JAWA TIMUR CABANG NGANJUK...,SDNEGERIWATES...,Bersedia Menerima,Pagi,Belum Bersertifikat,PLN,900,Indosat IM3,Ds Wates,3 / 2,Wates,Wates,Kec. Tanjunganom,Kab. Nganjuk,Prov. Jawa Timur,64483,-7,111,6,6,3,0,0,0,0,1,1,0,1,7,1,2,6,4,5,4,6,5,4,4,6,6,4,6,0,0,0,0,0,0,0,0,0,0,0,0,0,0,2,8,3,60,31,29,6,6,1,1,0,0,0,0,1,1,1,1,0,0,1,1,4,4,1,1,0,0,0,0,0,0,0,0,0,0,5,5,,,,,,,,,,,,,,,,,,
051406,SD ISLAM DARUSH SHOLIHIN,https://dapo.kemdikbud.go.id/sekolah/82ACD7FD1713DDC6DC69,http://sekolah.data.kemdikbud.go.id/index.php/chome/profil/60ae95b8-8c18-e111-b69d-619e2e69dcf9,07 Feb 2023 09:43:26,B,Kurikulum 2013,20537628,Swasta,SD,Yayasan,001/01/411/BAS/02,1910-01-01,414.44/013.D/411.405/2003,2003-01-02,Tidak ada,BPD JAWA TIMUR...,BPD JAWA TIMUR CABANG NGANJUK...,SDISLAMDARUSHSHOLIHIN...,Bersedia Menerima,Pagi,Belum Bersertifikat,PLN,2200,Telkom Speedy,Jl Basuki Rahmad 202,1 / 5,Bagbogo,Tanjung Anom,Kec. Tanjunganom,Kab. Nganjuk,Prov. Jawa Timur,64483,-7,112,12,5,0,0,0,0,0,1,3,0,2,6,0,2,21,21,31,20,32,22,25,26,28,18,23,14,0,0,0,0,0,0,0,0,0,0,0,0,0,0,1,8,2,281,160,121,12,12,1,1,0,0,0,0,1,1,0,0,1,1,1,1,4,4,0,0,0,0,0,0,1,1,0,0,0,0,1,1,,,,,,,,,,,,,,,,,,
051406,SD ISLAM ISTIQLAL,https://dapo.kemdikbud.go.id/sekolah/07E7BD2DC929E241D5ED,http://sekolah.data.kemdikbud.go.id/index.php/chome/profil/204159b1-70e7-e211-af47-2161956d7299,10 Mar 2023 08:32:32,B,Kurikulum 2013,69759301,Swasta,SD,Yayasan,01/K-LPI/MK/VI/2011,2011-06-01,420.5/10957.a/411.201.03/2012,2012-10-25,Tidak ada,BPD JAWA TIMUR...,BPD JAWA TIMUR CABANG NGANJUK...,SDISLAMISTIQLAL...,Bersedia Menerima,Pagi,Belum Bersertifikat,PLN,5000,Telkomsel Flash,Sumberagung,4 / 7,SUMBERAGUNG,Banjar Anyar,Kec. Tanjunganom,Kab. Nganjuk,Prov. Jawa Timur,64483,-7,111,11,11,0,0,0,0,0,2,5,0,3,11,0,2,23,23,25,30,23,15,26,19,14,10,28,13,0,0,0,0,0,0,0,0,0,0,0,0,0,0,5,14,2,249,139,110,11,11,0,0,0,0,0,0,1,1,2,2,1,1,0,0,3,3,2,2,0,0,0,0,0,0,0,0,0,0,2,2,,,,,,,,,,,,,,,,,,
051406,SD MANBAUL HUDA,https://dapo.kemdikbud.go.id/sekolah/71EEE938B13D1E4CA35A,http://sekolah.data.kemdikbud.go.id/index.php/chome/profil/cd529f0e-8af8-48df-9166-ac118508a108,07 Mar 2023 15:23:34,,Kurikulum 2013,70031781,Swasta,SD,Yayasan,188/348/411.301/2022,2022-06-27,420/1554/411.301/2022,2022-06-27,Tidak ada,,,,Bersedia Menerima,Pagi,Belum Bersertifikat,PLN,500,Telkom Speedy,RT.001 / RW.001,/,,Kampungbaru,Kec. Tanjunganom,Kab. Nganjuk,Prov. Jawa Timur,,-7,112,2,2,0,0,0,0,0,1,1,0,1,2,0,2,2,4,2,3,0,0,0,0,0,0,0,0,0,0,0,0,0,0,0,0,0,0,0,0,0,0,21,3,2,11,4,7,0,2,0,1,0,0,0,0,0,0,0,1,0,1,0,0,0,3,0,0,0,0,0,0,0,0,0,0,0,0,0,1,,,,,,,,,,,,,,,,,,
051406,SD POMOSDA,https://dapo.kemdikbud.go.id/sekolah/D5734418CAC30077C0E2,http://sekolah.data.kemdikbud.go.id/index.php/chome/profil/878c0aba-3ee4-4e71-8e13-092e6d43c808,10 Mar 2023 21:01:38,C,Kurikulum 2013,69979163,Swasta,SD,Lainnya,188/4242.a/411.301/2018,2018-08-01,420/1736/411.301/2021,2021-07-30,Tidak ada,BANK JATIM,cabang,SD PMOSDA,Bersedia Menerima,Pagi,9001,PLN & Diesel,10000,Telkom Speedy,JL. KH.WACHID HASYIM 304 TANJUNGANOM,2 / 3,TANJUNG,Tanjung Anom,Kec. Tanjunganom,Kab. Nganjuk,Prov. Jawa Timur,64483,-7,112,5,5,0,0,0,0,0,5,5,0,0,3,2,3,6,14,9,6,9,7,14,7,13,17,0,0,0,0,0,0,0,0,0,0,0,0,0,0,0,0,6,3,5,102,51,51,5,5,1,1,0,0,1,1,1,1,1,1,1,1,1,1,2,2,0,0,0,0,4,4,2,2,0,0,0,0,1,1,,,,,,,,,,,,,,,,,,
051406,SDI Darul Musthofa,https://dapo.kemdikbud.go.id/sekolah/C14722C591706914A1DC,http://sekolah.data.kemdikbud.go.id/index.php/chome/profil/c2fc0bc7-c2d9-4f65-806f-9e030eb3f3d2,15 Feb 2023 19:45:19,,Kurikulum 2013,69991234,Swasta,SD,Yayasan,AHU-0013617-AH.01.04,2015-09-15,420/4694.a/411.301/2018,2018-08-14,Tidak ada,BANK JATIM,CAPEM TANJUNGANOM,YULIANA DEVIANTI,Bersedia Menerima,Pagi,Belum Bersertifikat,PLN,900,Tidak Ada,"Dsn.Kurunglor, Ds.Kampungbaru",2 / 12,Kurunglor,Kampungbaru,Kec. Tanjunganom,Kab. Nganjuk,Prov. Jawa Timur,64483,-7,112,4,2,0,0,0,0,1,0,0,0,1,3,0,2,4,10,4,6,4,6,3,2,0,0,0,0,0,0,0,0,0,0,0,0,0,0,0,0,0,0,4,4,2,39,15,24,3,3,0,0,0,0,0,0,0,0,1,1,0,0,0,0,0,0,0,0,0,0,0,0,0,0,0,0,0,0,1,1,,,,,,,,,,,,,,,,,,
051406,SMP NEGERI 1 TANJUNGANOM,https://dapo.kemdikbud.go.id/sekolah/0315C7347679A3CF5120,http://sekolah.data.kemdikbud.go.id/index.php/chome/profil/205fc0b9-8c18-e111-b0af-53c192caf917,27 Mar 2023 08:50:38,A,Kurikulum 2013,20538371,Negeri,SMP,Pemerintah Daerah,PERBUP/23/2018,2018-04-02,PERBUP/23/2018,2018-04-02,Tidak ada,BPD JAWA TIMUR...,BPD JAWA TIMUR CABANG NGANJUK...,SMPNEGERI1TANJUNGANOM...,Bersedia Menerima,Pagi,Belum Bersertifikat,PLN,23000,Tidak Ada,Jln. Basuki Rahmat No. 63 Tanjunganom,0 / 0,Kujonmanis,Warujayeng,Kec. Tanjunganom,Kab. Nganjuk,Prov. Jawa Timur,64483,-7,112,33,0,6,7,7,0,6,4,7,3,22,36,6,4,0,0,0,0,0,0,0,0,0,0,0,0,165,186,176,168,162,181,0,0,0,0,0,0,0,0,13,58,10,1038,503,535,36,36,2,2,10,10,0,0,1,1,1,1,1,1,1,1,3,3,1,1,1,1,1,1,1,1,1,1,1,1,9,9,,,,,,,,,,,,,,,,,,
051406,SMP NEGERI 2 TANJUNGANOM,https://dapo.kemdikbud.go.id/sekolah/6AA8A53DD88DFA4445CD,http://sekolah.data.kemdikbud.go.id/index.php/chome/profil/2040c0b9-8c18-e111-a5a7-63016960b701,24 Mar 2023 07:50:59,A,Kurikulum 2013,20538314,Negeri,SMP,Pemerintah Daerah,PERBUP/23/2018,2018-04-02,PERBUP/23/2018,2018-04-02,Tidak ada,BPD JAWA TIMUR...,BPD JAWA TIMUR CABANG NGANJUK...,SMPNEGERI2TANJUNGANOM...,Bersedia Menerima,Pagi,Belum Bersertifikat,PLN,23000,Tidak Ada,Jl. Raya Malangsari,3 / 3,Malangsari,Malangsari,Kec. Tanjunganom,Kab. Nganjuk,Prov. Jawa Timur,64483,-7,111,27,0,6,7,5,0,2,2,4,3,16,31,12,5,0,0,0,0,0,0,0,0,0,0,0,0,155,133,148,132,147,131,0,0,0,0,0,0,0,0,38,47,17,846,450,396,27,27,2,2,10,10,0,0,1,1,1,1,1,1,1,1,19,19,1,1,0,0,0,0,1,1,1,1,1,1,5,5,,,,,,,,,,,,,,,,,,
051406,SMP NEGERI 3 TANJUNGANOM,https://dapo.kemdikbud.go.id/sekolah/8392E8442A782DD6CD37,http://sekolah.data.kemdikbud.go.id/index.php/chome/profil/a079c0b9-8c18-e111-a05d-4535a272d1aa,27 Mar 2023 20:05:25,A,Kurikulum 2013,20538316,Negeri,SMP,Pemerintah Daerah,PERBUP/23/2018,2018-04-02,PERBUP/23/2018,2018-04-02,Tidak ada,BPD JAWA TIMUR...,BPD JAWA TIMUR CABANG NGANJUK...,SMPNEGERI3TANJUNGANOM...,Bersedia Menerima,Pagi,Belum Bersertifikat,PLN,900,Telkomsel Flash,Dsn. Pojok,2 / 3,Pojok,Sambirejo,Kec. Tanjunganom,Kab. Nganjuk,Prov. Jawa Timur,64483,-7,111,17,0,3,5,4,0,2,3,5,3,10,22,8,2,0,0,0,0,0,0,0,0,0,0,0,0,101,63,72,63,111,63,0,0,0,0,0,0,0,0,24,32,10,473,284,189,18,18,1,1,3,3,0,0,1,1,1,1,1,1,1,1,4,4,2,2,0,0,0,0,1,1,1,1,3,3,15,15,,,,,,,,,,,,,,,,,,
051406,SMP DARUSH SHOLIHIN BOARDING SCHOOL,https://dapo.kemdikbud.go.id/sekolah/A7EC04F8735140B4180C,http://sekolah.data.kemdikbud.go.id/index.php/chome/profil/48f74e71-61e1-4bc2-9a2c-8fad42fbecec,19 Dec 2022 08:31:59,B,Kurikulum 2013,69979121,Swasta,SMP,Yayasan,167,2014-10-16,420/2901.1/411.301/2018,2018-06-26,Tidak ada,bank jatim,capem tanjunganom,SMP DARUSH SHOLIHIN,,,,,,,"JL. BASUKI RAHMAD , RT.01 RW.05 , BAGBOGO, TANJUNGANOM",1 / 5,bagbogo,Tanjung Anom,Kec. Tanjunganom,Kab. Nganjuk,Prov. Jawa Timur,64483,-7,112,0,0,0,0,0,0,0,0,0,0,0,2,1,0,0,0,0,0,0,0,0,0,0,0,0,0,0,0,0,0,0,0,0,0,0,0,0,0,0,0,0,2,1,0,0,0,3,0,0,0,0,0,0,0,0,0,0,0,0,0,0,0,0,0,0,0,0,0,0,0,0,0,0,0,0,0,1,1,,,,,,,,,,,,,,,,,,
051406,SMP ISLAM AL FATTAH,https://dapo.kemdikbud.go.id/sekolah/8567A013CE0D10720B04,http://sekolah.data.kemdikbud.go.id/index.php/chome/profil/2a6cc31c-0c50-4e6e-bd00-9da27d32996d,09 Feb 2023 19:05:05,C,Kurikulum 2013,69958525,Swasta,SMP,Yayasan,"AHU-0021317.AH,01.04. TAHUN 2015.",2015-11-05,420/1872/411.301/2022,2016-07-05,Tidak ada,BPD JAWA TIMUR...,BPD JAWA TIMUR CABANG  NGANJUK...,SMPISLAMALFATTAH...,Bersedia Menerima,Pagi,Belum Bersertifikat,PLN & Diesel,2200,Lainnya (Wavelan),"JALAN KH. WACHID HASYIM NO 01, KODE POS 64483",1 / 1,PULE,Tanjung Anom,Kec. Tanjunganom,Kab. Nganjuk,Prov. Jawa Timur,64483,-7,112,5,0,0,0,0,0,0,0,1,0,6,6,2,0,0,0,0,0,0,0,0,0,0,0,0,0,19,23,19,20,13,18,0,0,0,0,0,0,0,0,4,12,2,112,51,61,4,4,0,0,0,0,0,0,1,1,1,1,0,0,0,0,3,3,0,0,0,0,0,0,1,1,0,0,0,0,1,1,,,,,,,,,,,,,,,,,,
051406,SMP ISLAM AN-NUR,https://dapo.kemdikbud.go.id/sekolah/4B393781DC2040AD035A,http://sekolah.data.kemdikbud.go.id/index.php/chome/profil/c7fcdcd7-d817-4859-82cb-d5cfd496e0a9,16 Mar 2023 09:19:05,B,Kurikulum 2013,69830667,Swasta,SMP,Yayasan,014/SK/LPI.PPS.RM/VII/2012,2012-07-13,420/4326.a/411.301/2018,2018-08-02,Tidak ada,BPD JAWA TIMUR...,BPD JAWA TIMUR CABANG NGANJUK...,SMPISLAMANNUR...,Bersedia Menerima,Pagi,Belum Bersertifikat,PLN,13200,Telkomsel Flash,"JL. CEMORO-CEMOROREJO, WARUJAYENG",3 / 6,CEMOROREJO,Warujayeng,Kec. Tanjunganom,Kab. Nganjuk,Prov. Jawa Timur,64483,-7,112,10,0,2,2,2,0,2,3,3,3,9,9,1,0,0,0,0,0,0,0,0,0,0,0,0,0,39,52,66,39,45,44,0,0,0,0,0,0,0,0,19,18,1,285,150,135,12,12,1,1,2,2,0,0,1,1,1,1,1,1,1,1,4,4,1,1,0,0,1,1,1,1,1,1,1,1,1,1,,,,,,,,,,,,,,,,,,
051406,SMP PGRI 2 TANJUNGANOM,https://dapo.kemdikbud.go.id/sekolah/6F4DF0863A91CD31888B,http://sekolah.data.kemdikbud.go.id/index.php/chome/profil/507a4cba-8c18-e111-9d21-d91f39fa9d00,02 Mar 2023 10:30:10,C,Kurikulum 2013,20538304,Swasta,SMP,Yayasan,19768/I04.7.4/1987,1987-11-09,188/8036/411.201/2010,2010-07-01,Tidak ada,BPD JAWA TIMUR...,BPD JAWA TIMUR CABANG NGANJUK...,SMPPGRI2TANJUNGANOM...,Bersedia Menerima,Pagi,Belum Bersertifikat,PLN,900,Tidak Ada,Jalan Raya Malangsari,0 / 0,Malangsari,Malangsari,Kec. Tanjunganom,Kab. Nganjuk,Prov. Jawa Timur,64483,-7,111,3,0,1,1,1,0,1,1,1,1,2,4,0,0,0,0,0,0,0,0,0,0,0,0,0,0,6,2,10,1,3,0,0,0,0,0,0,0,0,0,11,6,0,22,19,3,4,4,1,1,1,1,0,0,0,0,1,1,0,0,0,0,4,4,0,0,0,0,0,0,0,0,0,0,0,0,1,1,,,,,,,,,,,,,,,,,,
051406,SMP Plus Raden Syahid,https://dapo.kemdikbud.go.id/sekolah/6FB0F181D1089518E87B,http://sekolah.data.kemdikbud.go.id/index.php/chome/profil/31659a36-12e4-4e5c-b105-196eeb2fae4f,02 Mar 2023 07:53:13,,Kurikulum 2013,70030104,Swasta,SMP,Yayasan,420/209/411.301/2022,2022-02-04,188/006/411.301/2022,2022-02-04,Tidak ada,,,,Bersedia Menerima,Pagi,Belum Bersertifikat,PLN,1200,Tidak Ada,"Dusun Kurunglor , Desa Kampungbaru , Kec.Tanjunganom",/,,Kampungbaru,Kec. Tanjunganom,Kab. Nganjuk,Prov. Jawa Timur,,0,0,1,0,1,0,0,0,0,0,0,0,0,1,0,1,0,0,0,0,0,0,0,0,0,0,0,0,2,9,0,0,0,0,0,0,0,0,0,0,0,0,2,1,1,11,2,9,1,1,0,0,0,0,0,0,0,0,1,1,0,0,0,0,1,3,0,0,0,0,0,0,0,0,0,0,0,0,0,3,,,,,,,,,,,,,,,,,,
051406,SMP POMOSDA,https://dapo.kemdikbud.go.id/sekolah/CF055E94490EABBA9FEE,http://sekolah.data.kemdikbud.go.id/index.php/chome/profil/300303ba-8c18-e111-bb0d-29ba47f5aae7,24 Mar 2023 21:28:05,A,Kurikulum 2013,20547271,Swasta,SMP,Yayasan,188/3364/411.405/2007,2007-03-29,420/5274/411.301/2018,2018-08-31,Tidak ada,BANK JATIM,TANJUNGANOM,SMP POMOSDA TANJUNGAOM,Bersedia Menerima,Pagi,Belum Bersertifikat,PLN & Diesel,23000,Telkom Astinet,Jl. KH. Wachid Hasyim No 304,2 / 3,TANJUNGANOM,Tanjung Anom,Kec. Tanjunganom,Kab. Nganjuk,Prov. Jawa Timur,64483,-7,112,13,0,2,3,3,0,2,2,2,2,9,15,2,0,0,0,0,0,0,0,0,0,0,0,0,0,67,59,78,69,56,46,0,0,0,0,0,0,0,0,10,24,2,375,201,174,13,13,1,1,3,3,1,1,2,2,1,1,1,1,2,2,5,5,1,1,0,0,1,1,2,2,2,2,1,1,2,2,,,,,,,,,,,,,,,,,,
051406,SMAN 1 TANJUNGANOM,https://dapo.kemdikbud.go.id/sekolah/E8B9DE487071B8D36E2B,http://sekolah.data.kemdikbud.go.id/index.php/chome/profil/8484571a-9074-4eed-865d-60e687288487,24 Mar 2023 13:26:40,A,Kurikulum 2013,20538325,Negeri,SMA,Pemerintah Daerah,0298/O/1982,1982-10-09,175/I04.2.2/E5.84,1984-02-01,Tidak ada,BPD JAWA TIMUR...,BPD JAWA TIMUR CABANG KEDIRI...,BOSSMANITANJUNGANOM...,Bersedia Menerima,Sehari penuh (5 h/m),Belum Bersertifikat,PLN,37000,Telkom Speedy,JL. PANGLIMA SUDIRMAN 84,2 / 1,Lingk. Jetis,Warujayeng,Kec. Tanjunganom,Kab. Nganjuk,Prov. Jawa Timur,64483,-7,112,30,0,7,5,6,2,3,3,5,3,30,36,13,3,0,0,0,0,0,0,0,0,0,0,0,0,0,0,0,0,0,0,125,233,137,215,116,236,0,0,80,66,16,1062,378,684,29,29,1,1,8,8,0,0,1,1,1,1,2,2,1,1,8,8,1,1,0,0,5,5,1,1,1,1,1,1,21,22,,,,,,,,,,,,,,,,,,
051406,SMAS MUHAMMADIYAH 3 TANJUNGANOM,https://dapo.kemdikbud.go.id/sekolah/F34D9F52B1C0DD08267A,http://sekolah.data.kemdikbud.go.id/index.php/chome/profil/0269de86-1211-4cf0-8892-0e814333aeb4,16 Mar 2023 08:20:19,C,Kurikulum 2013,20538320,Swasta,SMA,Yayasan,285/I.O/A/2010,2010-06-19,19.03/1170/01/VIII/2020,2020-06-24,Tidak ada,BPD JAWA TIMUR...,BPD JAWA TIMUR CABANG TANJUNGANOM...,SMAMUHAMMADIYAH3TANJUNGANOM...,Bersedia Menerima,Sehari penuh (5 h/m),Belum Bersertifikat,PLN,1299,Telkom Speedy,JL. RAYA KEDIRI WARUJAYENG,0 / 0,LINGK. WARUJAYENG,Warujayeng,Kec. Tanjunganom,Kab. Nganjuk,Prov. Jawa Timur,64483,-7,112,6,0,1,1,1,1,1,1,1,0,4,8,0,1,0,0,0,0,0,0,0,0,0,0,0,0,0,0,0,0,0,0,29,16,28,22,30,11,0,0,29,12,1,136,87,49,4,4,0,0,3,3,0,0,1,1,1,1,0,0,0,0,2,2,0,0,0,0,0,0,0,0,0,0,0,0,5,5,,,,,,,,,,,,,,,,,,
051406,SMAS POMOSDA TANJUNGANOM,https://dapo.kemdikbud.go.id/sekolah/26D7195A0CEA434C3772,http://sekolah.data.kemdikbud.go.id/index.php/chome/profil/e0cf98a5-cb01-4488-a60e-ec370afbb896,17 Mar 2023 12:50:38,A,Kurikulum 2013,20536949,Swasta,SMA,Yayasan,309/I04.7.4/2000,2000-07-19,19.03/1127/01/VII/2020,2020-07-06,Tidak ada,BPD JAWA TIMUR...,BPD JAWA TIMUR CABANG  TANJUNGANOM...,SMAPOMOSDATANJUNGANOM...,Bersedia Menerima,Sehari penuh (5 h/m),Belum Bersertifikat,PLN,45000,Telkom Astinet,JL. KH. WACHID HASYIM 312,2 / 3,Tanjung,Tanjung Anom,Kec. Tanjunganom,Kab. Nganjuk,Prov. Jawa Timur,64483,-7,112,11,0,6,2,2,2,1,1,2,2,16,13,4,4,0,0,0,0,0,0,0,0,0,0,0,0,0,0,0,0,0,0,43,57,64,58,56,53,0,0,14,29,8,331,163,168,12,12,1,1,5,5,0,0,1,1,2,2,1,1,2,2,65,11,2,2,1,1,2,2,1,1,1,1,1,1,8,8,,,,,,,,,,,,,,,,,,
051406,SMKN 1 TANJUNGANOM,https://dapo.kemdikbud.go.id/sekolah/241EDE60CD8F0C99A35A,http://sekolah.data.kemdikbud.go.id/index.php/chome/profil/bb305b6d-71fc-4dcf-9d21-b94d2c9d95cc,18 Mar 2023 21:03:01,A,Kurikulum 2013,20571770,Negeri,SMK,Pemerintah Daerah,188/18/K/411.013/2013,2011-01-11,188/18/K/411.013/2013,2011-01-11,Tidak ada,BPD JAWA TIMUR...,BPD JAWA TIMUR CABANG NGANJUK...,BOSSMKNITANJUNGANOM...,Bersedia Menerima,Sehari penuh (5 h/m),Belum Bersertifikat,PLN,62000,Tidak Ada,JL. KARTINI NO. 1 WARUJAYENG - TANJUNGANOM,0 / 0,GAMBIREJO,Warujayeng,Kec. Tanjunganom,Kab. Nganjuk,Prov. Jawa Timur,64483,-7,112,36,0,6,5,6,0,2,2,5,0,42,34,18,5,0,0,0,0,0,0,0,0,0,0,0,0,0,0,0,0,0,0,239,189,240,181,235,180,0,0,40,76,23,1264,714,550,26,26,1,1,6,6,0,0,1,1,1,1,1,1,1,1,35,35,1,1,0,0,1,1,5,5,2,2,1,1,39,46,,,,,,,,,,,,,,,,,,
051406,SMK ISLAM AL-FATTAH TANJUNGANOM,https://dapo.kemdikbud.go.id/sekolah/4937C204F68D030C3090,http://sekolah.data.kemdikbud.go.id/index.php/chome/profil/b147eeae-8eb0-46bd-86c9-dc0e6fd5b6c3,07 Mar 2023 10:54:12,,Kurikulum 2013,70003593,Swasta,SMK,Yayasan,19.06/97/01/I/2020,2020-01-09,112/18.05/02/IV/2022,2020-01-09,Tidak ada,nama_bank,cabang,rek_atas_nama,Bersedia Menerima,Pagi,Belum Bersertifikat,PLN & Diesel,0,Lainnya (Wavelan),JL. WACHID HASYIM NO. 03,1 / 1,PULE,Tanjung Anom,Kec. Tanjunganom,Kab. Nganjuk,Prov. Jawa Timur,64483,-7,112,3,0,1,1,1,1,1,1,1,1,1,0,0,0,0,0,0,0,0,0,0,0,0,0,0,0,0,0,0,0,0,0,12,17,9,7,13,10,0,0,6,1,0,68,34,34,3,3,1,1,1,1,0,0,1,1,1,1,0,0,0,0,2,2,0,0,0,0,0,0,0,0,0,0,0,0,1,1,,,,,,,,,,,,,,,,,,
051406,SMK ISLAM MIFTAHUL ULUM,https://dapo.kemdikbud.go.id/sekolah/99A9D0F447B3CBA2F830,http://sekolah.data.kemdikbud.go.id/index.php/chome/profil/0fff8b1c-b175-4f0a-8334-90b17f7a8587,31 Jan 2023 22:35:29,B,Kurikulum 2013,69965592,Swasta,SMK,Yayasan,188.4/2087/101.3/2017,2017-04-03,19.08/2068/02/III/2021,2021-03-30,Tidak ada,JATIM,CAPEN TANJUNGANOM,SMK ISLAM MIFTAHUL ULUM,Bersedia Menerima,Siang,Belum Bersertifikat,PLN,900,Telkom Speedy,Jl. Polosoro RT.06 / RW.05,6 / 5,Krajan Utara,Kampungbaru,Kec. Tanjunganom,Kab. Nganjuk,Prov. Jawa Timur,64483,-7,112,3,0,1,1,1,0,2,1,1,0,2,5,1,0,0,0,0,0,0,0,0,0,0,0,0,0,0,0,0,0,0,0,10,13,12,11,16,8,0,0,5,7,1,70,38,32,3,3,1,1,1,1,0,0,1,1,1,1,0,0,0,0,4,4,0,0,0,0,0,0,0,0,0,0,0,0,1,1,,,,,,,,,,,,,,,,,,
051406,SMK PGRI 1 TANJUNGANOM,https://dapo.kemdikbud.go.id/sekolah/AFB78F3414BF8097B770,http://sekolah.data.kemdikbud.go.id/index.php/chome/profil/91e0bc5c-ad71-451c-ac19-194cc3e77bb0,23 Mar 2023 22:47:35,C,Kurikulum 2013,69894475,Swasta,SMK,Yayasan,13,2013-02-25,435/18.05/02/IX/2022,2022-09-06,Tidak ada,Jawa Timur,Tanjunganom,SMK PGRI 1 Tanjunganom,Bersedia Menerima,Pagi,Belum Bersertifikat,PLN,900,Tidak Ada,JALAN RAYA MALANGSARI,0 / 0,Malangsari,Malangsari,Kec. Tanjunganom,Kab. Nganjuk,Prov. Jawa Timur,64483,-7,111,3,0,1,1,1,0,1,1,1,0,1,1,1,0,0,0,0,0,0,0,0,0,0,0,0,0,0,0,0,0,0,0,4,0,8,3,4,0,0,0,10,2,1,19,16,3,3,3,1,1,1,1,0,0,1,1,1,1,0,0,0,0,4,4,0,0,0,0,0,0,0,0,0,0,0,0,1,1,,,,,,,,,,,,,,,,,,
051406,SMK PLUS RADEN SYAHID TANJUNGANOM,https://dapo.kemdikbud.go.id/sekolah/EBE79879CA4B25697AF4,http://sekolah.data.kemdikbud.go.id/index.php/chome/profil/fd50dafd-0ba3-4abb-b043-07ec99653afb,29 Jan 2023 20:39:55,C,Kurikulum 2013,69979533,Swasta,SMK,Yayasan,P2T/61/19.06/01/VII/2018,2018-07-24,P2T/61/19.07/01/VII/2018,2018-07-24,Tidak ada,BPD JATIM,Tanjunganom,SMK PLUS RADEN SYAHID,Bersedia Menerima,Pagi,Proses Sertifikasi,PLN,4400,Telkom Speedy,Kurung Lor,2 / 12,Kurung Lor,Kampungbaru,Kec. Tanjunganom,Kab. Nganjuk,Prov. Jawa Timur,64483,-7,112,5,0,0,0,0,0,0,0,2,0,3,3,0,1,0,0,0,0,0,0,0,0,0,0,0,0,0,0,0,0,0,0,11,13,17,9,24,0,0,0,5,6,1,74,52,22,5,5,0,0,1,1,0,0,0,0,1,1,0,0,0,0,1,2,0,0,0,0,0,0,0,0,0,0,0,0,1,1,,,,,,,,,,,,,,,,,,
051406,SMKS INTENSIF BAITUSSALAM TANJUNGANOM,https://dapo.kemdikbud.go.id/sekolah/294B58B79C730DD1D5B5,http://sekolah.data.kemdikbud.go.id/index.php/chome/profil/14cb00b7-0213-4f3e-beb7-95f7e0b583a1,27 Mar 2023 12:56:50,B,Kurikulum 2013,69727423,Swasta,SMK,Yayasan,2,2011-02-01,275/18.5/02/XII/2021,2021-12-15,Tidak ada,BPD JAWA TIMUR...,BPD JAWA TIMUR CABANG NGANJUK...,SMKINTENSIFBAITUSSALAM...,Bersedia Menerima,Pagi,Belum Bersertifikat,PLN,16500,Telkom Speedy,JL. LESMONO TANJUNGANOM,3 / 2,Putuk,Kampungbaru,Kec. Tanjunganom,Kab. Nganjuk,Prov. Jawa Timur,64482,-7,112,15,0,2,2,4,0,3,2,8,0,15,9,2,1,0,0,0,0,0,0,0,0,0,0,0,0,0,0,0,0,0,0,112,32,103,26,102,32,0,0,18,24,3,407,317,90,16,16,1,1,2,2,0,0,1,1,1,1,1,1,1,1,5,5,1,1,0,0,0,0,1,1,1,1,1,1,1,1,,,,,,,,,,,,,,,,,,
051406,SMKS KESEHATAN DHERMAJAYA TANJUNGANOM,https://dapo.kemdikbud.go.id/sekolah/98BD43153A739EA6FCC5,http://sekolah.data.kemdikbud.go.id/index.php/chome/profil/2dcf9658-a4e2-4980-8692-c7651e932ac8,15 Feb 2023 11:09:07,C,Kurikulum 2013,69775813,Swasta,SMK,Yayasan,421.5/6140/411.201.4/2013,2013-09-06,335/18.05/02/VIII/2022,2022-08-15,Tidak ada,BANK JATIM,TANJUNGANOM,SMK KESEHATAN DHERMAJAYA,Bersedia Menerima,Pagi,Belum Bersertifikat,PLN,2200,Telkomsel Flash,Dsn. Bendungan Ds. Kedungrejo Kec. Tanjunganom,1 / 6,Bendungan,Kedungrejo,Kec. Tanjunganom,Kab. Nganjuk,Prov. Jawa Timur,64483,-7,111,6,0,1,1,1,0,0,1,1,0,4,7,2,1,0,0,0,0,0,0,0,0,0,0,0,0,0,0,0,0,0,0,3,10,0,7,2,14,0,0,3,11,3,36,5,31,6,6,1,1,1,1,0,0,1,1,1,1,0,0,0,0,2,2,1,1,0,0,0,0,1,1,1,1,0,0,1,1,,,,,,,,,,,,,,,,,,
051406,SMKS PSM WARUJAYENG NGANJUK,https://dapo.kemdikbud.go.id/sekolah/4FE32E62BF1AE3AAB6A4,http://sekolah.data.kemdikbud.go.id/index.php/chome/profil/b4d8ad7e-8b80-4fd3-b804-83738950568f,10 Feb 2023 01:56:09,B,Kurikulum 2013,20538351,Swasta,SMK,Yayasan,155/K.1735/104.2/13.80/80,1972-02-02,597/18.05/02/XI/2022,2022-11-10,Tidak ada,BPD JAWA TIMUR...,BPD JAWA TIMUR CABANG  TANJUNGANOM...,SMKPSMWARUJAYENG...,Bersedia Menerima,Pagi,Belum Bersertifikat,PLN,24000,Indosat IM3,JL. KH. WACHID HASYIM NO. 267,2 / 3,Tanjung,Tanjung Anom,Kec. Tanjunganom,Kab. Nganjuk,Prov. Jawa Timur,64483,-7,112,9,0,2,2,3,0,0,2,1,0,11,11,4,4,0,0,0,0,0,0,0,0,0,0,0,0,0,0,0,0,0,0,15,30,19,34,25,44,0,0,10,22,8,167,59,108,15,15,1,1,2,2,0,0,1,1,1,1,1,1,1,1,8,8,2,2,0,0,0,0,1,1,1,1,1,1,2,2,,,,,,,,,,,,,,,,,,
051406,PKBM HARAPAN JAYA,https://dapo.kemdikbud.go.id/sekolah/C13590243F29A92E9B7F,http://sekolah.data.kemdikbud.go.id/index.php/chome/profil/302f00df-8900-4515-b109-c89839de021b,08 Mar 2023 14:20:45,B,Kurikulum 2013,P9945744,Swasta,PKBM,Yayasan,145/15/411.513.04/2008,2008-07-10,421.9/893/411.301.4/2021,2021-03-22,Tidak ada,BPD JAWA TIMUR,CABANG NGANJUK,P9945744 PKBM HARAPAN JAYA,Bersedia Menerima,Sore,Belum Bersertifikat,PLN,900,Lainnya (Serat Optik),DESA WATES,6 / 1,WATES,Wates,Kec. Tanjunganom,Kab. Nganjuk,Prov. Jawa Timur,64483,-7,111,7,0,2,1,1,1,2,1,3,2,4,1,0,0,0,0,0,0,0,0,0,0,0,0,0,0,0,0,0,0,0,0,0,0,0,0,0,0,0,0,10,5,0,138,90,48,6,6,1,1,0,0,0,0,1,1,0,0,0,0,0,0,2,2,1,1,0,0,0,0,0,0,0,0,0,0,1,1,,,,,,,,,,,,,,,,,,
051406,SLBN SAMBIREJO,https://dapo.kemdikbud.go.id/sekolah/4E52D6DECD7B8F6A1EF1,http://sekolah.data.kemdikbud.go.id/index.php/chome/profil/00e7b7b5-8c18-e111-8256-7f4ce7d38948,14 Mar 2023 19:50:29,B,Kurikulum 2013,20514050,Negeri,SLB,Pemerintah Daerah,,1993-12-31,,1910-01-01,"A,B,C,C1,D1,E,F,K",BANK JATIM,Nganjuk,SLBN SAMBIREJO,Bersedia Menerima,Pagi,Belum Bersertifikat,PLN,1300,Telkomsel Flash,"Jl.Raya Surabaya-Madiun No.05, Ds. Sambirejo, Kec.Tanjunganom, Kab.Nganjuk",7 / 4,Ngrajek,Sambirejo,Kec. Tanjunganom,Kab. Nganjuk,Prov. Jawa Timur,64483,-7,111,12,12,0,0,1,0,0,1,0,1,4,8,2,0,4,1,1,1,1,3,2,4,0,3,3,2,0,3,0,1,2,1,1,3,0,0,0,0,0,0,4,12,2,36,14,22,6,6,1,1,1,1,1,1,1,1,1,1,1,1,1,1,4,4,1,1,0,0,0,0,0,0,0,0,0,0,1,1,,,,,,,,,,,,,,,,,,
051406,SLB Krida Utama 1 Tanjunganom,https://dapo.kemdikbud.go.id/sekolah/BC91CB184A3E5B87183B,http://sekolah.data.kemdikbud.go.id/index.php/chome/profil/acad33ad-6933-41f7-93b2-57abe8b4995a,17 Feb 2023 11:48:20,B,Kurikulum 2013,20539809,Swasta,SLB,Yayasan,AHU-0022985.AH.01.04.Tahun 2015,2015-11-13,19.14/243/VII/II/2020,2020-07-30,Lainnya,BPD JAWA TIMUR...,BPD JAWA TIMUR CABANG NGANJUK...,SMALBKRIDAUTAMATANJUNGANOM...,Bersedia Menerima,Sehari penuh (5 h/m),Belum Bersertifikat,PLN,1300,Tidak Ada,"Jl. Raya Kediri-Warujayeng, Ds. Kampungbaru, Kec. Tanjunganom, Kab. Nganjuk",2 / 1,Kampungbaru,Kampungbaru,Kec. Tanjunganom,Kab. Nganjuk,Prov. Jawa Timur,64483,-7,112,12,11,0,0,1,0,0,0,4,0,4,8,3,0,7,4,4,3,4,5,7,8,7,2,5,4,9,8,6,1,7,1,7,3,10,0,3,3,0,0,6,12,3,118,76,42,12,12,1,1,0,0,0,0,1,1,1,1,0,0,0,0,2,2,1,1,0,0,0,0,1,1,0,0,0,0,1,6,,,,,,,,,,,,,,,,,,
051406,SMALB AL IKSHAN II TANJUNGANOM,https://dapo.kemdikbud.go.id/sekolah/AFB4E074C9906A5F814D,http://sekolah.data.kemdikbud.go.id/index.php/chome/profil/8bce9989-b927-4b8d-bac3-4d55f19dd24a,26 Mar 2023 07:14:51,C,Kurikulum 2013,69904837,Swasta,SLB,Yayasan,420.5/45.34.4/411/201/2015,2015-07-10,37/18.09.12/02/XI/2021,2021-11-26,"B, C",BPD JAWA TIMUR...,BPD JAWA TIMUR CABANG  TANJUNGANOM...,SMALBALIKHSAN2...,Bersedia Menerima,Sehari penuh (5 h/m),Belum Bersertifikat,PLN,900,Telkomsel Flash,"DESA SAMBIREJO, KEC. TANJUNGANOM, NGANJUK",1 / 1,SAMBIREJO,Sambirejo,Kec. Tanjunganom,Kab. Nganjuk,Prov. Jawa Timur,64483,-7,111,3,3,0,1,1,0,0,1,0,1,2,2,0,1,0,0,0,0,0,0,0,0,0,0,0,0,0,0,0,0,0,0,1,2,2,3,3,2,0,0,11,4,1,13,6,7,3,3,1,1,0,0,0,0,1,1,1,1,1,1,0,0,1,1,1,1,1,1,0,0,0,0,2,2,0,0,1,1,,,,,,,,,,,,,,,,,,
051406,SMPLB AL IKHSAN II,https://dapo.kemdikbud.go.id/sekolah/5CBC1240D8300308CB36,http://sekolah.data.kemdikbud.go.id/index.php/chome/profil/9eb390ad-4a4c-4aa5-ae39-b722679f52fc,03 Mar 2023 08:56:15,C,Kurikulum 2013,69902937,Swasta,SLB,Yayasan,420.5/4533.a/411.201/2015,2015-07-10,31/18.09.12/02/XI/2021,2021-11-25,"A,B,C,C1",BPD JAWA TIMUR...,BPD JAWA TIMUR CABANG NGANJUK...,SMPLBALIKHSANII...,Bersedia Menerima,Sehari penuh (5 h/m),Belum Bersertifikat,PLN,900,Telkomsel Flash,"DESA SAMBIREJO, KEC. TANJUNGANOM",0 / 0,SAMBIREJO,Sambirejo,Kec. Tanjunganom,Kab. Nganjuk,Prov. Jawa Timur,64483,-7,112,3,3,0,0,0,0,0,0,0,3,1,2,0,0,0,0,0,0,0,0,0,0,0,0,0,0,5,2,1,0,2,0,0,0,0,0,0,0,0,0,8,3,0,10,8,2,3,3,0,0,0,0,0,0,1,1,1,1,1,1,0,0,2,2,1,1,1,1,0,0,0,0,1,1,0,0,1,1,,,,,,,,,,,,,,,,,,
