kode_kec,nama,link_dapo,link_sekolah_kita,last_sync,akreditasi,kurikulum,npsn,status,bentuk_pendidikan,status_kepemilikan,sk_pendirian_sekolah,tanggal_sk_pendirian,sk_izin_operasional,tanggal_sk_izin_operasional,kebutuhan_khusus_dilayani,nama_bank,cabang_kcp/unit,rekening_atas_nama,status_bos,waku_penyelenggaraan,sertifikasi_iso,sumber_listrik,daya_listrik,akses_internet,alamat,rt_/_rw,dusun,desa_/_kelurahan,kecamatan,kabupaten,provinsi,kode_pos,lintang,bujur,rombel,guru_kelas,guru_matematika,guru_bahasa_indonesia,guru_bahasa_inggris,guru_sejarah_indonesia,guru_pkn,guru_penjaskes,guru_agama_budi_pekerti,guru_seni_budaya,ptk_laki,ptk_perempuan,pegawai_laki,pegawai_perempuan,pd_kelas_1_laki,pd_kelas_1_perempuan,pd_kelas_2_laki,pd_kelas_2_perempuan,pd_kelas_3_laki,pd_kelas_3_perempuan,pd_kelas_4_laki,pd_kelas_4_perempuan,pd_kelas_5_laki,pd_kelas_5_perempuan,pd_kelas_6_laki,pd_kelas_6_perempuan,pd_kelas_7_laki,pd_kelas_7_perempuan,pd_kelas_8_laki,pd_kelas_8_perempuan,pd_kelas_9_laki,pd_kelas_9_perempuan,pd_kelas_10_laki,pd_kelas_10_perempuan,pd_kelas_11_laki,pd_kelas_11_perempuan,pd_kelas_12_laki,pd_kelas_12_perempuan,pd_kelas_13_laki,pd_kelas_13_perempuan,jumlah_kirim,ptk,pegawai,pd,pd_laki,pd_perempuan,before_ruang_kelas,after_ruang_kelas,before_ruang_perpus,after_ruang_perpus,before_ruang_lab,after_ruang_lab,before_ruang_praktik,after_ruang_praktik,before_ruang_pimpinan,after_ruang_pimpinan,before_ruang_guru,after_ruang_guru,before_ruang_ibadah,after_ruang_ibadah,before_ruang_uks,after_ruang_uks,before_toilet,after_toilet,before_gudang,after_gudang,before_ruang_sirkulasi,after_ruang_sirkulasi,before_tempat_bermain_olahraga,after_tempat_bermain_olahraga,before_ruang_tu,after_ruang_tu,before_ruang_konseling,after_ruang_konseling,before_ruang_osis,after_ruang_osis,before_bangunan,after_bangunan,identitas_valid,ptk_valid,pd_valid,prasarana_valid,total_valid,sekolah_id,semester_id,sumber_air,sumber_air_minum,kecukupan_air_bersih,jamban_kk,tipe_jamban,jml_hari_cuci_tangan,jml_wastafel,jml_wastafel_rusak,air_mengalir_wastafel,memiliki_drainase,menguras_tangki_septik
130912,TK CAHAYA KASIH,https://dapo.kemdikbud.go.id/sekolah/798973C810B4AFCBD736,http://sekolah.data.kemdikbud.go.id/index.php/chome/profil/627667ea-88a2-4ce7-b23b-d625b15dcf69,28 Mar 2023 15:28:03,,Kurikulum 2013,70030250,Swasta,TK,Lainnya,420/001/TK/DS-KA/09/2021,2021-01-08,503/002/DPMPTSPTK-IOSP/2022,2022-02-08,Tidak ada,BPD KALIMANTAN BARAT,Ngabang,70030250 TK CAHAYA KASIH,Bersedia Menerima,Sehari penuh (5 h/m),Belum Bersertifikat,Tidak Ada,0,Tidak Ada,"Dusun Munggu Lumut, Desa Kayu Ara Kec. Jelimpo",6 / 3,MUNGGU LUMUT,Jelimpo,Kec. Jelimpo,Kab. Landak,Prov. Kalimantan Barat,79357,0,0,2,2,0,0,0,0,0,0,0,0,0,2,0,1,0,0,0,0,0,0,0,0,0,0,0,0,0,0,0,0,0,0,0,0,0,0,0,0,0,0,4,2,1,10,4,6,3,4,0,0,0,0,0,0,0,0,0,0,0,0,0,0,0,0,0,0,0,0,0,0,0,0,0,0,0,0,0,1,,,,,,,,,,,,,,,,,,
130912,TK SOLAFIDE,https://dapo.kemdikbud.go.id/sekolah/3DA287865108201D79B5,http://sekolah.data.kemdikbud.go.id/index.php/chome/profil/d38ef0af-d1f3-4cbf-8daa-84418be7f225,17 Sep 2022 09:39:12,,Kurikulum 2013,70011914,Swasta,TK,Yayasan,38,2020-12-14,202101-1315-2326-8098-219,2021-06-25,Tidak ada,BPD KALIMANTAN BARAT,BANK KALBAR CABANG NGABANG,70011914 TK SOLAFIDE,,,,,,,Dusun Tabik RT 004 RW 004,/,,Jelimpo,Kec. Jelimpo,Kab. Landak,Prov. Kalimantan Barat,,0,0,0,0,0,0,0,0,0,0,0,0,0,1,1,0,0,0,0,0,0,0,0,0,0,0,0,0,0,0,0,0,0,0,0,0,0,0,0,0,0,0,0,1,1,0,0,0,1,0,0,0,0,0,0,0,1,0,1,0,0,0,0,0,1,0,0,0,0,0,0,0,0,0,0,0,0,0,1,1,,,,,,,,,,,,,,,,,,
130912,TK TAMAN SEMINARI MATER DEI,https://dapo.kemdikbud.go.id/sekolah/CEE29F051B3635625A72,http://sekolah.data.kemdikbud.go.id/index.php/chome/profil/524def70-0daf-4161-b2aa-e5948a3fef7f,30 Jan 2023 11:54:48,,Kurikulum 2013,70002698,Swasta,TK,Lainnya,01/P.TSMD/VII/2019,2019-07-15,220109622855,2020-07-03,Tidak ada,BPD KALIMANTAN BARAT,BANK KALBAR CABANG NGABANG,70002698 TK TS MATER DEI,Bersedia Menerima,Pagi,Belum Bersertifikat,Tidak Ada,0,Telkomsel Flash,Dusun Temahar Desa Temaha,2 / 1,TEMAHAR,Temahar,Kec. Jelimpo,Kab. Landak,Prov. Kalimantan Barat,79357,0,0,2,2,0,0,0,0,0,0,0,0,1,0,0,1,0,0,0,0,0,0,0,0,0,0,0,0,0,0,0,0,0,0,0,0,0,0,0,0,0,0,2,1,1,18,11,7,2,2,0,0,0,0,0,0,0,0,1,1,0,0,0,0,3,3,0,0,0,0,0,0,0,0,0,0,0,0,1,1,,,,,,,,,,,,,,,,,,
130912,KB ANUGERAH,https://dapo.kemdikbud.go.id/sekolah/5C69D39C58B10D18FB5E,http://sekolah.data.kemdikbud.go.id/index.php/chome/profil/81675c0a-3a33-4d79-8824-951a4a9747e8,01 Feb 2023 10:27:00,,Kurikulum 2013,69850407,Swasta,KB,Lainnya,34 Tahun 2012,2012-04-19,421.9/032/PAUDNI/2017,2017-03-14,Tidak ada,BPD KALIMANTAN BARAT,BANK KALBAR CABANG NGABANG,69850407 KB ANUGERAH,Bersedia Menerima,Sehari penuh (5 h/m),Belum Bersertifikat,PLN,0,Tidak Ada,Dusun Jelimpo Desa Jelimpo Kecamatan Jelimpo,1 / 1,JELIMPO,Jelimpo,Kec. Jelimpo,Kab. Landak,Prov. Kalimantan Barat,78357,0,0,1,2,0,0,0,0,0,0,0,0,0,1,0,0,0,0,0,0,0,0,0,0,0,0,0,0,0,0,0,0,0,0,0,0,0,0,0,0,0,0,2,1,0,23,16,7,2,2,0,0,0,0,0,0,0,0,0,0,0,0,0,0,1,1,0,0,0,0,0,0,0,0,0,0,0,0,1,1,,,,,,,,,,,,,,,,,,
130912,KB FAMILY LIMAU,https://dapo.kemdikbud.go.id/sekolah/36BA067FCA147F835CAB,http://sekolah.data.kemdikbud.go.id/index.php/chome/profil/2c16de4e-a136-4b48-b69e-7005ae5a14d2,22 Feb 2023 11:11:34,,Kurikulum 2013,69965495,Swasta,KB,Lainnya,421.9/171.d/PAUDNI/2016,2016-11-03,421.9/171.d/PAUDNI/2016,2016-11-03,Tidak ada,BPD KALIMANTAN BARAT,BANK KALBAR CABANG NGABANG,69965495 KB FAMILY LIMAU,Bersedia Menerima,Sehari penuh (5 h/m),Belum Bersertifikat,PLN & Diesel,900,Tidak Ada,Dusun Asam Mareh Desa Nyiin Kecamatan Jelimpo,2 / 2,Dusun Limau,Nyiin,Kec. Jelimpo,Kab. Landak,Prov. Kalimantan Barat,79357,0,0,2,2,0,0,0,0,0,0,0,0,0,3,1,0,0,0,0,0,0,0,0,0,0,0,0,0,0,0,0,0,0,0,0,0,0,0,0,0,0,0,2,3,1,15,10,5,1,1,0,0,0,0,0,0,0,0,0,0,0,0,0,0,0,0,0,0,0,0,0,0,0,0,0,0,0,0,1,1,,,,,,,,,,,,,,,,,,
130912,KB TUNAS CAHAYA,https://dapo.kemdikbud.go.id/sekolah/4D84FA497D4C7F00C7D2,http://sekolah.data.kemdikbud.go.id/index.php/chome/profil/51427edf-2531-435f-a478-8efe4ecffa70,26 Feb 2023 22:32:58,,Kurikulum 2013,69965500,Swasta,KB,Lainnya,421.9/170/PAUDNI/2016,2016-10-26,421.9/170/PAUDNI/2016,2016-10-26,Tidak ada,BPD KALIMANTAN BARAT,BANK KALBAR CABANG NGABANG,69965500 KB TUNAS CAHAYA,Bersedia Menerima,Pagi,Belum Bersertifikat,Tidak Ada,0,Tidak Ada,Dusun Mimpin Desa Kayuara Kecamatan Jelimpo,4 / 2,MIMPIN,Kayu Ara,Kec. Jelimpo,Kab. Landak,Prov. Kalimantan Barat,79357,0,0,2,4,0,0,0,0,0,0,0,0,1,2,0,1,0,0,0,0,0,0,0,0,0,0,0,0,0,0,0,0,0,0,0,0,0,0,0,0,0,0,2,3,1,11,7,4,2,2,0,0,0,0,0,0,0,0,0,0,0,0,0,0,1,1,0,0,0,0,0,0,0,0,0,0,0,0,1,1,,,,,,,,,,,,,,,,,,
130912,PAUD ADONAI,https://dapo.kemdikbud.go.id/sekolah/92A027C4688CC9832686,http://sekolah.data.kemdikbud.go.id/index.php/chome/profil/c75fa296-949d-48c9-925f-a1ccffcf3499,26 Jan 2023 15:25:21,C,Kurikulum 2013,69933429,Swasta,KB,Lainnya,421.9 / 179 / PAUDNI / 20,2015-11-30,421.9 / 179 / PAUDNI / 20,2015-11-30,K - Kesulitan Belajar,BPD KALIMANTAN BARAT,BANK KALBAR CABANG NGABANG,69933429 PAUD ADONAI,Bersedia Menerima,Pagi,Belum Bersertifikat,Diesel,120,Telkomsel Flash,"Dusun Tanjung Petai, Desa Kersik Belantian, Kecamatan Jelimpo",2 / 5,Tanjung Petai,Kersik Belantian,Kec. Jelimpo,Kab. Landak,Prov. Kalimantan Barat,79364,-5,114,2,2,0,0,0,0,0,0,0,0,0,1,0,1,0,0,0,0,0,0,0,0,0,0,0,0,0,0,0,0,0,0,0,0,0,0,0,0,0,0,2,1,1,28,9,19,1,1,0,0,0,0,0,0,0,0,1,1,0,0,0,0,1,1,0,0,0,0,0,0,0,0,0,0,0,0,1,1,,,,,,,,,,,,,,,,,,
130912,PAUD ALFARO GRATIA,https://dapo.kemdikbud.go.id/sekolah/21E1F7E88C53D8DC484C,http://sekolah.data.kemdikbud.go.id/index.php/chome/profil/d67cb980-7db7-4f2d-96a8-4803bd90df29,14 Mar 2023 09:59:06,B,Kurikulum 2013,69902168,Swasta,KB,Lainnya,139 Tahun 2014,2014-09-30,139 Tahun 2014,2014-09-30,Tidak ada,BPD KALIMANTAN BARAT,BANK KALBAR CABANG NGABANG,69902168 PAUD ALFARO GRATIA,Bersedia Menerima,Sehari penuh (5 h/m),Belum Bersertifikat,PLN & Diesel,450,Tidak Ada,"Dusun Pagong, Desa Kersik Belantian, Kecamatan Jelimpo",8 / 5,Pagong,Kersik Belantian,Kec. Jelimpo,Kab. Landak,Prov. Kalimantan Barat,79357,0,0,2,2,0,0,0,0,0,0,0,0,0,1,1,0,0,0,0,0,0,0,0,0,0,0,0,0,0,0,0,0,0,0,0,0,0,0,0,0,0,0,2,1,1,24,12,12,3,3,1,1,0,0,0,0,1,1,0,0,0,0,0,0,0,0,0,0,0,0,0,0,0,0,0,0,0,0,1,1,,,,,,,,,,,,,,,,,,
130912,PAUD BUAH HATI,https://dapo.kemdikbud.go.id/sekolah/B828B04108133409D9B6,http://sekolah.data.kemdikbud.go.id/index.php/chome/profil/b7527719-c687-4543-b997-3d597bb03902,06 Feb 2023 08:28:29,,Kurikulum 2013,69953466,Swasta,KB,Lainnya,421.9 / 142 / PAUDNI / 2016,2016-09-07,421.9 / 142 / PAUDNI / 2016,2016-09-07,Tidak ada,BPD KALIMANTAN BARAT,BANK KALBAR CABANG NGABANG,69953466 PAUD BUAH HATI,Bersedia Menerima,Pagi,Belum Bersertifikat,Tidak Ada,0,Tidak Ada,"Dusun Laman Tongon, Desa Balai Peluntan, Kecamatan Jelimpo",9 / 2,Dusun Dara Itam II Laman Tongon,Balai Peluntan,Kec. Jelimpo,Kab. Landak,Prov. Kalimantan Barat,79357,0,0,2,1,0,0,0,0,0,0,0,0,0,1,0,0,0,0,0,0,0,0,0,0,0,0,0,0,0,0,0,0,0,0,0,0,0,0,0,0,0,0,2,1,0,51,23,28,2,2,0,0,0,0,0,0,0,0,0,0,0,0,0,0,2,2,0,0,0,0,0,0,0,0,0,0,0,0,1,1,,,,,,,,,,,,,,,,,,
130912,PAUD BUAH HATIKU SAYANG,https://dapo.kemdikbud.go.id/sekolah/86D86AB1C2673CA78FEE,http://sekolah.data.kemdikbud.go.id/index.php/chome/profil/3cdbfca4-93cc-4596-a8e1-bacdef48e77c,08 Mar 2023 13:04:47,,Kurikulum 2013,69916051,Swasta,KB,Lainnya,421.9 / 171 / PAUDNI / 20,2015-10-30,421.9 / 171/ PAUDNI / 201,2015-09-30,Tidak ada,BPD KALIMANTAN BARAT,BANK KALBAR CABANG NGABANG,69916051 PAUD BUAH HATIKU SYG,Bersedia Menerima,Pagi,Belum Bersertifikat,PLN,450,Telkomsel Flash,"Dusun Kase, Desa Jelimpo, Kecamatan Jelimpo",3 / 1,Dusun Kase,Jelimpo,Kec. Jelimpo,Kab. Landak,Prov. Kalimantan Barat,78357,0,0,2,2,0,0,0,0,0,0,0,0,0,1,0,0,0,0,0,0,0,0,0,0,0,0,0,0,0,0,0,0,0,0,0,0,0,0,0,0,0,0,5,1,0,23,10,13,3,3,0,0,0,0,0,0,0,0,1,1,0,0,0,0,1,1,0,0,0,0,0,0,0,0,0,0,0,0,1,1,,,,,,,,,,,,,,,,,,
130912,PAUD HATI CERIA,https://dapo.kemdikbud.go.id/sekolah/CE7CE3BCC97AFB75D2D9,http://sekolah.data.kemdikbud.go.id/index.php/chome/profil/cd1cb311-2c7f-4fcf-b814-fbc1498a2489,26 Feb 2023 22:48:14,,Kurikulum 2013,69947252,Swasta,KB,Lainnya,421.9 / 113 / PAUDNI / 20,2016-06-13,421.9 / 113 / PAUDNI / 20,2016-06-13,Tidak ada,BPD KALIMANTAN BARAT,BANK KALBAR CABANG NGABANG,69947252 PAUD HATI CERIA,Bersedia Menerima,Pagi,Belum Bersertifikat,Tidak Ada,0,Tidak Ada,"Dusun Asam Mareh, Desa Nyiin, Kecamatan Jelimpo",5 / 3,Asam Mareh,Nyiin,Kec. Jelimpo,Kab. Landak,Prov. Kalimantan Barat,79357,0,0,2,3,0,0,0,0,0,0,0,0,0,3,0,1,0,0,0,0,0,0,0,0,0,0,0,0,0,0,0,0,0,0,0,0,0,0,0,0,0,0,2,3,1,12,7,5,1,1,0,0,0,0,0,0,0,0,0,0,0,0,0,0,1,1,0,0,0,0,0,0,0,0,0,0,0,0,1,1,,,,,,,,,,,,,,,,,,
130912,PAUD HOLISTIK TUNAS MEKAR,https://dapo.kemdikbud.go.id/sekolah/8AF4D55F3674D37CBD13,http://sekolah.data.kemdikbud.go.id/index.php/chome/profil/09b78ac7-98be-4f0f-9885-c8d2883b8b2c,26 Feb 2023 23:07:32,,Kurikulum 2013,69916071,Swasta,KB,Lainnya,Nomor 97 Tahun 2014,2014-06-04,Nomor 97 Tahun 2014,2014-06-04,Tidak ada,BPD KALIMANTAN BARAT,BANK KALBAR CABANG NGABANG,69916071 PAUD H TUNAS MEKAR,Bersedia Menerima,Pagi,Belum Bersertifikat,PLN,900,Telkomsel Flash,"Dusun Pawis, Desa Pawis, Kecamatan Jelimpo",/,Pawis,Pawis Hilir,Kec. Jelimpo,Kab. Landak,Prov. Kalimantan Barat,78357,0,0,2,2,0,0,0,0,0,0,0,0,1,3,2,0,0,0,0,0,0,0,0,0,0,0,0,0,0,0,0,0,0,0,0,0,0,0,0,0,0,0,2,4,2,25,12,13,2,2,0,0,0,0,0,0,1,1,1,1,0,0,0,0,2,2,0,0,0,0,0,0,0,0,0,0,0,0,1,1,,,,,,,,,,,,,,,,,,
130912,PAUD IMANUEL,https://dapo.kemdikbud.go.id/sekolah/4407237326282E543F37,http://sekolah.data.kemdikbud.go.id/index.php/chome/profil/067603fc-3438-49e9-a48c-e1a333fa3a05,29 Jul 2022 16:22:00,C,Kurikulum 2013,69916049,Swasta,KB,Lainnya,421.9 / 165 / PAUDNI / 20,2015-10-19,421.9 / 165 / PAUDNI / 20,2015-10-19,Tidak ada,BPD KALIMANTAN BARAT,BANK KALBAR CABANG NGABANG,69916049 PAUD IMANUEL,,,,,,,"Dusun Palo Belantian, Desa Sekais, Kecamatan Jelimpo",6 / 3,Palo,Sekais,Kec. Jelimpo,Kab. Landak,Prov. Kalimantan Barat,78357,0,0,0,0,0,0,0,0,0,0,0,0,0,1,0,0,0,0,0,0,0,0,0,0,0,0,0,0,0,0,0,0,0,0,0,0,0,0,0,0,0,0,0,1,0,0,0,0,2,0,0,0,0,0,0,0,0,0,1,0,0,0,0,0,1,0,0,0,0,0,0,0,0,0,0,0,0,0,1,1,,,,,,,,,,,,,,,,,,
130912,PAUD INTAN PERMATA,https://dapo.kemdikbud.go.id/sekolah/6015FB3DB993B681D750,http://sekolah.data.kemdikbud.go.id/index.php/chome/profil/12d44fc9-4b66-48a2-a472-d1ead67f5cdb,26 Feb 2023 21:56:57,,Kurikulum 2013,69953468,Swasta,KB,Lainnya,421.9 / 078 / PAUDNI / 2016,2016-04-18,421.9 / 078 / PAUDNI / 2016,2016-04-18,Tidak ada,BPD KALIMANTAN BARAT,BANK KALBAR CABANG NGABANG,69953468 PAUD INTAN PERMATA,Bersedia Menerima,Pagi,Belum Bersertifikat,Tidak Ada,900,Tidak Ada,"Dusun Kayuara, Desa Kayuara, Kecamatan Jelimpo",1 / 2,kayuara,Kayu Ara,Kec. Jelimpo,Kab. Landak,Prov. Kalimantan Barat,79357,-5,114,2,2,0,0,0,0,0,0,0,0,0,2,1,0,0,0,0,0,0,0,0,0,0,0,0,0,0,0,0,0,0,0,0,0,0,0,0,0,0,0,2,2,1,15,8,7,2,2,0,0,0,0,0,0,0,0,1,1,0,0,0,0,1,1,0,0,0,0,0,0,0,0,0,0,0,0,1,1,,,,,,,,,,,,,,,,,,
130912,PAUD KASIH YOBEL,https://dapo.kemdikbud.go.id/sekolah/5D1CF1A69020BAB4C1B1,http://sekolah.data.kemdikbud.go.id/index.php/chome/profil/b0b0aab7-9b39-4bfb-9645-bb13e1818ba6,25 Feb 2023 01:10:17,C,Kurikulum 2013,69901557,Swasta,KB,Yayasan,01/K-YOBEL-JLP/2014,2014-11-01,421.9 / 137 / PAUDNI / 20,2015-09-08,Tidak ada,BPD KALIMANTAN BARAT,BANK KALBAR CABANG NGABANG,69901557 PAUD KASIH YOBEL,Bersedia Menerima,Sehari penuh (5 h/m),Belum Bersertifikat,Diesel,0,Tidak Ada,"Dusun Temahar, Desa Temahar, Kecamatan Jelimpo",2 / 1,TEMAHAR,Temahar,Kec. Jelimpo,Kab. Landak,Prov. Kalimantan Barat,79357,0,0,2,2,0,0,0,0,0,0,0,0,0,1,1,0,0,0,0,0,0,0,0,0,0,0,0,0,0,0,0,0,0,0,0,0,0,0,0,0,0,0,3,1,1,23,13,10,2,2,0,0,0,0,0,0,0,0,1,1,0,0,0,0,2,2,0,0,0,0,0,0,0,0,0,0,0,0,1,1,,,,,,,,,,,,,,,,,,
130912,PAUD KB KASIH AGAPE,https://dapo.kemdikbud.go.id/sekolah/FF52AB2B602B327EB735,http://sekolah.data.kemdikbud.go.id/index.php/chome/profil/36a2f218-c395-4042-b2fa-3d1fb7ed5da8,07 Feb 2023 11:01:07,,Kurikulum 2013,69901491,Swasta,KB,Lainnya,09 / K-Agape / 2014,2014-07-16,421.9/068/PAUDNI/2015,2015-04-07,Tidak ada,BPD KALIMANTAN BARAT,BANK KALBAR CABANG NGABANG,69901491 PAUD KB KASIH AGAPE,Bersedia Menerima,Pagi,Belum Bersertifikat,Tidak Ada,0,Tidak Ada,"Dusun Sebadok, Desa Temahar, Kecamatan Jelimpo",/,SEBADOK,Temahar,Kec. Jelimpo,Kab. Landak,Prov. Kalimantan Barat,79357,0,0,2,2,0,0,0,0,0,0,0,0,0,2,0,0,0,0,0,0,0,0,0,0,0,0,0,0,0,0,0,0,0,0,0,0,0,0,0,0,0,0,2,2,0,46,30,16,2,2,0,0,0,0,0,0,0,0,0,0,0,0,0,0,0,0,0,0,0,0,0,0,0,0,0,0,0,0,1,1,,,,,,,,,,,,,,,,,,
130912,PAUD KRISTEN MAKEDONIA,https://dapo.kemdikbud.go.id/sekolah/08FF652EF91E378971BB,http://sekolah.data.kemdikbud.go.id/index.php/chome/profil/64aa2e55-f0d9-4e7a-938e-2469733ee555,14 Aug 2022 13:11:51,,Kurikulum 2013,69935721,Swasta,KB,Yayasan,421.9 / 009 / PAUDNI / 20,2016-02-11,421.9 / 009 / PAUDNI / 20,2016-02-11,Tidak ada,BPD KALIMANTAN BARAT,BANK KALBAR CABANG NGABANG,69935721 PAUD KRIS MAKEDONIA,,,,,,,"Dusun Tubang Raeng, Desa Tubang Raeng, Kecamatan Jelimpo",4 / 1,Tubang Raeng,Tubang Raeng,Kec. Jelimpo,Kab. Landak,Prov. Kalimantan Barat,78357,0,0,0,0,0,0,0,0,0,0,0,0,0,1,0,1,0,0,0,0,0,0,0,0,0,0,0,0,0,0,0,0,0,0,0,0,0,0,0,0,0,0,0,1,1,0,0,0,2,0,0,0,0,0,0,0,0,0,0,0,0,0,0,0,2,0,0,0,0,0,0,0,0,0,0,0,0,0,1,1,,,,,,,,,,,,,,,,,,
130912,PAUD MARANATHA PELUNTAN,https://dapo.kemdikbud.go.id/sekolah/28B68E0442FB39053125,http://sekolah.data.kemdikbud.go.id/index.php/chome/profil/d5240bff-0731-4dc4-b484-7f30b8e0c09d,26 Aug 2022 21:58:05,,Kurikulum 2013,69944906,Swasta,KB,Lainnya,421.9 / 080 / PAUDNI / 20,2016-04-18,421.9 / 080 / PAUDNI / 20,2016-04-18,Tidak ada,BPD KALIMANTAN BARAT,BANK KALBAR CABANG NGABANG,69944906 PAUD MAR PELUNTAN,,,,,,,Dusun Peluntan Desa Mandor Kiru Kecamatan Jelimpo,/,,Mandor Kiru,Kec. Jelimpo,Kab. Landak,Prov. Kalimantan Barat,,0,0,0,0,0,0,0,0,0,0,0,0,0,1,1,0,0,0,0,0,0,0,0,0,0,0,0,0,0,0,0,0,0,0,0,0,0,0,0,0,0,0,0,1,1,0,0,0,2,0,0,0,0,0,0,0,0,0,1,0,0,0,0,0,1,0,0,0,0,0,0,0,0,0,0,0,0,0,1,1,,,,,,,,,,,,,,,,,,
130912,PAUD MEKAR SARI,https://dapo.kemdikbud.go.id/sekolah/9519F6825A12858491CA,http://sekolah.data.kemdikbud.go.id/index.php/chome/profil/1dcc1802-5077-4c8c-82e3-34abbe7e3454,26 Feb 2023 22:14:38,,Kurikulum 2013,69939173,Swasta,KB,Yayasan,421.9 / 055 / PAUDNI / 20,2016-03-16,421.9 / 055 / PAUDNI / 20,2016-03-16,Tidak ada,BPD KALIMANTAN BARAT,BANK KALBAR CABANG NGABANG,69939173 PAUD MEKAR SARI,Bersedia Menerima,Pagi,Belum Bersertifikat,PLN,900,Telkomsel Flash,"Dusun Adong I, Desa Tubang Raeng, Kecamatan Jelimpo",/,Adong,Tubang Raeng,Kec. Jelimpo,Kab. Landak,Prov. Kalimantan Barat,79357,0,0,2,2,0,0,0,0,0,0,0,0,1,1,0,1,0,0,0,0,0,0,0,0,0,0,0,0,0,0,0,0,0,0,0,0,0,0,0,0,0,0,2,2,1,16,6,10,2,2,0,0,0,0,0,0,0,0,0,0,0,0,0,0,1,1,0,0,0,0,0,0,0,0,0,0,0,0,1,1,,,,,,,,,,,,,,,,,,
130912,PAUD MORIA,https://dapo.kemdikbud.go.id/sekolah/F0F9A2B8ED8F8C2CA750,http://sekolah.data.kemdikbud.go.id/index.php/chome/profil/3c6fa6f3-60f6-4fb0-b6c6-cf318380f4be,09 Feb 2023 12:17:48,,Kurikulum 2013,69953469,Swasta,KB,Lainnya,421.9 / 145 / PAUDNI / 2016,2016-09-07,421.9 / 145 / PAUDNI / 2016,2016-09-07,Tidak ada,BPD KALIMANTAN BARAT,BANK KALBAR CABANG NGABANG,69953469 PAUD MORIA,Bersedia Menerima,Pagi,Belum Bersertifikat,PLN,1300,Telkomsel Flash,"Dusun Tebuan Bangan, Desa Mandor Kiru, Kecamatan Jelimpo",2 / 1,Tebuan Bangan,Mandor Kiru,Kec. Jelimpo,Kab. Landak,Prov. Kalimantan Barat,79357,0,0,1,1,0,0,0,0,0,0,0,0,0,1,1,0,0,0,0,0,0,0,0,0,0,0,0,0,0,0,0,0,0,0,0,0,0,0,0,0,0,0,3,1,1,16,8,8,1,1,0,0,0,0,0,0,0,0,1,1,0,0,0,0,1,1,0,0,0,0,0,0,0,0,0,0,0,0,0,1,,,,,,,,,,,,,,,,,,
130912,PAUD SANGKAR BEO,https://dapo.kemdikbud.go.id/sekolah/D8CD1B6E9468CF3608CB,http://sekolah.data.kemdikbud.go.id/index.php/chome/profil/f8e4482f-b1d4-4d61-8784-3dbaecdbfd1f,21 Feb 2023 12:36:18,C,Kurikulum 2013,69948862,Swasta,KB,Lainnya,421.9 / 106 / PAUDNI / 20,2016-05-27,421.9 / 106 / PAUDNI / 20,2016-05-27,Tidak ada,BPD KALIMANTAN BARAT,BANK KALBAR CABANG NGABANG,69948862 PAUD SANGKAR BEO,Bersedia Menerima,Sehari penuh (5 h/m),Belum Bersertifikat,Tidak Ada,900,Tidak Ada,"Dusun Dara Itam III, Desa Balai Peluntan, Kecamatan Jelimpo",/,,Balai Peluntan,Kec. Jelimpo,Kab. Landak,Prov. Kalimantan Barat,,0,0,1,1,0,0,0,0,0,0,0,0,0,0,1,0,0,0,0,0,0,0,0,0,0,0,0,0,0,0,0,0,0,0,0,0,0,0,0,0,0,0,2,0,1,17,8,9,2,2,0,0,0,0,0,0,0,0,1,1,0,0,0,0,1,1,0,0,0,0,0,0,0,0,0,0,0,0,1,1,,,,,,,,,,,,,,,,,,
130912,PAUD SANTO YOSEF JELIMPO,https://dapo.kemdikbud.go.id/sekolah/DF03754C5B4AA6EF0413,http://sekolah.data.kemdikbud.go.id/index.php/chome/profil/849dd973-6147-432a-98dd-9f95ff4fdc5b,26 Feb 2023 23:20:51,B,Kurikulum 2013,69935738,Swasta,KB,Lainnya,421.9 / 016 / PAUDNI / 20,2016-02-11,421.9 / 016 / PAUDNI / 20,2016-02-11,Tidak ada,BPD KALIMANTAN BARAT,BANK KALBAR CABANG NGABANG,69935738 PAUD SY JELIMPO,Bersedia Menerima,Pagi,Belum Bersertifikat,PLN,900,Tidak Ada,"Dusun Jelimpo, Desa Jelimpo, Kecamatan Jelimpo",3 / 3,Jelimpo,Jelimpo,Kec. Jelimpo,Kab. Landak,Prov. Kalimantan Barat,79357,0,0,2,2,0,0,0,0,0,0,0,0,0,2,0,1,0,0,0,0,0,0,0,0,0,0,0,0,0,0,0,0,0,0,0,0,0,0,0,0,0,0,3,2,1,37,15,22,2,2,0,0,0,0,0,0,0,0,1,1,0,0,0,0,3,3,0,0,0,0,0,0,0,0,0,0,0,0,1,1,,,,,,,,,,,,,,,,,,
130912,PAUD SAYANG ANAK,https://dapo.kemdikbud.go.id/sekolah/5858B3A5BDEF094E5EC4,http://sekolah.data.kemdikbud.go.id/index.php/chome/profil/84387253-c5f6-41bb-8d78-b649666ffa65,06 Feb 2023 04:46:09,,Kurikulum 2013,69901518,Swasta,KB,Lainnya,03/syganak/2013,2013-06-17,168 Tahun 2014,2014-11-25,Tidak ada,BPD KALIMANTAN BARAT,BANK KALBAR CABANG NGABANG,69901518 PAUD SAYANG ANAK,Bersedia Menerima,Pagi,Belum Bersertifikat,Tidak Ada,0,Tidak Ada,"Dusun Selaba, Desa Dara Itam I, Kecamatan Jelimpo",1 / 1,Sawi,Dara Itam I,Kec. Jelimpo,Kab. Landak,Prov. Kalimantan Barat,79357,0,0,2,2,0,0,0,0,0,0,0,0,0,2,0,1,0,0,0,0,0,0,0,0,0,0,0,0,0,0,0,0,0,0,0,0,0,0,0,0,0,0,2,2,1,51,26,25,2,2,0,0,0,0,0,0,1,1,1,1,0,0,0,0,2,2,0,0,0,0,0,0,0,0,0,0,0,0,1,1,,,,,,,,,,,,,,,,,,
130912,PAUD TUNAS BARU,https://dapo.kemdikbud.go.id/sekolah/3BF4A4D438E3F81F3D52,http://sekolah.data.kemdikbud.go.id/index.php/chome/profil/38d52088-1506-4c88-b132-5752ee71362b,20 Feb 2023 15:24:40,,Kurikulum 2013,69915735,Swasta,KB,Lainnya,421.9 / 169 / PAUDNI / 20,2015-10-30,421.9 / 169 / PAUDNI / 20,2015-10-30,Tidak ada,BPD KALIMANTAN BARAT,BANK KALBAR CABANG NGABANG,69915735 PAUD TUNAS BARU,Bersedia Menerima,Sehari penuh (5 h/m),Belum Bersertifikat,PLN,450,Tidak Ada,"Dusun Angan Tembawang, Desa Angan Tembawang, Kecamatan Jelimpo",/,,Angan Tembawang,Kec. Jelimpo,Kab. Landak,Prov. Kalimantan Barat,,0,0,2,2,0,0,0,0,0,0,0,0,0,2,0,0,0,0,0,0,0,0,0,0,0,0,0,0,0,0,0,0,0,0,0,0,0,0,0,0,0,0,2,2,0,31,12,19,2,2,0,0,0,0,0,0,0,0,0,0,0,0,0,0,1,1,0,0,0,0,0,0,0,0,0,0,0,0,1,1,,,,,,,,,,,,,,,,,,
130912,PAUD YESPINIS,https://dapo.kemdikbud.go.id/sekolah/E02A8D5198B0CC440726,http://sekolah.data.kemdikbud.go.id/index.php/chome/profil/460577b4-700c-49ce-9332-f81640a658fd,20 Feb 2023 15:33:47,C,Kurikulum 2013,69901516,Swasta,KB,Lainnya,01/yespinis/2013,2013-06-17,166 Tahun 2014,2014-11-25,Tidak ada,BPD KALIMANTAN BARAT,BANK KALBAR CABANG NGABANG,69901516 PAUD YESPINIS,Bersedia Menerima,Sehari penuh (5 h/m),Belum Bersertifikat,PLN,450,Tidak Ada,"Dusun Kersik, Desa Kersik Belantian, Kecamatan Jelimpo",/,,Kersik Belantian,Kec. Jelimpo,Kab. Landak,Prov. Kalimantan Barat,,0,0,1,1,0,0,0,0,0,0,0,0,0,1,0,0,0,0,0,0,0,0,0,0,0,0,0,0,0,0,0,0,0,0,0,0,0,0,0,0,0,0,2,1,0,18,7,11,2,2,0,0,0,0,0,0,0,0,0,0,0,0,0,0,1,1,0,0,0,0,0,0,0,0,0,0,0,0,1,1,,,,,,,,,,,,,,,,,,
130912,SD NEGERI 01 JELIMPO,https://dapo.kemdikbud.go.id/sekolah/96296432A1BA2A0F0D92,http://sekolah.data.kemdikbud.go.id/index.php/chome/profil/00ed5109-30f5-e011-9fc8-2724a0d32084,05 Mar 2023 13:54:54,B,Kurikulum 2013,30104532,Negeri,SD,Pemerintah Pusat,,1910-01-01,,1910-01-01,Tidak ada,Bank Kalbar,Cabang Ngabang,SDN 01 Jelimpo,Bersedia Menerima,Pagi,Belum Bersertifikat,PLN,900,Lainnya (Serat Optik),Jl. Raya Jelimpo,3 / 3,Jelimpo,JELIMPO,Kec. Jelimpo,Kab. Landak,Prov. Kalimantan Barat,79357,0,110,6,6,0,0,0,0,0,1,1,0,2,5,1,0,17,22,15,12,13,11,24,18,21,17,17,15,0,0,0,0,0,0,0,0,0,0,0,0,0,0,8,7,1,202,107,95,6,6,1,1,0,0,0,0,0,0,1,1,0,0,0,0,0,0,0,0,0,0,0,0,0,0,0,0,0,0,9,9,,,,,,,,,,,,,,,,,,
130912,SD NEGERI 02 PAPUNG,https://dapo.kemdikbud.go.id/sekolah/52258E7DC6F126CA61E5,http://sekolah.data.kemdikbud.go.id/index.php/chome/profil/60fb5109-30f5-e011-be81-d1e495a59ecd,26 Mar 2023 22:58:39,C,Kurikulum 2013,30104515,Negeri,SD,Pemerintah Daerah,,1910-01-01,,1910-01-01,Tidak ada,BPD KALIMANTAN BA...,BPD KALIMANTAN BARAT CABANG...,SDN02PAPUNG/BOS...,Bersedia Menerima,Pagi,Belum Bersertifikat,PLN,900,Tidak Ada,Dusun Papung,1 / 1,Papung,PAPUNG,Kec. Jelimpo,Kab. Landak,Prov. Kalimantan Barat,79357,0,110,6,0,1,3,0,0,0,0,1,0,0,3,1,0,11,14,4,6,9,12,10,7,5,3,14,9,0,0,0,0,0,0,0,0,0,0,0,0,0,0,9,3,1,104,53,51,6,6,1,1,0,0,0,0,0,0,1,1,0,0,1,1,4,4,0,0,0,0,0,0,0,0,0,0,0,0,1,1,,,,,,,,,,,,,,,,,,
130912,SD NEGERI 03 KARANGAN,https://dapo.kemdikbud.go.id/sekolah/4BEBB209665A573C753A,http://sekolah.data.kemdikbud.go.id/index.php/chome/profil/e0095209-30f5-e011-82d1-031327429a91,17 Mar 2023 21:31:05,B,Kurikulum 2013,30104520,Negeri,SD,Pemerintah Daerah,Inpres NO.10/1975,1978-11-10,25-09-2009,2009-11-25,Tidak ada,BPD KALIMANTAN BA...,BPD KALIMANTAN BARAT CABANG NGABANG...,SDNO3KARANGAN/BOS...,Bersedia Menerima,Pagi,Belum Bersertifikat,PLN,900,Telkomsel Flash,Jl.Sangku Dusun Adong Satu,1 / 1,Adong I,Tubang Raeng,Kec. Jelimpo,Kab. Landak,Prov. Kalimantan Barat,79357,0,110,6,6,0,0,0,0,0,1,3,6,4,4,0,1,18,13,11,13,12,10,8,8,10,11,5,11,0,0,0,0,0,0,0,0,0,0,0,0,0,0,8,8,1,130,64,66,7,7,1,1,0,0,0,0,1,1,1,1,0,0,1,1,3,3,1,1,0,0,0,0,0,0,0,0,0,0,1,1,,,,,,,,,,,,,,,,,,
130912,SD NEGERI 04 SANGKU,https://dapo.kemdikbud.go.id/sekolah/726797D5C90A045033E5,http://sekolah.data.kemdikbud.go.id/index.php/chome/profil/70185209-30f5-e011-a7ee-5bf737e7f31e,28 Mar 2023 20:24:07,C,Kurikulum 2013,30104559,Negeri,SD,Pemerintah Daerah,,1974-01-15,,1910-01-01,Tidak ada,BANK KALBAR,Ngabang,SDN 04 SANGKU / BOS,Bersedia Menerima,Pagi,Belum Bersertifikat,PLN,900,Tidak Ada,Jl. Dusun Sangku,1 / 1,Balai Peluntan,BALAI PELUNTAN,Kec. Jelimpo,Kab. Landak,Prov. Kalimantan Barat,79357,0,110,6,3,2,0,0,0,0,1,3,0,2,1,0,0,5,3,4,8,6,5,3,9,14,7,14,8,0,0,0,0,0,0,0,0,0,0,0,0,0,0,7,3,0,86,46,40,6,6,1,1,0,0,0,0,0,0,1,1,0,0,0,0,4,4,0,0,0,0,0,0,0,0,0,0,0,0,1,1,,,,,,,,,,,,,,,,,,
130912,SD NEGERI 05 ANGAN TEMBAWANG,https://dapo.kemdikbud.go.id/sekolah/8D692B556F750B80801D,http://sekolah.data.kemdikbud.go.id/index.php/chome/profil/00275209-30f5-e011-9aa5-e1f0572cb4c5,16 Feb 2023 00:58:01,B,Kurikulum 2013,30104722,Negeri,SD,Pemerintah Daerah,,1910-01-01,,1910-01-01,Tidak ada,BPD KALIMANTAN BA...,BPD KALIMANTAN BARAT CABANG NGABANG...,SDN05ANGANTEMBAWANG/BOS...,Bersedia Menerima,Pagi,Belum Bersertifikat,PLN,0,Tidak Ada,Jl. Angan Tembawang,1 / 2,Angan Tembawang,Angan Tembawang,Kec. Jelimpo,Kab. Landak,Prov. Kalimantan Barat,79357,0,110,6,0,5,6,0,0,6,1,2,6,1,4,1,0,17,8,18,13,13,12,17,11,6,10,16,10,0,0,0,0,0,0,0,0,0,0,0,0,0,0,3,5,1,151,87,64,6,6,0,0,0,0,0,0,1,1,0,0,0,0,0,0,4,4,0,0,0,0,0,0,0,0,0,0,0,0,6,6,,,,,,,,,,,,,,,,,,
130912,SD NEGERI 06 PAWIS,https://dapo.kemdikbud.go.id/sekolah/F82AD63569B581F29F31,http://sekolah.data.kemdikbud.go.id/index.php/chome/profil/70355209-30f5-e011-ba58-25300f02e607,09 Mar 2023 22:07:17,C,Kurikulum 2013,30104783,Negeri,SD,Pemerintah Daerah,420/262/HK-2011,1981-06-10,420/262/HK-2011,2011-12-28,Tidak ada,BPD KALIMANTAN BA...,BPD KALIMANTAN BARAT CABANG NGABANG...,SDN06PAWISBOS...,Bersedia Menerima,Pagi,Belum Bersertifikat,PLN,900,Tidak Ada,Jl. Dusun Pawis,1 / 1,Pawis,Pawis Hilir,Kec. Jelimpo,Kab. Landak,Prov. Kalimantan Barat,79357,0,110,6,5,0,0,0,0,0,0,3,0,1,5,0,0,13,6,5,13,6,11,7,14,6,8,11,10,0,0,0,0,0,0,0,0,0,0,0,0,0,0,7,6,0,110,48,62,6,6,1,1,0,0,0,0,1,0,1,1,0,0,0,0,1,1,0,0,0,0,0,0,0,0,0,0,0,0,1,1,,,,,,,,,,,,,,,,,,
130912,SD NEGERI 07 TUBANG RAENG,https://dapo.kemdikbud.go.id/sekolah/B250CE3956BDC0AF0141,http://sekolah.data.kemdikbud.go.id/index.php/chome/profil/80445209-30f5-e011-8dff-d59b8336b829,29 Mar 2023 11:25:45,B,Kurikulum 2013,30104763,Negeri,SD,Pemerintah Daerah,,1973-07-12,400/324/HK-2009,2009-11-25,Tidak ada,BPD KALIMANTAN BA...,BPD KALIMANTAN BARAT CABANG NGABANG...,SDN07TUBANGRAENGBOS...,Bersedia Menerima,Pagi,Belum Bersertifikat,PLN,1300,Indosat IM3,Jl. Raya Tubang Raeng,0 / 0,TUBANGRAENG,Tubang Raeng,Kec. Jelimpo,Kab. Landak,Prov. Kalimantan Barat,79357,0,110,9,9,0,0,0,0,0,1,3,0,2,8,1,0,22,23,17,23,18,15,14,12,27,23,25,19,0,0,0,0,0,0,0,0,0,0,0,0,0,0,9,10,1,238,123,115,10,10,1,1,0,0,0,0,1,1,1,1,0,0,1,1,8,8,0,0,0,0,0,0,0,0,0,0,0,0,1,7,,,,,,,,,,,,,,,,,,
130912,SD NEGERI 08 TAINAM BELANTIAN,https://dapo.kemdikbud.go.id/sekolah/582DEF2AD795EA8D747A,http://sekolah.data.kemdikbud.go.id/index.php/chome/profil/20535209-30f5-e011-b527-77f8daa52213,11 Mar 2023 23:57:12,C,Kurikulum 2013,30104705,Negeri,SD,Pemerintah Daerah,420/262/HK-2011,2011-12-28,420 / 262 /HK-2011,2011-12-28,Tidak ada,BANK KALBAR,BPD NGABANG,SDN 08 TAINAM BELANTIAN/BOS,Bersedia Menerima,Pagi,Belum Bersertifikat,Tidak Ada,0,Tidak Ada,Jl. Dusun Tainam,1 / 2,Tainam Belantian,Kersik Belantian,Kec. Jelimpo,Kab. Landak,Prov. Kalimantan Barat,79357,0,109,6,6,1,0,0,0,0,6,3,0,3,5,1,0,9,3,6,9,12,8,13,11,8,8,15,9,0,0,0,0,0,0,0,0,0,0,0,0,0,0,7,8,1,111,63,48,6,6,1,1,0,0,0,0,1,1,2,2,0,0,0,0,4,4,0,0,0,0,1,1,0,0,1,1,0,0,11,11,,,,,,,,,,,,,,,,,,
130912,SD NEGERI 09 JELIMPO,https://dapo.kemdikbud.go.id/sekolah/7F180DF8DB25613A7847,http://sekolah.data.kemdikbud.go.id/index.php/chome/profil/90615209-30f5-e011-bc62-8b26a62cb750,06 Mar 2023 16:32:06,C,Kurikulum 2013,30104708,Negeri,SD,Pemerintah Daerah,,1980-02-01,,1910-01-01,Tidak ada,BPD KALIMANTAN BA...,BPD KALIMANTAN BARAT CABANG NGABANG...,SDN09JELIMPO/BOS...,Bersedia Menerima,Pagi,Belum Bersertifikat,PLN,900,Telkomsel Flash,Jalan Raya Jelimpo,1 / 1,Jelimpo,Jelimpo,Kec. Jelimpo,Kab. Landak,Prov. Kalimantan Barat,79357,0,110,6,6,0,0,0,0,0,0,2,1,0,7,0,1,17,11,10,19,10,6,22,15,24,20,16,23,0,0,0,0,0,0,0,0,0,0,0,0,0,0,5,7,1,193,99,94,6,6,1,1,0,0,0,0,0,0,1,1,0,0,0,0,4,4,0,0,0,0,0,0,0,0,1,1,0,0,1,1,,,,,,,,,,,,,,,,,,
130912,SD NEGERI 10 SEBADOK,https://dapo.kemdikbud.go.id/sekolah/AE7470BC722B189F8DD0,http://sekolah.data.kemdikbud.go.id/index.php/chome/profil/40705209-30f5-e011-bca9-75bf3eb4e189,11 Mar 2023 17:55:17,B,Kurikulum 2013,30104687,Negeri,SD,Pemerintah Daerah,5297 / B-1/ Pend/1978,1978-07-25,5297 / B-1/ PEND/1978,1978-07-25,Tidak ada,BPD KALIMANTAN BA...,BPD KALIMANTAN BARAT CABANG  NGABANG...,SDN10SEBADOK/BOS...,Bersedia Menerima,Pagi,Belum Bersertifikat,Tenaga Surya,0,Tidak Ada,Jl. Dusun Sebadok,5 / 3,Sebadok,TEMAHAR,Kec. Jelimpo,Kab. Landak,Prov. Kalimantan Barat,79357,0,110,6,6,0,0,0,0,0,6,1,3,4,3,0,0,19,14,15,14,11,17,10,14,14,13,10,7,0,0,0,0,0,0,0,0,0,0,0,0,0,0,5,7,0,158,79,79,7,7,1,1,0,0,0,0,0,0,1,1,0,0,0,0,2,2,1,1,0,0,0,0,0,0,0,0,0,0,1,3,,,,,,,,,,,,,,,,,,
130912,SD NEGERI 11 SANGKU,https://dapo.kemdikbud.go.id/sekolah/BD7CAA29049B193B3281,http://sekolah.data.kemdikbud.go.id/index.php/chome/profil/c07e5209-30f5-e011-acee-a3e4ef76dc6b,22 Mar 2023 04:20:59,C,Kurikulum 2013,30104696,Negeri,SD,Pemerintah Daerah,,1978-07-25,,1910-01-01,Tidak ada,BPD KALIMANTAN BA...,BPD KALIMANTAN BARAT CABANG NGABANG...,SDN11SANGKU/BOS...,Bersedia Menerima,Pagi,Belum Bersertifikat,PLN,900,Tidak Ada,Jl. Dusun Sangku,1 / 1,Sawi,DARA ITAM SANGKU,Kec. Jelimpo,Kab. Landak,Prov. Kalimantan Barat,79357,0,110,9,7,0,0,0,0,0,0,2,0,4,3,1,0,47,26,8,22,34,18,42,17,18,17,18,17,0,0,0,0,0,0,0,0,0,0,0,0,0,0,9,7,1,284,167,117,8,8,1,1,0,0,0,0,0,0,1,1,0,0,0,0,4,4,1,1,0,0,0,0,0,0,0,0,0,0,1,1,,,,,,,,,,,,,,,,,,
130912,SD NEGERI 12 SENAJUK,https://dapo.kemdikbud.go.id/sekolah/35E20089563A17BB7F46,http://sekolah.data.kemdikbud.go.id/index.php/chome/profil/408d5209-30f5-e011-a66f-c986676381d9,16 Feb 2023 12:58:34,A,Kurikulum 2013,30104302,Negeri,SD,Pemerintah Daerah,0,1977-09-10,,1910-01-01,Tidak ada,BPD KALIMANTAN BA...,BPD KALIMANTAN BARAT CABANG NGABANG...,SDN12SENAJUK/BOS...,Bersedia Menerima,Pagi,Proses Sertifikasi,PLN,900,Telkomsel Flash,Jl. Dusun Senajuk,4 / 2,Senajuk,BALAE PALUNTAN,Kec. Jelimpo,Kab. Landak,Prov. Kalimantan Barat,79357,0,110,6,5,0,0,0,0,0,0,0,0,2,2,1,0,1,5,7,3,2,2,3,5,4,6,1,5,0,0,0,0,0,0,0,0,0,0,0,0,0,0,4,4,1,44,18,26,6,6,0,0,0,0,0,0,1,1,1,1,0,0,0,0,2,2,0,0,0,0,0,0,0,0,0,0,0,0,1,1,,,,,,,,,,,,,,,,,,
130912,SD NEGERI 13 MUNGGU LUMUT,https://dapo.kemdikbud.go.id/sekolah/6F64E1E2810F677A711E,http://sekolah.data.kemdikbud.go.id/index.php/chome/profil/b09b5209-30f5-e011-911e-73e3b27b94ca,16 Feb 2023 12:45:53,B,Kurikulum 2013,30104310,Negeri,SD,Pemerintah Daerah,-01/06/1979,1979-06-01,,1910-01-01,Tidak ada,BPD KALIMANTAN BA...,BPD KALIMANTAN BARAT CABANG NGABANG...,SDN13MUNGGULUMUT/BOS...,Bersedia Menerima,Pagi,Proses Sertifikasi,Tidak Ada,0,Tidak Ada,Jl. Dusun Munggu Lumut,0 / 0,MUNGGU LUMUT,KAYU ARA,Kec. Jelimpo,Kab. Landak,Prov. Kalimantan Barat,79357,0,110,6,6,0,0,0,0,0,0,2,0,4,1,1,0,2,10,4,2,1,0,3,0,4,2,4,3,0,0,0,0,0,0,0,0,0,0,0,0,0,0,3,5,1,35,18,17,6,6,0,0,0,0,0,0,0,0,2,2,0,0,1,1,2,2,0,0,0,0,0,0,0,0,0,0,0,0,1,1,,,,,,,,,,,,,,,,,,
130912,SD NEGERI 14 SEKAIS,https://dapo.kemdikbud.go.id/sekolah/1E979195056C1303B030,http://sekolah.data.kemdikbud.go.id/index.php/chome/profil/40aa5209-30f5-e011-bb71-5fa6e03e6d97,06 Mar 2023 08:19:29,C,Kurikulum 2013,30104334,Negeri,SD,Pemerintah Daerah,420/262/HK-2011,2011-12-28,420/262/HK-2011,2011-12-28,Tidak ada,BPD KALIMANTAN BA...,BPD KALIMANTAN BARAT CABANG NGABANG...,SDN14SEKAIS/BOS...,Bersedia Menerima,Kombinasi,9001,Tidak Ada,0,Tidak Ada,Jl. Dusun Sekais,1 / 1,SEKAIS,Sekais,Kec. Jelimpo,Kab. Landak,Prov. Kalimantan Barat,79357,0,110,6,5,0,0,0,0,0,0,0,0,3,2,0,0,10,4,6,7,9,13,5,10,5,8,7,10,0,0,0,0,0,0,0,0,0,0,0,0,0,0,5,5,0,94,42,52,5,5,1,1,0,0,0,0,0,0,1,1,0,0,1,1,4,4,1,1,0,0,0,0,0,0,0,0,0,0,1,1,,,,,,,,,,,,,,,,,,
130912,SD NEGERI 15 NYIIN,https://dapo.kemdikbud.go.id/sekolah/3507F66763DEC6C428A5,http://sekolah.data.kemdikbud.go.id/index.php/chome/profil/a0b85209-30f5-e011-9254-d9ea1ea940ef,04 Mar 2023 20:09:42,C,Kurikulum 2013,30104256,Negeri,SD,Pemerintah Daerah,,1978-10-15,,1910-01-01,Tidak ada,BPD KALIMANTAN BA...,BPD KALIMANTAN BARAT CABANG 055/ NGABANG...,SDN15NYIIN/BOS...,Bersedia Menerima,Pagi,Belum Bersertifikat,PLN,900,Tidak Ada,Desa Nyiin,1 / 1,Nyiin,Nyiin,Kec. Jelimpo,Kab. Landak,Prov. Kalimantan Barat,78357,0,110,6,6,0,0,0,0,0,1,3,0,6,1,0,1,4,12,6,7,19,14,12,15,8,6,5,8,0,0,0,0,0,0,0,0,0,0,0,0,0,0,3,7,1,116,54,62,6,6,1,1,0,0,0,0,0,0,1,1,0,0,1,1,2,2,0,0,0,0,0,0,0,0,0,0,0,0,6,7,,,,,,,,,,,,,,,,,,
130912,SD NEGERI 16 PELUNTAN SENGKUNANG,https://dapo.kemdikbud.go.id/sekolah/9A341A781D1166EB12FE,http://sekolah.data.kemdikbud.go.id/index.php/chome/profil/20c75209-30f5-e011-a9c1-0b9f93e6cee7,09 Mar 2023 08:55:46,B,Kurikulum 2013,30104261,Negeri,SD,Pemerintah Daerah,,1978-11-09,,1910-01-01,Tidak ada,BPD KALIMANTAN BA...,BPD KALIMANTAN BARAT CABANG NGABANG...,SDN16PELUNTANSENGKUNANG/BOS...,Bersedia Menerima,Kombinasi,Belum Bersertifikat,Tidak Ada,0,Tidak Ada,Jl. Dusun Peluntan Sengkunang,0 / 0,Dusun Peluntan,MANDOR KIRU,Kec. Jelimpo,Kab. Landak,Prov. Kalimantan Barat,79357,0,110,6,2,0,0,0,0,0,2,1,2,2,0,1,0,9,5,7,2,9,9,9,3,16,17,16,10,0,0,0,0,0,0,0,0,0,0,0,0,0,0,4,2,1,112,66,46,5,5,1,1,0,0,0,0,0,0,1,1,0,0,2,2,4,4,0,0,0,0,0,0,0,0,0,0,0,0,1,1,,,,,,,,,,,,,,,,,,
130912,SD NEGERI 17 KASE,https://dapo.kemdikbud.go.id/sekolah/64AF9680BECA01941295,http://sekolah.data.kemdikbud.go.id/index.php/chome/profil/c0d55209-30f5-e011-a127-6d17a06c1cf5,26 Mar 2023 09:57:49,C,Kurikulum 2013,30104262,Negeri,SD,Pemerintah Daerah,,1980-02-11,,1910-01-01,Tidak ada,BPD KALIMANTAN BA...,BPD KALIMANTAN BARAT CABANG NGABANG...,SDN17KASE/BOS...,Bersedia Menerima,Pagi,9001,PLN,900,Tidak Ada,Jl. Raya Kase-ngabang,1 / 1,Kase,JELIMPO,Kec. Jelimpo,Kab. Landak,Prov. Kalimantan Barat,78357,0,110,6,6,0,0,0,0,0,0,0,0,1,4,0,1,8,11,11,16,8,8,14,12,13,9,15,11,0,0,0,0,0,0,0,0,0,0,0,0,0,0,9,5,1,136,69,67,6,6,1,1,0,0,0,0,1,1,1,1,0,0,0,0,2,2,0,0,0,0,0,0,0,0,0,0,0,0,1,1,,,,,,,,,,,,,,,,,,
130912,SD NEGERI 18 TEMAHAR,https://dapo.kemdikbud.go.id/sekolah/B957D412204AA00B3E8B,http://sekolah.data.kemdikbud.go.id/index.php/chome/profil/30e45209-30f5-e011-a099-7d7e609f4b0f,13 Mar 2023 11:06:13,B,Kurikulum 2013,30104239,Negeri,SD,Pemerintah Daerah,,1981-11-20,,1910-01-01,Tidak ada,BANK KALBAR NGABANG,Ngabang,SDN 18 TEMAHAR,Bersedia Menerima,Pagi,Belum Bersertifikat,Diesel,1500,Tidak Ada,Jl. Dusun Temahar,1 / 2,Temahar,TEMAHAR,Kec. Jelimpo,Kab. Landak,Prov. Kalimantan Barat,79357,0,110,6,6,3,0,0,0,0,1,1,0,5,3,0,0,10,13,11,11,20,13,21,12,20,17,12,12,0,0,0,0,0,0,0,0,0,0,0,0,0,0,6,8,0,172,94,78,6,6,1,1,0,0,0,0,0,0,1,1,0,0,1,1,4,4,1,1,0,0,0,0,0,0,0,0,0,0,12,12,,,,,,,,,,,,,,,,,,
130912,SD NEGERI 19 KERSIK BELANTIAN,https://dapo.kemdikbud.go.id/sekolah/9A3198EBE2BCE9DE1092,http://sekolah.data.kemdikbud.go.id/index.php/chome/profil/40f45209-30f5-e011-b8de-0bdafedb0150,21 Mar 2023 08:37:23,C,Kurikulum 2013,30104237,Negeri,SD,Pemerintah Daerah,,1982-01-01,,1910-01-01,Tidak ada,BPD KALIMANTAN BA...,BPD KALIMANTAN BARAT CABANG  NGABANG...,SDN19KERSIKBELANTIAN/BOS...,Bersedia Menerima,Pagi,Belum Bersertifikat,Lainnya,1500,Tidak Ada,Jl. Dusun Kersik Belantian,1 / 1,Kersik,KERSIK BELANTIAN,Kec. Jelimpo,Kab. Landak,Prov. Kalimantan Barat,78359,0,110,6,6,3,3,0,0,1,1,2,1,3,3,2,0,9,3,6,4,16,12,19,11,16,15,14,11,0,0,0,0,0,0,0,0,0,0,0,0,0,0,6,6,2,136,80,56,6,6,1,1,1,1,0,0,1,1,1,1,1,1,1,1,4,4,1,1,0,0,1,1,0,0,0,0,0,0,1,2,,,,,,,,,,,,,,,,,,
130912,SD NEGERI 20 TEBUAN BANGAN,https://dapo.kemdikbud.go.id/sekolah/0331412AF61ED4EE4853,http://sekolah.data.kemdikbud.go.id/index.php/chome/profil/40035309-30f5-e011-8f9b-cb6fd65a6dd8,13 Mar 2023 20:05:26,C,Kurikulum 2013,30104292,Negeri,SD,Pemerintah Daerah,,1982-02-04,NOMOR 420 / 234 / HK-2009,2009-11-25,Tidak ada,BPD KALIMANTAN BA...,BPD KALIMANTAN BARAT CABANG NGABANG...,SDN20TEBUANBANGAN/BOS...,Bersedia Menerima,Pagi,Proses Sertifikasi,PLN,900,Telkomsel Flash,Jl. Tebuan Bangan,2 / 1,Tebuan bangan,Mandor Kiru,Kec. Jelimpo,Kab. Landak,Prov. Kalimantan Barat,78357,0,110,6,4,0,0,0,0,0,1,3,0,3,0,1,0,8,4,9,5,6,5,8,9,8,10,12,6,0,0,0,0,0,0,0,0,0,0,0,0,0,0,6,3,1,90,51,39,3,6,0,1,0,0,0,0,0,0,1,1,0,0,0,0,3,3,0,0,0,0,0,0,0,0,0,0,0,0,1,1,,,,,,,,,,,,,,,,,,
130912,SD NEGERI 21 PAGUNG BELANTIAN,https://dapo.kemdikbud.go.id/sekolah/0C8C94AB8E999440430C,http://sekolah.data.kemdikbud.go.id/index.php/chome/profil/d0115309-30f5-e011-8ada-d744a1880ff8,27 Mar 2023 14:40:14,C,Kurikulum 2013,30104294,Negeri,SD,Pemerintah Daerah,,1910-01-01,,1910-01-01,Tidak ada,BANK KALBAR,055 CABANG NGABANG.,SDN 21 PAGUNG BELANTIAN BOS,Bersedia Menerima,Pagi,Belum Bersertifikat,Tenaga Surya,400,Tidak Ada,DUSUN PAGUNG BELANTIAN,8 / 4,PAGUNG BELANTIAN,KERSIK BELANTIAN,Kec. Jelimpo,Kab. Landak,Prov. Kalimantan Barat,79357,0,110,3,2,0,0,0,0,0,2,2,2,1,1,0,0,4,5,9,6,11,2,0,0,0,0,0,0,0,0,0,0,0,0,0,0,0,0,0,0,0,0,7,2,0,37,24,13,3,3,0,0,0,0,0,0,0,0,1,1,0,0,0,0,3,3,0,0,0,0,0,0,0,0,0,0,0,0,6,6,,,,,,,,,,,,,,,,,,
130912,SD NEGERI 22 PALO BELANTIAN,https://dapo.kemdikbud.go.id/sekolah/EE1293256843FDFEB1F8,http://sekolah.data.kemdikbud.go.id/index.php/chome/profil/a0205309-30f5-e011-971a-e9306a8f76d7,08 Mar 2023 22:17:59,C,Kurikulum 2013,30104298,Negeri,SD,Pemerintah Daerah,01-04-1983,1983-04-01,,1983-04-01,Tidak ada,BPD KALIMANTAN BA...,BPD KALIMANTAN BARAT CABANG NGABANG...,SDN22PALOBELANTIAN/BOS...,Bersedia Menerima,Pagi,Belum Bersertifikat,Tidak Ada,0,Tidak Ada,Jl. Palo Belantian,7 / 6,Dusun Palo Belantian,SEKAIS,Kec. Jelimpo,Kab. Landak,Prov. Kalimantan Barat,78357,0,110,6,4,0,0,0,0,0,4,4,4,1,3,1,1,6,7,3,7,9,4,5,5,3,9,4,5,0,0,0,0,0,0,0,0,0,0,0,0,0,0,9,4,2,67,30,37,3,3,0,0,0,0,0,0,0,0,0,0,0,0,0,0,3,3,0,0,0,0,0,0,0,0,0,0,0,0,1,1,,,,,,,,,,,,,,,,,,
130912,SD NEGERI 23 MANDOR KIRU,https://dapo.kemdikbud.go.id/sekolah/400D3776F25C652B8BAA,http://sekolah.data.kemdikbud.go.id/index.php/chome/profil/202f5309-30f5-e011-a143-1d491cf01f6f,27 Feb 2023 00:17:42,B,Kurikulum 2013,30104300,Negeri,SD,Pemerintah Pusat,4212/4474/PD PK AP,1986-12-30,,1910-01-01,Tidak ada,BANK KALBAR,055 CABANG NGABANG,SDN 52 MANDOR KIRU/BOS,Bersedia Menerima,Pagi,Belum Bersertifikat,PLN,450,Telkomsel Flash,Jl. Mandor Kiru,1 / 1,MANDOR KIRU,MANDOR KIRU,Kec. Jelimpo,Kab. Landak,Prov. Kalimantan Barat,79357,0,110,6,1,0,0,0,0,0,0,0,0,1,0,0,1,5,8,4,6,3,6,5,2,5,3,8,2,0,0,0,0,0,0,0,0,0,0,0,0,0,0,2,1,1,57,30,27,6,6,1,1,0,0,0,0,0,0,1,1,0,0,0,0,3,3,0,0,0,0,0,0,0,0,0,0,0,0,1,1,,,,,,,,,,,,,,,,,,
130912,SD NEGERI 24 TABA,https://dapo.kemdikbud.go.id/sekolah/329DC0C53CF3914EF550,http://sekolah.data.kemdikbud.go.id/index.php/chome/profil/003e5309-30f5-e011-ba2c-65847db7f552,22 Mar 2023 04:36:31,C,Kurikulum 2013,30104286,Negeri,SD,Pemerintah Daerah,,1910-01-01,,1910-01-01,Tidak ada,BPD KALIMANTAN BA...,BPD KALIMANTAN BARAT CABANG...,SDN24TABA/BOS...,Bersedia Menerima,Pagi,Belum Bersertifikat,Tidak Ada,0,Tidak Ada,Jl. Taba,8 / 3,Taba,PAPUNG,Kec. Jelimpo,Kab. Landak,Prov. Kalimantan Barat,79357,0,110,6,2,0,0,0,0,0,1,0,0,2,1,0,0,0,1,0,2,4,7,4,1,2,3,6,1,0,0,0,0,0,0,0,0,0,0,0,0,0,0,3,3,0,31,16,15,3,3,0,0,0,0,0,0,0,0,1,1,0,0,0,0,2,2,0,0,0,0,0,0,0,0,0,0,0,0,1,1,,,,,,,,,,,,,,,,,,
130912,SD NEGERI 25 MIMPIN,https://dapo.kemdikbud.go.id/sekolah/6C7F9434995052E28E74,http://sekolah.data.kemdikbud.go.id/index.php/chome/profil/404c5309-30f5-e011-b560-99ef027dbc02,13 Mar 2023 15:55:36,B,Kurikulum 2013,30104274,Negeri,SD,Pemerintah Daerah,,1983-01-01,,1910-01-01,Tidak ada,BPD KALIMANTAN BA...,BPD KALIMANTAN BARAT CABANG NGABANG...,SDN25MIMPIN/BOS...,Bersedia Menerima,Sehari penuh (5 h/m),Belum Bersertifikat,Tidak Ada,0,Tidak Ada,Jl. Mimpin,3 / 34,Dusun Mimpin,KAYU ARA,Kec. Jelimpo,Kab. Landak,Prov. Kalimantan Barat,79357,0,110,6,2,0,0,0,0,0,0,1,0,1,1,1,0,4,1,3,0,3,3,6,4,3,2,6,4,0,0,0,0,0,0,0,0,0,0,0,0,0,0,5,2,1,39,25,14,4,7,1,2,0,0,0,0,0,0,0,0,0,0,1,1,4,4,0,0,0,0,0,0,0,0,0,0,0,0,9,9,,,,,,,,,,,,,,,,,,
130912,SD NEGERI 26 RABA BAYUR,https://dapo.kemdikbud.go.id/sekolah/319D3AC86A71176EBC22,http://sekolah.data.kemdikbud.go.id/index.php/chome/profil/a05a5309-30f5-e011-97c9-599bc3a5c5e4,21 Mar 2023 13:51:55,C,Kurikulum 2013,30104275,Negeri,SD,Pemerintah Daerah,421.2/4744/P dan K,1910-01-01,,1984-04-01,Tidak ada,BPD KALIMANTAN BA...,BPD KALIMANTAN BARAT CABANG NGABANG...,SDN26RABABAYUR/BOS...,Bersedia Menerima,Pagi,Belum Bersertifikat,PLN,450,Tidak Ada,Jl. Raba Bayur,5 / 3,Raba Bayur,SEKAIS,Kec. Jelimpo,Kab. Landak,Prov. Kalimantan Barat,79357,0,110,6,3,0,0,0,0,0,0,0,0,1,2,0,0,2,2,1,0,8,2,4,7,4,3,3,4,0,0,0,0,0,0,0,0,0,0,0,0,0,0,7,3,0,40,22,18,3,3,1,1,0,0,0,0,0,0,1,1,0,0,2,2,4,4,0,0,0,0,0,0,0,0,0,0,0,0,1,1,,,,,,,,,,,,,,,,,,
130912,SD NEGERI 27 TENGKOOK,https://dapo.kemdikbud.go.id/sekolah/756F0C0354B6F1F6C9C6,http://sekolah.data.kemdikbud.go.id/index.php/chome/profil/40695309-30f5-e011-bc8e-396f7d55291a,12 Mar 2023 15:35:38,C,Kurikulum 2013,30104282,Negeri,SD,Pemerintah Daerah,420/262/HK-2011,2011-12-28,420/262/HK-2011,2011-12-28,Tidak ada,BANK KALBAR,Ngabang,SDN 27 TENGKOOK/ BOS,Bersedia Menerima,Sehari penuh (5 h/m),Belum Bersertifikat,Tidak Ada,10,Telkomsel Flash,Dusun Tengkook,1 / 1,Tengkook,Temahar,Kec. Jelimpo,Kab. Landak,Prov. Kalimantan Barat,79357,0,110,6,4,2,0,0,0,0,1,0,0,4,0,1,0,6,4,3,5,7,0,2,3,6,5,2,3,0,0,0,0,0,0,0,0,0,0,0,0,0,0,8,4,1,46,26,20,7,7,0,0,0,0,0,0,0,0,1,1,0,0,0,0,2,2,0,0,0,0,0,0,0,0,0,0,0,0,7,7,,,,,,,,,,,,,,,,,,
130912,SD NEGERI 28 SERETOK PESAK,https://dapo.kemdikbud.go.id/sekolah/83776D09225BB306A1F6,http://sekolah.data.kemdikbud.go.id/index.php/chome/profil/b0775309-30f5-e011-96b9-3bae346bdfd3,16 Mar 2023 14:45:02,C,Kurikulum 2013,30104284,Negeri,SD,Pemerintah Daerah,420/262/HK-2011,2011-12-28,420/262/HK-2011,2011-12-28,Tidak ada,BANK KALBAR,Cabang Ngabang,SDN 28 SERETOK PESAK,Bersedia Menerima,Sehari penuh (5 h/m),Proses Sertifikasi,PLN,900,Telkomsel Flash,Jl. Raya Sangku,0 / 0,Seretok Pesak,Pawis Hilir,Kec. Jelimpo,Kab. Landak,Prov. Kalimantan Barat,79357,0,110,6,6,0,0,0,0,0,1,2,0,3,4,0,0,4,9,9,4,3,11,13,3,17,6,7,8,0,0,0,0,0,0,0,0,0,0,0,0,0,0,6,7,0,94,53,41,6,6,1,1,0,0,0,0,0,0,1,1,0,0,0,0,3,3,0,0,0,0,0,0,0,0,0,0,0,0,1,6,,,,,,,,,,,,,,,,,,
130912,SD NEGERI 29 LAMAN TONGON,https://dapo.kemdikbud.go.id/sekolah/E1B3DD78CBA601990852,http://sekolah.data.kemdikbud.go.id/index.php/chome/profil/40865309-30f5-e011-93ad-7bab8583b349,09 Mar 2023 22:22:53,C,Kurikulum 2013,30108648,Negeri,SD,Pemerintah Daerah,420/262/HK-2011,2007-04-01,420/262/HK-2011,2011-12-28,Tidak ada,BPD KALIMANTAN BA...,BPD KALIMANTAN BARAT CABANG NGABANG...,SDN29LAMANTONGON/BOS...,Bersedia Menerima,Pagi,Belum Bersertifikat,Tidak Ada,0,Tidak Ada,Jln. Raya Sangku Dusun Laman Tongon,3 / 1,Laman Tongon,Balai Peluntan,Kec. Jelimpo,Kab. Landak,Prov. Kalimantan Barat,79357,0,109,6,4,0,0,0,0,0,0,0,0,1,2,1,0,8,10,7,4,7,8,15,7,7,9,7,7,0,0,0,0,0,0,0,0,0,0,0,0,0,0,8,3,1,96,51,45,5,5,0,0,0,0,0,0,0,0,1,1,0,0,0,0,0,0,0,0,0,0,0,0,0,0,0,0,0,0,2,2,,,,,,,,,,,,,,,,,,
130912,SD NEGERI 30 NYIIN LABOS,https://dapo.kemdikbud.go.id/sekolah/EE4D3FB06575409879E7,http://sekolah.data.kemdikbud.go.id/index.php/chome/profil/10191ebd-92f8-e111-9757-2f38de6ddb80,31 Mar 2023 14:40:31,B,Kurikulum 2013,30107875,Negeri,SD,Pemerintah Daerah,412.2/258/HK-2008,2008-11-12,,1910-01-01,Tidak ada,BPD KALIMANTAN BA...,BPD KALIMANTAN BARAT CABANG NGABANG...,SDN30NYIINLABOS/BOS...,Bersedia Menerima,Sehari penuh (5 h/m),Belum Bersertifikat,Tidak Ada,0,Tidak Ada,Dusun Limau,5 / 3,LIMAU,NYIIN,Kec. Jelimpo,Kab. Landak,Prov. Kalimantan Barat,79357,0,110,6,5,0,0,0,0,0,5,5,0,3,3,0,0,5,1,4,6,5,4,2,3,5,3,10,4,0,0,0,0,0,0,0,0,0,0,0,0,0,0,6,6,0,52,31,21,3,3,0,0,0,0,0,0,0,0,1,1,0,0,0,0,3,3,1,1,0,0,0,0,0,0,0,0,0,0,3,3,,,,,,,,,,,,,,,,,,
130912,SD NEGERI 31 SENGKUANG,https://dapo.kemdikbud.go.id/sekolah/28ED5A8F655918B8DC51,http://sekolah.data.kemdikbud.go.id/index.php/chome/profil/40c157d6-92f8-e111-b1b9-338b3753e2e6,15 Mar 2023 13:22:05,C,Kurikulum 2013,30112082,Negeri,SD,Pemerintah Daerah,420/283/HK/2010,2010-12-28,420/283/HK-2010,1910-01-01,Tidak ada,BPD KALIMANTAN BA...,BPD KALIMANTAN BARAT CABANG NGABANG...,SDN31SENGKUANGBOS...,Bersedia Menerima,Pagi,Belum Bersertifikat,Tidak Ada,0,Tidak Ada,"Dusun Sengkuang, Desa Papung",1 / 2,Sengkuang,Papung,Kec. Jelimpo,Kab. Landak,Prov. Kalimantan Barat,79357,0,110,6,3,0,0,0,0,0,3,2,3,1,2,0,0,3,2,6,3,8,5,3,2,0,2,7,4,0,0,0,0,0,0,0,0,0,0,0,0,0,0,6,3,0,45,27,18,3,3,0,0,0,0,0,0,0,0,0,0,0,0,0,0,3,3,0,0,0,0,0,0,0,0,0,0,0,0,2,2,,,,,,,,,,,,,,,,,,
130912,SD NEGERI 32 RANGKAT PINGGAN,https://dapo.kemdikbud.go.id/sekolah/4D4499E5AF83CF4E68A2,http://sekolah.data.kemdikbud.go.id/index.php/chome/profil/ddd5da1e-9880-40e1-be45-b3110e229412,06 Mar 2023 05:43:30,C,Kurikulum 2013,69856902,Negeri,SD,Pemerintah Daerah,421.1/215.F./HK-2014,2014-07-01,421.1/215.F./HK-2014,2014-07-01,Tidak ada,BPD KALIMANTAN BA...,BPD KALIMANTAN BARAT CABANG NGABANG...,SDN32RANGKATPINGGAN/BOS...,Bersedia Menerima,Kombinasi,9001,Tidak Ada,0,Tidak Ada,JL. RANGKAT PINGGAN,8 / 3,Palo Belantian,Sekais,Kec. Jelimpo,Kab. Landak,Prov. Kalimantan Barat,79357,0,110,6,0,0,0,0,0,0,0,1,0,1,0,1,1,9,1,5,3,3,3,4,4,2,3,0,4,0,0,0,0,0,0,0,0,0,0,0,0,0,0,4,1,2,41,23,18,2,2,0,0,0,0,0,0,0,0,1,1,0,0,0,0,2,2,2,2,1,1,0,0,0,0,0,0,0,0,2,2,,,,,,,,,,,,,,,,,,
130912,SD NEGERI 33 KAYU ARA,https://dapo.kemdikbud.go.id/sekolah/6766415227E31C755DF6,http://sekolah.data.kemdikbud.go.id/index.php/chome/profil/2092c371-b12d-4069-bfd4-2f5343490838,08 Feb 2023 14:35:22,Tidak Terakreditasi,Kurikulum 2013,69965859,Negeri,SD,Pemerintah Daerah,420/154/HK.2016,2016-03-11,420/154/HK.2016,2016-03-11,Tidak ada,BPD KALIMANTAN BA...,BPD KALIMANTAN BARAT CABANG 055  NGABANG...,SDN33KAYUARABOS...,Bersedia Menerima,Kombinasi,Belum Bersertifikat,Tidak Ada,0,Tidak Ada,DUSUN KAYU ARA,2 / 2,Kayu Ara,Kayu Ara,Kec. Jelimpo,Kab. Landak,Prov. Kalimantan Barat,79357,0,110,6,6,0,0,0,0,0,6,6,0,2,4,0,0,4,2,3,2,9,5,3,0,4,2,4,0,0,0,0,0,0,0,0,0,0,0,0,0,0,0,2,6,0,38,27,11,2,2,0,0,0,0,0,0,0,0,1,1,0,0,0,0,3,3,0,0,0,0,0,0,0,0,0,0,0,0,3,3,,,,,,,,,,,,,,,,,,
130912,SD NEGERI 35 TANJUNG PETAI,https://dapo.kemdikbud.go.id/sekolah/C7ECAACCEA0B33297C14,http://sekolah.data.kemdikbud.go.id/index.php/chome/profil/4f1503cb-73be-48d9-90d3-9491cd6d3dc3,26 Feb 2023 23:44:57,,Kurikulum 2013,70004482,Negeri,SD,Pemerintah Daerah,420/213/HK-2017,2017-06-05,420/213/HK-2017,2017-06-05,Tidak ada,nama_bank,cabang,rek_atas_nama,Bersedia Menerima,Pagi,Belum Bersertifikat,Tidak Ada,0,Tidak Ada,Dusun Tanjung Petai,/,Tanjung Petai,Kersik Belantian,Kec. Jelimpo,Kab. Landak,Prov. Kalimantan Barat,79357,0,110,2,2,0,0,0,0,0,0,0,0,2,1,0,0,4,3,7,3,0,0,0,0,0,0,0,0,0,0,0,0,0,0,0,0,0,0,0,0,0,0,2,3,0,17,11,6,1,1,0,0,0,0,0,0,0,0,0,0,0,0,0,0,1,1,0,0,0,0,0,0,0,0,0,0,0,0,1,1,,,,,,,,,,,,,,,,,,
130912,SD SWASTA BINA SETIA LABOS,https://dapo.kemdikbud.go.id/sekolah/84815D0D7F9AD887CD06,http://sekolah.data.kemdikbud.go.id/index.php/chome/profil/9060ebf9-92f8-e111-9fe5-e93529cdddf6,20 Feb 2023 17:46:45,Tidak Terakreditasi,Kurikulum 2013,30107879,Swasta,SD,Yayasan,009/Kep/K//YBSI/V/2001,1910-01-01,062 TAHUN 2006,2006-08-22,Tidak ada,BPD KALIMANTAN BA...,BPD KALIMANTAN BARAT CABANG NGABANG...,SDBINASETIA/BOS...,Bersedia Menerima,Pagi,Belum Bersertifikat,Tidak Ada,0,Tidak Ada,Jelimpo,2 / 1,NYIIN,Nyiin,Kec. Jelimpo,Kab. Landak,Prov. Kalimantan Barat,78357,0,110,5,2,0,0,0,0,0,2,2,2,0,1,1,0,1,0,1,0,2,1,0,0,0,1,2,1,0,0,0,0,0,0,0,0,0,0,0,0,0,0,6,1,1,9,6,3,4,4,0,0,0,0,0,0,0,0,1,1,0,0,0,0,0,0,0,0,0,0,0,0,0,0,0,0,0,0,1,1,,,,,,,,,,,,,,,,,,
130912,SMP NEGERI 1 JELIMPO,https://dapo.kemdikbud.go.id/sekolah/FED7B722FDBEC73B6A58,http://sekolah.data.kemdikbud.go.id/index.php/chome/profil/6097b909-30f5-e011-9bb9-f90599477cfa,27 Mar 2023 08:47:43,A,Kurikulum 2013,69725658,Negeri,SMP,Pemerintah Daerah,79 Tahun 2003,2003-10-14,420/234/HK-2009,2009-11-23,Tidak ada,BPD KALIMANTAN BA...,BPD KALIMANTAN BARAT CABANG NGABANG...,SMPN01JELIMPO/BOS...,Bersedia Menerima,Pagi,Belum Bersertifikat,PLN,2200,Tidak Ada,Jl. Raya Ngabang-Jelimpo Km.18,1 / 1,JELIMPO,Jelimpo,Kec. Jelimpo,Kab. Landak,Prov. Kalimantan Barat,79357,0,110,15,0,3,4,2,0,3,2,7,2,6,16,1,3,0,0,0,0,0,0,0,0,0,0,0,0,82,77,79,71,70,76,0,0,0,0,0,0,0,0,37,22,4,455,231,224,13,13,1,1,2,2,0,0,1,1,1,1,0,0,1,1,3,3,1,1,0,0,0,0,1,1,1,1,1,1,8,8,,,,,,,,,,,,,,,,,,
130912,SMP NEGERI 2 JELIMPO,https://dapo.kemdikbud.go.id/sekolah/145481F454C0E7FC79C2,http://sekolah.data.kemdikbud.go.id/index.php/chome/profil/d0a5b909-30f5-e011-ae8f-69eccdc45b20,22 Mar 2023 11:03:23,C,Kurikulum 2013,30108660,Negeri,SMP,Pemerintah Daerah,0,2005-07-12,,2005-08-15,Tidak ada,BANK KALBAR,NGABANG,SMPN 2 JELIMPO/BOS,Bersedia Menerima,Pagi,Belum Bersertifikat,PLN,2200,Tidak Ada,Desa Angan Tembawang,1 / 1,Angan tembawang,Angan Tembawang,Kec. Jelimpo,Kab. Landak,Prov. Kalimantan Barat,78357,0,110,3,0,1,1,3,0,1,1,3,2,4,4,0,1,0,0,0,0,0,0,0,0,0,0,0,0,14,10,13,3,15,12,0,0,0,0,0,0,0,0,4,8,1,67,42,25,5,5,1,1,1,1,0,0,1,1,0,0,0,0,0,0,3,3,1,1,0,0,0,0,0,0,0,0,0,0,1,1,,,,,,,,,,,,,,,,,,
130912,SMP NEGERI 3 JELIMPO,https://dapo.kemdikbud.go.id/sekolah/DA2274DA48E96209E3D6,http://sekolah.data.kemdikbud.go.id/index.php/chome/profil/30b4b909-30f5-e011-bfb6-09b58069ab9b,10 Mar 2023 13:32:50,C,Kurikulum 2013,30107741,Negeri,SMP,Pemerintah Daerah,420/194/HK/2007,2006-07-17,420/194/HK/2007,2007-09-11,Tidak ada,BPD KALIMANTAN BA...,BPD KALIMANTAN BARAT CABANG NGABANG...,SMPN03JELIMPO/BOS...,Bersedia Menerima,Siang,Belum Bersertifikat,Tenaga Surya,0,Tidak Ada,Jl. Dusun Sebadok,5 / 5,SEBADOK,TEMAHAR,Kec. Jelimpo,Kab. Landak,Prov. Kalimantan Barat,79357,0,110,4,0,1,2,2,0,1,1,3,1,6,5,1,0,0,0,0,0,0,0,0,0,0,0,0,0,23,16,22,26,15,14,0,0,0,0,0,0,0,0,3,11,1,116,60,56,5,5,1,1,2,2,0,0,1,1,1,1,0,0,0,0,5,5,0,0,0,0,0,0,0,0,0,0,0,0,5,5,,,,,,,,,,,,,,,,,,
130912,SMP NEGERI 4 JELIMPO,https://dapo.kemdikbud.go.id/sekolah/033E6B0B0FB048665BB9,http://sekolah.data.kemdikbud.go.id/index.php/chome/profil/a0fe9fac-96f8-e111-970d-174baf450957,30 Mar 2023 15:39:40,C,Kurikulum 2013,30107743,Negeri,SMP,Pemerintah Daerah,420 / 262 / HK - 2009,2009-12-11,420 / 262 / HK - 2011,2011-12-28,Tidak ada,BPD KALIMANTAN BA...,BPD KALIMANTAN BARAT CABANG NGABANG...,SMPN04JELIMPO/BOS...,Bersedia Menerima,Pagi,Belum Bersertifikat,Lainnya,900,Tidak Ada,Kersik Belantian,1 / 1,Dusun Kersik,Kersik Belantian,Kec. Jelimpo,Kab. Landak,Prov. Kalimantan Barat,78357,0,110,6,0,2,2,1,0,2,2,3,2,7,4,1,0,0,0,0,0,0,0,0,0,0,0,0,0,26,31,23,22,33,18,0,0,0,0,0,0,0,0,9,11,1,153,82,71,6,6,1,1,1,1,0,0,0,0,0,0,0,0,0,0,3,3,0,0,0,0,0,0,0,0,0,0,0,0,5,5,,,,,,,,,,,,,,,,,,
130912,SMP NEGERI 5 JELIMPO,https://dapo.kemdikbud.go.id/sekolah/16D880B921ABD27DE41E,http://sekolah.data.kemdikbud.go.id/index.php/chome/profil/b08949d5-96f8-e111-98ed-c3116df4c86b,28 Mar 2023 03:35:33,C,Kurikulum 2013,30109765,Negeri,SMP,Pemerintah Daerah,420 / - 198 / 2010,1910-01-01,420 / - 198 / 2010,1910-01-01,Tidak ada,BPD KALIMANTAN BA...,BPD KALIMANTAN BARAT CABANG UNIT NGABANG...,SMPN05JELIMPO/BOS...,Bersedia Menerima,Kombinasi,Belum Bersertifikat,PLN,450,Telkom Astinet,Jln. Raya Papung,0 / 0,Papung,Papung,Kec. Jelimpo,Kab. Landak,Prov. Kalimantan Barat,78357,0,110,4,0,1,1,1,0,2,1,2,2,5,3,1,0,0,0,0,0,0,0,0,0,0,0,0,0,21,19,17,12,16,15,0,0,0,0,0,0,0,0,5,8,1,100,54,46,6,6,1,1,1,1,0,0,0,0,0,0,0,0,0,0,3,3,0,0,0,0,0,0,0,0,0,0,0,0,1,1,,,,,,,,,,,,,,,,,,
130912,SMP NEGERI 6 JELIMPO,https://dapo.kemdikbud.go.id/sekolah/CF41FE91B524F3EC73BC,http://sekolah.data.kemdikbud.go.id/index.php/chome/profil/ed5b8d44-177b-46eb-9489-c0c1638455dc,30 Mar 2023 22:31:17,C,Kurikulum 2013,69856930,Negeri,SMP,Pemerintah Daerah,421.1/117.A/HK-2014,2014-03-03,421.1/117.A/HK-2014,2014-03-03,Tidak ada,BPD Kalbar,Ngabang,SMP Negeri 6 Jelimpo,Bersedia Menerima,Pagi,Proses Sertifikasi,PLN,1300,Telkomsel Flash,JLN. SANGKU,1 / 1,PAWIS HILIR,Pawis Hilir,Kec. Jelimpo,Kab. Landak,Prov. Kalimantan Barat,79357,0,110,6,0,2,2,1,0,1,1,4,2,5,7,1,0,0,0,0,0,0,0,0,0,0,0,0,0,26,23,16,31,22,30,0,0,0,0,0,0,0,0,14,12,1,148,64,84,5,5,1,1,1,1,0,0,0,0,0,0,0,0,0,0,3,3,0,0,0,0,0,0,0,0,0,0,0,0,5,5,,,,,,,,,,,,,,,,,,
130912,SMP SWASTA BINUA SANGKU,https://dapo.kemdikbud.go.id/sekolah/AE61F856A26A08498757,http://sekolah.data.kemdikbud.go.id/index.php/chome/profil/2001cd09-30f5-e011-9fc3-dfb23872e7b6,30 Mar 2023 11:26:13,B,Kurikulum 2013,30104416,Swasta,SMP,Yayasan,193 / PRM / 1995,1995-05-23,82 / I 14 / KEP / 1995,1995-07-17,Tidak ada,BPD,055 CABANG NGABANG,SMP PERUM SANGKU / BOS,Bersedia Menerima,Siang,Belum Bersertifikat,PLN,3500,Tidak Ada,Dara itam I,7 / 3,Selaba,Dara Itam I,Kec. Jelimpo,Kab. Landak,Prov. Kalimantan Barat,79357,0,110,3,0,2,2,1,0,2,1,1,3,1,5,1,0,0,0,0,0,0,0,0,0,0,0,0,0,15,14,16,14,9,16,0,0,0,0,0,0,0,0,6,6,1,84,40,44,3,3,1,1,0,0,0,0,1,1,1,1,0,0,0,0,2,2,0,0,0,0,0,0,1,1,0,0,1,1,1,1,,,,,,,,,,,,,,,,,,
130912,SMP SWASTA GPPIK JELIMPO,https://dapo.kemdikbud.go.id/sekolah/C63AB1BB264B5BBBB7AF,http://sekolah.data.kemdikbud.go.id/index.php/chome/profil/b0d5cc09-30f5-e011-81f8-51884f141f0c,27 Feb 2023 00:56:50,C,Kurikulum 2013,30104386,Swasta,SMP,Yayasan,420/430/TUM,2002-07-01,420/430/TUM,2002-07-01,Tidak ada,KALBAR,Ngabang,SMP GPPIK JELIMPO,Bersedia Menerima,Siang,Belum Bersertifikat,PLN,900,Telkomsel Flash,Jl. Raya Jelimpo,1 / 1,Jelimpo,JELIMPO,Kec. Jelimpo,Kab. Landak,Prov. Kalimantan Barat,78357,0,110,3,0,1,1,1,0,1,1,1,1,1,1,1,0,0,0,0,0,0,0,0,0,0,0,0,0,7,1,8,9,4,7,0,0,0,0,0,0,0,0,2,2,1,36,19,17,3,3,0,0,0,0,0,0,1,1,1,1,0,0,0,0,2,2,0,0,0,0,0,0,0,0,0,0,0,0,1,1,,,,,,,,,,,,,,,,,,
130912,SMAN 1 JELIMPO,https://dapo.kemdikbud.go.id/sekolah/99A70E0F03F2B571E144,http://sekolah.data.kemdikbud.go.id/index.php/chome/profil/929f8078-688a-4679-bcbc-efa72fea21cd,28 Mar 2023 20:06:20,B,Kurikulum 2013,30108783,Negeri,SMA,Pemerintah Daerah,420/262/HK-2009,2009-12-11,420/262/HK-2009,2009-12-11,Tidak ada,BPD,Ngabang,SMA Negeri 1 Jelimpo,Bersedia Menerima,Pagi,Belum Bersertifikat,PLN,3500,Lainnya (Serat Optik),JL. RAYA  JELIMPO,3 / 3,Tamang,Jelimpo,Kec. Jelimpo,Kab. Landak,Prov. Kalimantan Barat,79357,0,110,10,0,5,2,1,4,1,1,3,1,9,11,2,0,0,0,0,0,0,0,0,0,0,0,0,0,0,0,0,0,0,0,54,53,53,53,48,71,0,0,10,20,2,332,155,177,8,8,1,1,2,2,0,0,1,1,1,1,0,0,0,0,6,6,1,1,0,0,1,1,1,1,0,0,0,0,15,16,,,,,,,,,,,,,,,,,,
130912,SMAS RENTAWAN JELIMPO,https://dapo.kemdikbud.go.id/sekolah/DB1B2630EBEF917A4CFA,http://sekolah.data.kemdikbud.go.id/index.php/chome/profil/9ecb03cc-9549-4067-acd0-4abac879d584,26 Feb 2023 21:25:57,C,Kurikulum 2013,30104496,Swasta,SMA,Yayasan,420/430/TUM,1900-01-01,420 / 430 / TUM,1900-01-01,Tidak ada,BANK KALBAR,ngabang,SMAS RENTAWAN JELIMPO,Bersedia Menerima,Siang,Belum Bersertifikat,PLN,900,Tidak Ada,JL. RAYA JELIMPO,1 / 1,jelimpo,Jelimpo,Kec. Jelimpo,Kab. Landak,Prov. Kalimantan Barat,79357,0,110,3,0,1,2,1,1,2,1,1,1,5,6,1,0,0,0,0,0,0,0,0,0,0,0,0,0,0,0,0,0,0,0,4,3,22,16,8,7,0,0,2,11,1,60,34,26,3,3,1,1,1,1,0,0,1,1,1,1,0,0,0,0,1,1,0,0,0,0,0,0,0,0,0,0,0,0,3,3,,,,,,,,,,,,,,,,,,
130912,SMK SANTO ALEXIUS FALCONIERI JELIMPO,https://dapo.kemdikbud.go.id/sekolah/AC80D384A194C67CA247,http://sekolah.data.kemdikbud.go.id/index.php/chome/profil/48b4eb3f-cc69-40c4-bba1-30a19528b5f5,25 Feb 2023 23:09:12,C,Kurikulum 2013,69989675,Swasta,SMK,Yayasan,AHU-4081.AH.01.02.Tahun 2008,2008-09-08,429 TAHUN 2019,2019-03-28,Tidak ada,nama_bank,cabang,rek_atas_nama,Bersedia Menerima,Pagi,Belum Bersertifikat,PLN,1300,Tidak Ada,JALAN NANDONG,3 / 3,Dusun Jelimpo,Jelimpo,Kec. Jelimpo,Kab. Landak,Prov. Kalimantan Barat,79357,0,110,6,0,1,2,2,0,1,1,1,0,4,9,1,1,0,0,0,0,0,0,0,0,0,0,0,0,0,0,0,0,0,0,8,6,13,3,10,7,0,0,2,13,2,47,31,16,6,6,0,0,0,0,0,0,1,1,1,1,0,0,0,0,3,3,1,1,0,0,0,0,0,0,0,0,0,0,2,2,,,,,,,,,,,,,,,,,,
130912,PKBM KIONG KANDANG,https://dapo.kemdikbud.go.id/sekolah/0306A419A5DBB5C00D5E,http://sekolah.data.kemdikbud.go.id/index.php/chome/profil/4b8ad039-ae36-43f5-bd34-ef5e1bfedee1,22 Jun 2022 23:06:09,,,P9948121,Swasta,PKBM,Lainnya,066 Tahun 2009,2009-12-16,066 Tahun 2009,2009-12-16,Tidak ada,BPD KALIMANTAN BARAT,BANK KALBAR CABANG NGABANG,P9948121 PKBM KIONG KANDANG,,,,,,,"Dusun Sawi, Desa Dara Itam I, Kecamatan Jelimpo",1 / 1,Sawi,Dara Itam I,Kec. Jelimpo,Kab. Landak,Prov. Kalimantan Barat,78357,0,110,0,0,0,0,0,0,0,0,0,0,0,0,0,0,0,0,0,0,0,0,0,0,0,0,0,0,0,0,0,0,0,0,0,0,0,0,0,0,0,0,0,0,0,0,0,0,0,0,0,0,0,0,0,0,0,0,0,0,0,0,0,0,0,0,0,0,0,0,0,0,0,0,0,0,0,0,2,2,,,,,,,,,,,,,,,,,,
