kode_kec,nama,link_dapo,link_sekolah_kita,last_sync,akreditasi,kurikulum,npsn,status,bentuk_pendidikan,status_kepemilikan,sk_pendirian_sekolah,tanggal_sk_pendirian,sk_izin_operasional,tanggal_sk_izin_operasional,kebutuhan_khusus_dilayani,nama_bank,cabang_kcp/unit,rekening_atas_nama,status_bos,waku_penyelenggaraan,sertifikasi_iso,sumber_listrik,daya_listrik,akses_internet,alamat,rt_/_rw,dusun,desa_/_kelurahan,kecamatan,kabupaten,provinsi,kode_pos,lintang,bujur,rombel,guru_kelas,guru_matematika,guru_bahasa_indonesia,guru_bahasa_inggris,guru_sejarah_indonesia,guru_pkn,guru_penjaskes,guru_agama_budi_pekerti,guru_seni_budaya,ptk_laki,ptk_perempuan,pegawai_laki,pegawai_perempuan,pd_kelas_1_laki,pd_kelas_1_perempuan,pd_kelas_2_laki,pd_kelas_2_perempuan,pd_kelas_3_laki,pd_kelas_3_perempuan,pd_kelas_4_laki,pd_kelas_4_perempuan,pd_kelas_5_laki,pd_kelas_5_perempuan,pd_kelas_6_laki,pd_kelas_6_perempuan,pd_kelas_7_laki,pd_kelas_7_perempuan,pd_kelas_8_laki,pd_kelas_8_perempuan,pd_kelas_9_laki,pd_kelas_9_perempuan,pd_kelas_10_laki,pd_kelas_10_perempuan,pd_kelas_11_laki,pd_kelas_11_perempuan,pd_kelas_12_laki,pd_kelas_12_perempuan,pd_kelas_13_laki,pd_kelas_13_perempuan,jumlah_kirim,ptk,pegawai,pd,pd_laki,pd_perempuan,before_ruang_kelas,after_ruang_kelas,before_ruang_perpus,after_ruang_perpus,before_ruang_lab,after_ruang_lab,before_ruang_praktik,after_ruang_praktik,before_ruang_pimpinan,after_ruang_pimpinan,before_ruang_guru,after_ruang_guru,before_ruang_ibadah,after_ruang_ibadah,before_ruang_uks,after_ruang_uks,before_toilet,after_toilet,before_gudang,after_gudang,before_ruang_sirkulasi,after_ruang_sirkulasi,before_tempat_bermain_olahraga,after_tempat_bermain_olahraga,before_ruang_tu,after_ruang_tu,before_ruang_konseling,after_ruang_konseling,before_ruang_osis,after_ruang_osis,before_bangunan,after_bangunan,identitas_valid,ptk_valid,pd_valid,prasarana_valid,total_valid,sekolah_id,semester_id,sumber_air,sumber_air_minum,kecukupan_air_bersih,jamban_kk,tipe_jamban,jml_hari_cuci_tangan,jml_wastafel,jml_wastafel_rusak,air_mengalir_wastafel,memiliki_drainase,menguras_tangki_septik
300307,TK MAKARTI,https://dapo.kemdikbud.go.id/sekolah/D761B86EF406FA563A9A,http://sekolah.data.kemdikbud.go.id/index.php/chome/profil/a5da5a65-bb96-45dd-90d8-9a68daefe6ed,17 Feb 2023 13:37:08,B,Kurikulum 2013,40501985,Negeri,TK,Lainnya,800/PEND/854/IX/2022,2022-09-11,800/PEND/854/IX/2022,2022-09-11,Tidak ada,BPD SULAWESI UTARA,Cabang Marisa,40501985 TK MAKARTI,Bersedia Menerima,Pagi,Belum Bersertifikat,PLN,900,Telkomsel Flash,DESA MAKARTI JAYA,0 / 0,Jaya Karsa,Mekarti Jaya,Kec. Taluditi,Kab. Pohuwato,Prov. Gorontalo,96268,0,0,2,2,0,0,0,0,0,0,0,0,0,1,0,1,0,0,0,0,0,0,0,0,0,0,0,0,0,0,0,0,0,0,0,0,0,0,0,0,0,0,4,1,1,38,20,18,2,2,0,0,0,0,0,0,0,0,1,1,0,0,0,0,1,1,0,0,0,0,0,0,0,0,0,0,0,0,1,1,,,,,,,,,,,,,,,,,,
300307,TK MELATI,https://dapo.kemdikbud.go.id/sekolah/9C9BE0863DB433654709,http://sekolah.data.kemdikbud.go.id/index.php/chome/profil/8608b9c2-d8d4-445f-954c-a152579422de,01 Apr 2023 15:02:58,B,Kurikulum 2013,40501987,Negeri,TK,Yayasan,800/PEND/838/IX/2022,2022-09-12,800/PEND/838/IX/2022,2022-09-12,Tidak ada,BPD SULAWESI UTARA,Cabang Marisa,40501987 TK MELATI,Bersedia Menerima,Sehari penuh (5 h/m),Belum Bersertifikat,PLN,900,Telkomsel Flash,Jl. Trans Taluditi Kec. Taluditi,0 / 0,Mulya,Panca Karsa Ii,Kec. Taluditi,Kab. Pohuwato,Prov. Gorontalo,96268,0,0,3,3,0,0,0,0,0,0,0,0,0,3,0,1,0,0,0,0,0,0,0,0,0,0,0,0,0,0,0,0,0,0,0,0,0,0,0,0,0,0,5,3,1,49,24,25,2,2,0,0,0,0,0,0,0,0,1,1,0,0,0,0,0,0,0,0,0,0,0,0,0,0,0,0,0,0,1,1,,,,,,,,,,,,,,,,,,
300307,TK NEGERI PEMBINA TALUDITI,https://dapo.kemdikbud.go.id/sekolah/1A0D1D24C2D11EC9B39F,http://sekolah.data.kemdikbud.go.id/index.php/chome/profil/6d3962f2-018c-4329-bc36-54c6b043f810,13 Mar 2023 15:11:39,B,Kurikulum 2013,40501984,Negeri,TK,Pemerintah Daerah,592/12/XII/2017,2017-12-06,592/12/XII/2017,2017-12-06,Tidak ada,BPD SULAWESI UTARA,Cabang Marisa,40501984 TK NEGERI PEMBINA TALUDITI,Bersedia Menerima,Sehari penuh (5 h/m),Belum Bersertifikat,,900,Telkomsel Flash,DESA KALIMAS,0 / 0,Suka Damai,Kalimas,Kec. Taluditi,Kab. Pohuwato,Prov. Gorontalo,96268,0,0,5,5,0,0,0,0,0,0,0,0,0,5,0,1,0,0,0,0,0,0,0,0,0,0,0,0,0,0,0,0,0,0,0,0,0,0,0,0,0,0,4,5,1,78,38,40,3,3,0,0,0,0,0,0,0,0,1,0,0,0,0,0,2,2,0,0,0,0,0,0,0,0,0,0,0,0,1,1,,,,,,,,,,,,,,,,,,
300307,PAUD TERPADU ALAM PERSADA,https://dapo.kemdikbud.go.id/sekolah/C9EB3D2790261EE77880,http://sekolah.data.kemdikbud.go.id/index.php/chome/profil/cb5be8f5-148b-406d-baae-1c8cd94cd1b0,01 Sep 2022 03:51:47,B,Kurikulum 2013,69916295,Swasta,TK,Yayasan,800/PEND/160/III/2017,2017-03-27,800/PEND/160/III/2017,2017-03-27,Tidak ada,BPD SULAWESI UTARA,Cabang Marisa,69916295 PAUD TERPADU ALAM PERSADA,Bersedia Menerima,Sehari penuh (5 h/m),Belum Bersertifikat,,0,Tidak Ada,JL TRANSMIGRASI,/,PUNCAK RAYA,UPT MARISA V TITIK B,Kec. Taluditi,Kab. Pohuwato,Prov. Gorontalo,96268,0,0,1,1,0,0,0,0,0,0,0,0,0,2,0,1,0,0,0,0,0,0,0,0,0,0,0,0,0,0,0,0,0,0,0,0,0,0,0,0,0,0,1,2,1,0,0,0,1,1,0,0,0,0,0,0,0,0,1,1,0,0,0,0,1,1,2,2,0,0,0,0,0,0,0,0,0,0,1,1,,,,,,,,,,,,,,,,,,
300307,TK ANGGREK,https://dapo.kemdikbud.go.id/sekolah/2B2C6E2362E12174DCCF,http://sekolah.data.kemdikbud.go.id/index.php/chome/profil/ae4fad10-4ffe-4308-9ae7-2a78b6cb97d9,04 Mar 2023 20:06:59,C,Kurikulum 2013,40502717,Swasta,TK,Yayasan,01/SK.P/TK.Angg/2005,2005-09-27,800/PEND/168/III/2017,2017-03-27,Tidak ada,BPD SULAWESI UTARA,Cabang Marisa,40502717 TK ANGGREK,Bersedia Menerima,Sehari penuh (5 h/m),Belum Bersertifikat,PLN,900,Tidak Ada,Dusun II,0 / 0,Dua,Malango,Kec. Taluditi,Kab. Pohuwato,Prov. Gorontalo,96268,0,0,2,2,0,0,0,0,0,0,0,0,0,3,0,1,0,0,0,0,0,0,0,0,0,0,0,0,0,0,0,0,0,0,0,0,0,0,0,0,0,0,9,3,1,28,11,17,2,2,0,0,0,0,0,0,1,1,0,0,0,0,0,0,1,2,0,0,0,0,0,0,0,0,0,0,0,0,2,2,,,,,,,,,,,,,,,,,,
300307,TK CENDANA,https://dapo.kemdikbud.go.id/sekolah/2C3DFAF9B4A28C1E1444,http://sekolah.data.kemdikbud.go.id/index.php/chome/profil/5b5a7a87-7619-466a-8e41-7cc21f011cc2,28 Mar 2023 12:22:17,B,Kurikulum 2013,40501986,Swasta,TK,Lainnya,20,2016-04-06,800/PEND/625/IV/2022,2022-04-22,Tidak ada,BPD SULAWESI UTARA,Cabang Marisa,40501986 TK CENDANA,Bersedia Menerima,Pagi,Belum Bersertifikat,PLN,900,Telkomsel Flash,DESA PANCA KARSA I,0 / 0,Jaya Karsa,Panca Karsa I,Kec. Taluditi,Kab. Pohuwato,Prov. Gorontalo,96268,0,0,6,6,0,0,0,0,0,0,0,0,0,3,0,1,0,0,0,0,0,0,0,0,0,0,0,0,0,0,0,0,0,0,0,0,0,0,0,0,0,0,7,3,1,55,24,31,6,6,0,0,0,0,0,0,0,0,1,1,0,0,0,0,1,1,0,0,0,0,0,0,0,0,0,0,0,0,1,1,,,,,,,,,,,,,,,,,,
300307,KB Al - Hidayah,https://dapo.kemdikbud.go.id/sekolah/D06F8A70EB0416A28546,http://sekolah.data.kemdikbud.go.id/index.php/chome/profil/940e143a-95f8-4946-aefd-dc2dd3984b36,06 Feb 2023 08:27:50,C,Kurikulum 2013,69797723,Swasta,KB,Yayasan,,,420/Prnd/    /PNFI/I/2009,,Tidak ada,BPD SULAWESI UTARA,Cabang Marisa,69797723 KB AL   HIDAYAH,Bersedia Menerima,Sehari penuh (5 h/m),Proses Sertifikasi,PLN,900,Telkomsel Flash,Marisa VI,/,Guna karya,UPT.MARISA VI,Kec. Taluditi,Kab. Pohuwato,Prov. Gorontalo,96268,0,0,2,2,0,0,0,0,0,0,0,0,0,1,0,0,0,0,0,0,0,0,0,0,0,0,0,0,0,0,0,0,0,0,0,0,0,0,0,0,0,0,3,1,0,39,18,21,2,2,0,0,0,0,0,0,0,0,1,1,0,0,0,0,1,1,0,0,0,0,0,0,0,0,0,0,0,0,1,1,,,,,,,,,,,,,,,,,,
300307,KB ANGSANA,https://dapo.kemdikbud.go.id/sekolah/CBB44D9A0231587ACD43,http://sekolah.data.kemdikbud.go.id/index.php/chome/profil/59ae523b-69cd-4306-b0d2-f43e7bca1551,08 Mar 2023 14:39:09,C,Kurikulum 2013,69797706,Swasta,KB,Lainnya,800/PEND/235/III/2017,2017-03-27,800/PEND/235/III/2017,2017-03-27,Tidak ada,BPD SULAWESI UTARA,Cabang Marisa,69797706 KB ANGSANA,Bersedia Menerima,Sehari penuh (5 h/m),Belum Bersertifikat,Tidak Ada,0,Telkomsel Flash,TRANS TALUDITI,/,Bukit Mulya,Panca Karsa I,Kec. Taluditi,Kab. Pohuwato,Prov. Gorontalo,96268,0,0,1,1,0,0,0,0,0,0,0,0,0,1,0,2,0,0,0,0,0,0,0,0,0,0,0,0,0,0,0,0,0,0,0,0,0,0,0,0,0,0,8,1,2,12,4,8,1,1,0,0,0,0,0,0,0,0,1,1,0,0,0,0,1,0,0,0,0,0,0,0,0,0,0,0,0,0,1,1,,,,,,,,,,,,,,,,,,
300307,KB Anugrah,https://dapo.kemdikbud.go.id/sekolah/31CC3EC434B281E9F0ED,http://sekolah.data.kemdikbud.go.id/index.php/chome/profil/480deadc-5a0a-48b8-914b-1caea69f97f1,17 Mar 2023 11:48:41,B,Kurikulum 2013,69797738,Swasta,KB,Lainnya,,,808/Pend/  /PNFI/I/2010,,Tidak ada,BPD SULAWESI UTARA,Cabang Marisa,69797738 KB ANUGRAH,Bersedia Menerima,Sehari penuh (5 h/m),Belum Bersertifikat,,900,Telkomsel Flash,Tiro asri,/,Anugrah,TIRTO ASRI,Kec. Taluditi,Kab. Pohuwato,Prov. Gorontalo,96268,0,0,2,3,0,0,0,0,0,0,0,0,0,2,0,1,0,0,0,0,0,0,0,0,0,0,0,0,0,0,0,0,0,0,0,0,0,0,0,0,0,0,7,2,1,38,20,18,2,2,0,0,0,0,0,0,1,1,1,1,0,0,0,0,1,1,0,0,0,0,0,0,0,0,0,0,0,0,1,1,,,,,,,,,,,,,,,,,,
300307,KB Cempaka Putih,https://dapo.kemdikbud.go.id/sekolah/ACAADB6718B468B9BFFB,http://sekolah.data.kemdikbud.go.id/index.php/chome/profil/c5f2b123-6c37-4fdb-b518-d65512b4ab4c,06 Feb 2023 08:16:21,C,Kurikulum 2013,69867710,Swasta,KB,Yayasan,,,808/Pend/       /PNFI/VI/,,Tidak ada,BPD SULAWESI UTARA,Cabang Marisa,69867710 KB CEMPAKA PUTIH,Bersedia Menerima,Sehari penuh (5 h/m),Belum Bersertifikat,PLN,900,Telkomsel Flash,Marisa VI,/,Permai,UPT.MARISA VI,Kec. Taluditi,Kab. Pohuwato,Prov. Gorontalo,96268,0,0,2,2,0,0,0,0,0,0,0,0,0,0,0,1,0,0,0,0,0,0,0,0,0,0,0,0,0,0,0,0,0,0,0,0,0,0,0,0,0,0,2,0,1,21,11,10,2,2,0,0,0,0,0,0,0,0,1,1,0,0,0,0,1,1,0,0,0,0,0,0,0,0,0,0,0,0,1,1,,,,,,,,,,,,,,,,,,
300307,KB Ceria,https://dapo.kemdikbud.go.id/sekolah/F670240425F419F2BDB5,http://sekolah.data.kemdikbud.go.id/index.php/chome/profil/957940e2-3516-4a0a-969f-ca9ba3432713,06 Feb 2023 09:56:23,C,Kurikulum 2013,69797724,Swasta,KB,Yayasan,,,808/Pend/238/PNFI/VI/2010,,Tidak ada,BPD SULAWESI UTARA,Cabang Marisa,69797724 KB CERIA,Bersedia Menerima,Sehari penuh (5 h/m),Belum Bersertifikat,,1300,Telkomsel Flash,Malango,/,II,MALANGO,Kec. Taluditi,Kab. Pohuwato,Prov. Gorontalo,96268,0,0,2,2,0,0,0,0,0,0,0,0,0,2,0,1,0,0,0,0,0,0,0,0,0,0,0,0,0,0,0,0,0,0,0,0,0,0,0,0,0,0,2,2,1,21,9,12,2,2,0,0,0,0,0,0,0,0,1,1,0,0,0,0,1,1,0,0,0,0,0,0,0,0,0,0,0,0,1,1,,,,,,,,,,,,,,,,,,
300307,KB KARTINI,https://dapo.kemdikbud.go.id/sekolah/632B8B43D2519A37D7C2,http://sekolah.data.kemdikbud.go.id/index.php/chome/profil/740045e6-d51e-4cf9-bd6b-a2e0aabe1d61,17 Mar 2023 10:13:04,B,Kurikulum 2013,69797713,Swasta,KB,Yayasan,36,2009-04-20,800/PEND/170/III/2017,2017-03-27,Tidak ada,BPD SULAWESI UTARA,Cabang Marisa,69797713 KB KARTINI,Bersedia Menerima,Sehari penuh (5 h/m),Proses Sertifikasi,,1300,Telkomsel Flash,Jl. AGROPOLITAN,/,Suka Maju,Kalimas,Kec. Taluditi,Kab. Pohuwato,Prov. Gorontalo,96268,0,0,2,2,0,0,0,0,0,0,0,0,0,2,0,1,0,0,0,0,0,0,0,0,0,0,0,0,0,0,0,0,0,0,0,0,0,0,0,0,0,0,4,2,1,34,11,23,2,2,0,0,0,0,0,0,1,1,1,1,0,0,0,0,1,1,1,1,0,0,0,0,0,0,0,0,0,0,1,1,,,,,,,,,,,,,,,,,,
300307,KB MANDIRI,https://dapo.kemdikbud.go.id/sekolah/7776F204D3E11CF6B3F4,http://sekolah.data.kemdikbud.go.id/index.php/chome/profil/85ff2a20-2b0d-4b5b-8571-16a4f5aea03e,23 Jan 2023 05:29:46,C,Kurikulum 2013,69867709,Swasta,KB,Yayasan,38,2009-04-20,800/PEND/831/IV/2022,2022-04-22,Tidak ada,BPD SULAWESI UTARA,Cabang Marisa,69867709 KB MANDIRI,Bersedia Menerima,Pagi,Belum Bersertifikat,,900,Telkomsel Flash,Jl. POROS,/,Jaya Karsa,Mekarti Jaya,Kec. Taluditi,Kab. Pohuwato,Prov. Gorontalo,96268,0,0,1,1,0,0,0,0,0,0,0,0,0,2,0,1,0,0,0,0,0,0,0,0,0,0,0,0,0,0,0,0,0,0,0,0,0,0,0,0,0,0,1,2,1,35,19,16,1,1,0,0,0,0,0,0,0,0,1,1,0,0,0,0,0,0,0,0,0,0,0,0,0,0,0,0,0,0,1,1,,,,,,,,,,,,,,,,,,
300307,KB MELATI,https://dapo.kemdikbud.go.id/sekolah/5880B21083EE95C20E79,http://sekolah.data.kemdikbud.go.id/index.php/chome/profil/efa24f60-6a30-4a98-bae0-85910c6bcb36,28 Feb 2023 08:35:30,C,Kurikulum 2013,69797746,Swasta,KB,Lainnya,37,2009-04-20,800/PEND/808/IV/2022,2022-04-22,Tidak ada,BPD SULAWESI UTARA,Cabang Marisa,69797746 KB MELATI,Bersedia Menerima,Sehari penuh (5 h/m),Belum Bersertifikat,,900,Telkom Speedy,SUNGAI TALUDITI,/,Mulya,Panca Karsa Ii,Kec. Taluditi,Kab. Pohuwato,Prov. Gorontalo,96269,0,0,1,1,0,0,0,0,0,0,0,0,0,1,0,1,0,0,0,0,0,0,0,0,0,0,0,0,0,0,0,0,0,0,0,0,0,0,0,0,0,0,2,1,1,23,11,12,1,1,0,0,0,0,0,0,0,0,1,1,0,0,0,0,1,1,0,0,0,0,0,0,0,0,0,0,0,0,1,1,,,,,,,,,,,,,,,,,,
300307,KB Pelangi,https://dapo.kemdikbud.go.id/sekolah/6DDFFEF7BA009D87E884,http://sekolah.data.kemdikbud.go.id/index.php/chome/profil/c41177d8-4ddd-4327-a01a-ccdccbb86c08,04 Feb 2023 10:09:35,B,Kurikulum 2013,69797721,Swasta,KB,Yayasan,,,808/Pend/057/PNFI/VI/2010,,Tidak ada,BPD SULAWESI UTARA,Cabang Marisa,69797721 KB PELANGI,Bersedia Menerima,Sehari penuh (5 h/m),Proses Sertifikasi,PLN,900,Telkomsel Flash,Trans Taluditi,/,Tiga,MALANGO,Kec. Taluditi,Kab. Pohuwato,Prov. Gorontalo,96268,-5,114,2,2,0,0,0,0,0,0,0,0,0,1,0,1,0,0,0,0,0,0,0,0,0,0,0,0,0,0,0,0,0,0,0,0,0,0,0,0,0,0,2,1,1,18,9,9,2,2,0,0,0,0,0,0,0,0,1,1,0,0,1,1,1,1,0,0,0,0,0,0,0,0,0,0,0,0,1,1,,,,,,,,,,,,,,,,,,
300307,PAUD MAWAR,https://dapo.kemdikbud.go.id/sekolah/3954562CC683FEC5DE33,http://sekolah.data.kemdikbud.go.id/index.php/chome/profil/8ed438ff-daa6-4be9-a121-30d03dfa22cc,06 Feb 2023 08:51:42,B,Kurikulum 2013,69918150,Swasta,KB,Yayasan,800/CBDS/TLDT/567.b/IV/20,2011-10-28,800/PEND/50/PAUDNI PORABU,2013-11-08,Tidak ada,BPD SULAWESI UTARA,Cabang Marisa,69918150 PAUD MAWAR,Bersedia Menerima,Sehari penuh (5 h/m),Proses Sertifikasi,PLN,900,Telkomsel Flash,PUNCAK JAYA,/,Terjun Harapan,Upt.Marisa Vi,Kec. Taluditi,Kab. Pohuwato,Prov. Gorontalo,96268,0,0,2,2,0,0,0,0,0,0,0,0,0,1,0,0,0,0,0,0,0,0,0,0,0,0,0,0,0,0,0,0,0,0,0,0,0,0,0,0,0,0,2,1,0,19,8,11,2,2,0,0,0,0,0,0,0,0,1,1,0,0,0,0,1,1,0,0,0,0,0,0,0,0,0,0,0,0,1,1,,,,,,,,,,,,,,,,,,
300307,PAUD TERPADU ALAM PERSADA,https://dapo.kemdikbud.go.id/sekolah/BFF468E37E1F346D9782,http://sekolah.data.kemdikbud.go.id/index.php/chome/profil/b11f97be-8d2b-471d-9137-8bd0d06fc0f0,31 Aug 2022 07:41:03,B,Kurikulum 2013,69916298,Swasta,KB,Yayasan,810/CDP/TLDT/124/X/2015,2015-10-12,800/DIKBUDPORA/11/PAUDNI,2014-02-07,Tidak ada,BPD SULAWESI UTARA,Cabang Marisa,69916298 PAUD TERPADU ALAM PERSADA,,,,,,,JL TRANSMIGRASI,/,I,UPT MARISA V TITIK B,Kec. Taluditi,Kab. Pohuwato,Prov. Gorontalo,96268,0,0,0,0,0,0,0,0,0,0,0,0,0,0,0,1,0,0,0,0,0,0,0,0,0,0,0,0,0,0,0,0,0,0,0,0,0,0,0,0,0,0,0,0,1,0,0,0,1,0,0,0,0,0,0,0,0,0,1,0,0,0,0,0,1,0,0,0,0,0,0,0,0,0,0,0,0,0,1,1,,,,,,,,,,,,,,,,,,
300307,PAUD MANDIRI TITIK BKB,https://dapo.kemdikbud.go.id/sekolah/6A4C9E9F65E3F8A1B117,http://sekolah.data.kemdikbud.go.id/index.php/chome/profil/53e07d9f-a6c9-4b94-b88c-2d1b30b0e97a,19 Mar 2023 13:14:22,B,Kurikulum 2013,69918140,Swasta,SPS,Yayasan,800/PEND/179/III/2017,2017-03-27,800/PEND/179/III/2017,2017-03-27,Tidak ada,BPD SULAWESI UTARA,Cabang Marisa,69918140 PAUD MANDIRI TITIK BKB,Bersedia Menerima,Sehari penuh (5 h/m),Belum Bersertifikat,PLN,450,Tidak Ada,JL POROS,/,Suka Makmur,Panca Karsa I,Kec. Taluditi,Kab. Pohuwato,Prov. Gorontalo,96268,0,0,2,2,0,0,0,0,0,0,0,0,0,4,0,1,0,0,0,0,0,0,0,0,0,0,0,0,0,0,0,0,0,0,0,0,0,0,0,0,0,0,2,4,1,33,15,18,2,2,0,0,0,0,0,0,0,0,1,1,0,0,0,0,1,1,0,0,0,0,0,0,0,0,0,0,0,0,1,1,,,,,,,,,,,,,,,,,,
300307,SDN 01 TALUDITI,https://dapo.kemdikbud.go.id/sekolah/85485EA0904089952EBB,http://sekolah.data.kemdikbud.go.id/index.php/chome/profil/e01b73d0-6585-e111-9ca7-69c9a90f0f5b,15 Mar 2023 11:14:25,B,Kurikulum 2013,40500802,Negeri,SD,Pemerintah Daerah,,1984-07-16,803/DIKBUDPORA/183.A/DIKDAS/IX/2015,2009-03-18,Tidak ada,BRI...,BANK RAKYAT INDONESIA CABANG MARISA...,SDN01TALUDITI...,Bersedia Menerima,Sehari penuh (5 h/m),9001,PLN,900,Telkom Speedy,Jl. Trans Taluditi,0 / 0,Suka Makmur,Panca Karsa I,Kec. Taluditi,Kab. Pohuwato,Prov. Gorontalo,96268,0,121,9,9,0,0,0,0,0,0,1,0,4,6,0,2,18,29,20,19,15,19,20,25,12,19,15,18,0,0,0,0,0,0,0,0,0,0,0,0,0,0,10,10,2,229,100,129,9,9,1,1,0,0,0,0,1,1,2,2,1,1,1,1,2,2,0,0,0,0,0,0,1,1,0,0,0,0,11,11,,,,,,,,,,,,,,,,,,
300307,SDN 02 TALUDITI,https://dapo.kemdikbud.go.id/sekolah/8D0F5B97B75A6AC58B16,http://sekolah.data.kemdikbud.go.id/index.php/chome/profil/c0cba5d0-6585-e111-89a7-45fac894b02a,28 Mar 2023 10:50:58,A,Kurikulum 2013,40500803,Negeri,SD,Pemerintah Daerah,803/PEND/009/DIKNAS/I/1983,1983-01-03,803/PEND/185/DIKNAS/I/2012,2012-01-02,Tidak ada,BRI...,BANK RAKYAT INDONESIA CABANG MARISA...,SDN02TALUDITI...,Bersedia Menerima,Sehari penuh (5 h/m),Belum Bersertifikat,PLN,1300,Telkomsel Flash,Panca Karsa II,0 / 0,TRI TUNGGAL,Panca Karsa Ii,Kec. Taluditi,Kab. Pohuwato,Prov. Gorontalo,96469,0,121,6,6,0,0,0,0,0,1,2,0,3,6,0,1,12,11,13,11,18,8,11,6,10,3,10,11,0,0,0,0,0,0,0,0,0,0,0,0,0,0,24,9,1,124,74,50,6,6,1,1,0,0,0,0,1,1,1,1,0,0,1,1,4,4,0,0,0,0,0,0,0,0,0,0,0,0,9,9,,,,,,,,,,,,,,,,,,
300307,SDN 03 TALUDITI,https://dapo.kemdikbud.go.id/sekolah/2E9CB5C363182376CEA8,http://sekolah.data.kemdikbud.go.id/index.php/chome/profil/f02f73d0-6585-e111-90f2-2f3d64fcb561,01 Apr 2023 22:15:42,B,Kurikulum 2013,40500832,Negeri,SD,Pemerintah Pusat,,1910-01-01,,1910-01-01,Tidak ada,BRI,Marisa,SDN 03 Taluditi,Bersedia Menerima,Sehari penuh (5 h/m),Proses Sertifikasi,PLN,1300,Telkomsel Flash,Jln. Kalimas,0 / 0,Suka Maju,Kalimas,Kec. Taluditi,Kab. Pohuwato,Prov. Gorontalo,96268,0,121,6,6,1,0,0,0,0,1,5,0,4,3,1,1,9,6,6,8,6,13,7,10,4,5,7,8,0,0,0,0,0,0,0,0,0,0,0,0,0,0,14,7,2,89,39,50,6,6,2,2,0,0,0,0,1,1,2,2,0,0,1,1,2,2,1,1,0,0,0,0,0,0,0,0,0,0,2,3,,,,,,,,,,,,,,,,,,
300307,SDN 04 TALUDITI,https://dapo.kemdikbud.go.id/sekolah/98D302A9001E24973D38,http://sekolah.data.kemdikbud.go.id/index.php/chome/profil/2075a7d0-6585-e111-b53e-637f2bb9d8e4,27 Mar 2023 10:41:23,A,Kurikulum 2013,40500818,Negeri,SD,Pemerintah Daerah,0,1910-01-01,803/PEND/143/DIKDAS/I/201,2012-01-08,Tidak ada,BRI,MARISA,SDN 04 TALUDITI,Bersedia Menerima,Sehari penuh (5 h/m),Belum Bersertifikat,PLN,1300,Tidak Ada,Desa Malango,0 / 0,2,MALANGO,Kec. Taluditi,Kab. Pohuwato,Prov. Gorontalo,96268,0,121,6,6,3,0,0,0,0,1,1,0,4,4,1,0,6,4,8,5,4,8,4,5,6,4,6,9,0,0,0,0,0,0,0,0,0,0,0,0,0,0,17,8,1,69,34,35,6,6,1,1,0,0,0,0,1,1,1,1,0,0,0,0,5,5,0,0,0,0,0,0,0,0,0,0,0,0,8,8,,,,,,,,,,,,,,,,,,
300307,SDN 05 TALUDITI,https://dapo.kemdikbud.go.id/sekolah/BE2459B5CF15DDB0FC4B,http://sekolah.data.kemdikbud.go.id/index.php/chome/profil/804373d0-6585-e111-976c-4dfbff72fec1,27 Mar 2023 09:50:18,B,Kurikulum 2013,40501625,Negeri,SD,Pemerintah Daerah,,1910-01-01,803/PEND/185/dikdas/I/201,2012-01-01,Tidak ada,BRI BRITAMA,Marisa,SDN Inpres Makarti Jaya,Bersedia Menerima,Sehari penuh (5 h/m),Proses Sertifikasi,PLN,900,Tidak Ada,Makarti Jaya,0 / 0,Dusun Jaya Karsa,Mekarti Jaya,Kec. Taluditi,Kab. Pohuwato,Prov. Gorontalo,96268,0,121,6,6,0,0,0,0,0,1,1,0,3,4,1,2,10,11,15,3,8,4,10,3,11,7,8,9,0,0,0,0,0,0,0,0,0,0,0,0,0,0,11,7,3,99,62,37,6,6,1,1,0,0,0,0,1,1,1,1,0,0,1,1,4,4,1,1,0,1,0,0,0,0,0,1,0,0,6,6,,,,,,,,,,,,,,,,,,
300307,SDN 06 TALUDITI,https://dapo.kemdikbud.go.id/sekolah/1A7F5A9A7AE4BB4FDC55,http://sekolah.data.kemdikbud.go.id/index.php/chome/profil/b07a0467-9fe3-e211-8151-19b04802d1c0,09 Mar 2023 08:01:31,B,Kurikulum 2013,40500756,Negeri,SD,Pemerintah Daerah,,1910-01-01,800/Pend/SK/421/VII/2010,1910-01-01,Tidak ada,BRI,Marisa,SDN 06 TALUDITI,Bersedia Menerima,Sehari penuh (5 h/m),Belum Bersertifikat,PLN,900,Telkomsel Flash,Jln Trans Agropolotan UPT Marisa VI,0 / 0,Permai,Puncak Jaya,Kec. Taluditi,Kab. Pohuwato,Prov. Gorontalo,96464,0,121,6,6,0,0,0,0,0,1,2,0,3,5,0,1,9,6,5,3,1,5,8,3,8,11,1,6,0,0,0,0,0,0,0,0,0,0,0,0,0,0,9,8,1,66,32,34,6,6,1,1,0,0,0,0,0,0,1,1,0,0,0,0,2,2,0,0,0,0,0,0,0,0,0,0,0,0,5,5,,,,,,,,,,,,,,,,,,
300307,SDN 07 TALUDITI,https://dapo.kemdikbud.go.id/sekolah/1D944E559FF97AE79E28,http://sekolah.data.kemdikbud.go.id/index.php/chome/profil/f003d922-95fe-e111-b1bc-8d0e0002fcdc,01 Mar 2023 10:31:47,C,Kurikulum 2013,40501839,Negeri,SD,Pemerintah Daerah,800/DIKBUDPORA/204/Sek/VII/2016,2016-07-26,800/DIKBUDPORA/204/Sek/VII/2016,2016-07-26,Tidak ada,BRI,KCP Marisa,SDN 07 TALUDITI,Bersedia Menerima,Sehari penuh (5 h/m),Belum Bersertifikat,PLN,900,Telkomsel Flash,JL. Agro Politan,0 / 0,Guna Karya,Puncak Jaya,Kec. Taluditi,Kab. Pohuwato,Prov. Gorontalo,96464,0,121,6,6,0,0,0,0,0,1,6,0,2,5,1,1,10,8,3,6,5,4,4,4,3,6,4,4,0,0,0,0,0,0,0,0,0,0,0,0,0,0,9,7,2,61,29,32,6,6,1,1,0,0,0,0,0,0,1,1,0,0,0,0,1,1,0,0,0,0,0,0,0,0,0,0,0,0,8,8,,,,,,,,,,,,,,,,,,
300307,SDN 08 TALUDITI,https://dapo.kemdikbud.go.id/sekolah/D6524126A579282E0B3A,http://sekolah.data.kemdikbud.go.id/index.php/chome/profil/13a5fa9e-e6ef-4762-b924-94994c0f22ed,30 Mar 2023 16:02:08,C,Kurikulum 2013,69755194,Negeri,SD,Pemerintah Daerah,800/Pend/167/DIKDAS/XI/20,1900-01-01,803/PEND/1671/DIKDAS/2012,2012-11-21,Tidak ada,BRI,0648/KC MARISA,SDN 08 TALUDITI,Bersedia Menerima,Sehari penuh (5 h/m),Belum Bersertifikat,PLN,1300,Telkomsel Flash,JL. PERKEBUNANAN KAKAO,0 / 0,Huyula,TIRTO ASRI,Kec. Taluditi,Kab. Pohuwato,Prov. Gorontalo,96268,0,121,6,6,0,0,0,0,0,3,1,0,1,6,1,0,13,9,13,13,7,9,9,1,13,7,10,12,0,0,0,0,0,0,0,0,0,0,0,0,0,0,35,7,1,116,65,51,6,6,1,1,0,0,0,0,0,0,0,0,0,0,0,0,4,4,1,1,0,0,0,0,0,0,0,0,0,0,8,13,,,,,,,,,,,,,,,,,,
300307,SDN 09 Taluditi,https://dapo.kemdikbud.go.id/sekolah/3BB9DD3E1CC4ACC42D28,http://sekolah.data.kemdikbud.go.id/index.php/chome/profil/b1012904-26a2-41f0-a38b-60d14e6e58aa,15 Mar 2023 10:03:16,B,Kurikulum 2013,69819430,Negeri,SD,Pemerintah Daerah,,2014-02-04,803/PEND/198/DIKDAS,2014-02-04,Tidak ada,BRI...,BANK RAKYAT INDONESIA CABANG  MARISA...,SDN09TALUDITI...,Bersedia Menerima,Sehari penuh (5 h/m),Belum Bersertifikat,PLN,1,Telkomsel Flash,Jalan UPT Marisa V,0 / 0,Dusun Bukit Raya,Mekarti Jaya,Kec. Taluditi,Kab. Pohuwato,Prov. Gorontalo,96268,0,121,6,6,0,0,0,0,0,1,1,0,4,4,0,1,2,4,4,1,0,4,3,1,4,2,3,3,0,0,0,0,0,0,0,0,0,0,0,0,0,0,6,8,1,31,16,15,6,6,1,1,0,0,0,0,0,0,0,0,0,0,0,0,1,1,0,0,0,0,0,0,0,0,0,0,0,0,5,5,,,,,,,,,,,,,,,,,,
300307,SMP NEGERI 1 TALUDITI,https://dapo.kemdikbud.go.id/sekolah/95EACC7193F74CD8B25F,http://sekolah.data.kemdikbud.go.id/index.php/chome/profil/e0cddad0-6585-e111-a6a7-fd14e51189db,01 Apr 2023 10:23:32,B,Kurikulum 2013,40500734,Negeri,SMP,Pemerintah Daerah,001a/O/1999,1999-01-05,001A/O/1999,1999-01-05,Tidak ada,BRI...,BANK RAKYAT INDONESIA CABANG MARISA...,SMPNEGERI1TALUDITI...,Bersedia Menerima,Sehari penuh (5 h/m),Belum Bersertifikat,PLN,3500,Tidak Ada,Jl. Sungai Taluditi No. 25,0 / 0,Mulya,PANCA KARSA II,Kec. Taluditi,Kab. Pohuwato,Prov. Gorontalo,96469,0,121,4,0,1,4,1,0,1,1,3,1,3,5,1,1,0,0,0,0,0,0,0,0,0,0,0,0,10,18,21,16,12,16,0,0,0,0,0,0,0,0,25,8,2,93,43,50,6,6,1,1,2,2,0,0,1,1,1,1,1,1,1,1,6,6,1,1,0,0,2,2,1,1,0,0,1,1,5,5,,,,,,,,,,,,,,,,,,
300307,SMP NEGERI 2 TALUDITI,https://dapo.kemdikbud.go.id/sekolah/1656312E5005C1184945,http://sekolah.data.kemdikbud.go.id/index.php/chome/profil/d0d9e8d0-6585-e111-916c-b516afa8acc6,29 Mar 2023 13:47:28,B,Kurikulum 2013,40500740,Negeri,SMP,Pemerintah Daerah,161,1910-01-01,24/11/2005,2005-11-24,Tidak ada,BRI,Marisa,SMP Negeri 2 Taluditi,Bersedia Menerima,Sehari penuh (5 h/m),Belum Bersertifikat,PLN,900,Telkomsel Flash,Jl. Agropolitan No. 83,1 / 1,Suka Damai,KALIMAS,Kec. Taluditi,Kab. Pohuwato,Prov. Gorontalo,96268,0,121,6,0,1,1,1,0,1,1,1,1,4,5,0,2,0,0,0,0,0,0,0,0,0,0,0,0,23,16,21,19,22,23,0,0,0,0,0,0,0,0,51,9,2,124,66,58,6,6,1,1,1,1,0,0,1,1,1,1,1,1,1,1,5,5,2,2,0,0,1,2,2,1,0,0,1,1,1,1,,,,,,,,,,,,,,,,,,
300307,SMP NEGERI 3 TALUDITI SATU ATAP,https://dapo.kemdikbud.go.id/sekolah/983CD403E81AFE87D39C,http://sekolah.data.kemdikbud.go.id/index.php/chome/profil/c032e8d0-6585-e111-beca-c9ce8fb5f249,24 Mar 2023 23:47:56,B,Kurikulum 2013,40501813,Negeri,SMP,Pemerintah Pusat,,2007-10-01,803/DIKBUDPORA/173/DIKDAS/VIII/2015,2015-08-31,Tidak ada,BRI,Marisa,SMP Negeri 3 Taluditi Satap,Bersedia Menerima,Sehari penuh (5 h/m),9001,PLN,3500,Lainnya (Serat Optik),Jalan Poros,0 / 0,Dusun II,Malango,Kec. Taluditi,Kab. Pohuwato,Prov. Gorontalo,96268,0,121,3,0,1,1,1,0,1,1,1,1,3,2,2,0,0,0,0,0,0,0,0,0,0,0,0,0,10,6,10,3,7,5,0,0,0,0,0,0,0,0,6,5,2,41,27,14,3,3,1,1,1,1,0,0,1,1,1,1,0,0,0,0,2,2,0,0,0,0,0,0,0,0,0,0,0,0,11,11,,,,,,,,,,,,,,,,,,
300307,SMP Negeri 4 Taluditi Satu Atap,https://dapo.kemdikbud.go.id/sekolah/F56B36B523A50883ACD7,http://sekolah.data.kemdikbud.go.id/index.php/chome/profil/07dbf421-7d24-460b-9bfc-88b567854930,15 Mar 2023 18:25:04,C,Kurikulum 2013,69857284,Negeri,SMP,Pemerintah Daerah,,1900-01-01,803/Dikbudpora/024.a/Dikd,2014-01-08,Tidak ada,BRI...,BANK RAKYAT INDONESIA CABANG MARISA...,SMPNEGERI4TALUDITISATAP...,Bersedia Menerima,Sehari penuh (5 h/m),Belum Bersertifikat,PLN,1300,Telkomsel Flash,Siswa No.01 Desa Makarti Jaya,0 / 0,Laonggo,Mekarti Jaya,Kec. Taluditi,Kab. Pohuwato,Prov. Gorontalo,96286,0,121,3,0,1,1,1,0,1,1,2,2,2,6,1,1,0,0,0,0,0,0,0,0,0,0,0,0,13,10,5,9,10,6,0,0,0,0,0,0,0,0,7,8,2,53,28,25,5,5,1,1,1,1,0,0,0,0,0,0,0,0,0,0,4,4,0,0,0,0,0,0,0,0,0,0,0,0,3,3,,,,,,,,,,,,,,,,,,
300307,SMKN 1 TALUDITI,https://dapo.kemdikbud.go.id/sekolah/D0B219778D16B2492BFB,http://sekolah.data.kemdikbud.go.id/index.php/chome/profil/b719f2bc-0bd0-4654-8eba-3929115d1d6e,28 Mar 2023 08:57:19,B,Kurikulum 2013,40501878,Negeri,SMK,Pemerintah Daerah,366/03/XII/2009,2009-12-31,366/03/XII/2009,2009-12-31,Tidak ada,SULUT GO,KCP Randangan,SMK NEGERI 1 TALUDITI,Bersedia Menerima,Pagi,Belum Bersertifikat,PLN,4500,Tidak Ada,TRANS MALANGO DESA PANCA KARSA I,0 / 0,Dusun Mulya,Panca Karsa I,Kec. Taluditi,Kab. Pohuwato,Prov. Gorontalo,96469,0,121,8,0,2,1,1,0,1,1,3,0,6,14,0,2,0,0,0,0,0,0,0,0,0,0,0,0,0,0,0,0,0,0,31,23,20,16,29,23,0,0,11,20,2,142,80,62,11,11,1,1,1,1,0,0,1,1,1,1,0,0,0,0,4,4,1,1,0,0,0,0,1,1,0,0,0,0,1,1,,,,,,,,,,,,,,,,,,
300307,PKBM Permai,https://dapo.kemdikbud.go.id/sekolah/956E057FEE53AB0DAFC5,http://sekolah.data.kemdikbud.go.id/index.php/chome/profil/29b4bdce-2186-4d19-bb22-d733f7158fcb,16 Mar 2023 12:50:20,C,Kurikulum 2013,P2962564,Swasta,PKBM,Lainnya,25,2007-06-06,800/PEND/904/SEK/V/2019,2019-05-14,Tidak ada,BPD SULAWESI UTARA,Cabang Marisa,P2962564 PKBM PERMAI,Bersedia Menerima,,Belum Bersertifikat,PLN,900,Telkomsel Flash,Trans Taluditi,/,HUYULAH,TIRTO ASRI,Kec. Taluditi,Kab. Pohuwato,Prov. Gorontalo,96268,0,121,4,0,1,2,1,1,2,0,1,0,2,1,1,0,0,0,0,0,0,0,0,0,0,0,0,0,0,0,0,0,0,0,0,0,0,0,0,0,0,0,5,3,1,70,38,32,4,4,0,0,0,0,0,0,1,1,1,1,0,0,0,0,2,2,1,1,0,0,0,0,0,0,0,0,0,0,5,5,,,,,,,,,,,,,,,,,,
