kode_kec,nama,link_dapo,link_sekolah_kita,last_sync,akreditasi,kurikulum,npsn,status,bentuk_pendidikan,status_kepemilikan,sk_pendirian_sekolah,tanggal_sk_pendirian,sk_izin_operasional,tanggal_sk_izin_operasional,kebutuhan_khusus_dilayani,nama_bank,cabang_kcp/unit,rekening_atas_nama,status_bos,waku_penyelenggaraan,sertifikasi_iso,sumber_listrik,daya_listrik,akses_internet,alamat,rt_/_rw,dusun,desa_/_kelurahan,kecamatan,kabupaten,provinsi,kode_pos,lintang,bujur,rombel,guru_kelas,guru_matematika,guru_bahasa_indonesia,guru_bahasa_inggris,guru_sejarah_indonesia,guru_pkn,guru_penjaskes,guru_agama_budi_pekerti,guru_seni_budaya,ptk_laki,ptk_perempuan,pegawai_laki,pegawai_perempuan,pd_kelas_1_laki,pd_kelas_1_perempuan,pd_kelas_2_laki,pd_kelas_2_perempuan,pd_kelas_3_laki,pd_kelas_3_perempuan,pd_kelas_4_laki,pd_kelas_4_perempuan,pd_kelas_5_laki,pd_kelas_5_perempuan,pd_kelas_6_laki,pd_kelas_6_perempuan,pd_kelas_7_laki,pd_kelas_7_perempuan,pd_kelas_8_laki,pd_kelas_8_perempuan,pd_kelas_9_laki,pd_kelas_9_perempuan,pd_kelas_10_laki,pd_kelas_10_perempuan,pd_kelas_11_laki,pd_kelas_11_perempuan,pd_kelas_12_laki,pd_kelas_12_perempuan,pd_kelas_13_laki,pd_kelas_13_perempuan,jumlah_kirim,ptk,pegawai,pd,pd_laki,pd_perempuan,before_ruang_kelas,after_ruang_kelas,before_ruang_perpus,after_ruang_perpus,before_ruang_lab,after_ruang_lab,before_ruang_praktik,after_ruang_praktik,before_ruang_pimpinan,after_ruang_pimpinan,before_ruang_guru,after_ruang_guru,before_ruang_ibadah,after_ruang_ibadah,before_ruang_uks,after_ruang_uks,before_toilet,after_toilet,before_gudang,after_gudang,before_ruang_sirkulasi,after_ruang_sirkulasi,before_tempat_bermain_olahraga,after_tempat_bermain_olahraga,before_ruang_tu,after_ruang_tu,before_ruang_konseling,after_ruang_konseling,before_ruang_osis,after_ruang_osis,before_bangunan,after_bangunan,identitas_valid,ptk_valid,pd_valid,prasarana_valid,total_valid,sekolah_id,semester_id,sumber_air,sumber_air_minum,kecukupan_air_bersih,jamban_kk,tipe_jamban,jml_hari_cuci_tangan,jml_wastafel,jml_wastafel_rusak,air_mengalir_wastafel,memiliki_drainase,menguras_tangki_septik
051822,TK  AL-HIDAYAH,https://dapo.kemdikbud.go.id/sekolah/34F10954E7339A6A961E,http://sekolah.data.kemdikbud.go.id/index.php/chome/profil/d792a028-bde8-4f60-a45a-5bad62c14cc8,23 Jan 2023 11:12:11,B,Kurikulum 2013,20575108,Swasta,TK,Yayasan,420/1268/PAUD/35.07.101/2018,2018-11-23,420/171/PAUD/35.07.101/2010,2010-02-19,Tidak ada,BPD JAWA TIMUR,CABANG KEPANJEN,20575108 TK ALHIDAYAH,Bersedia Menerima,Pagi,Belum Bersertifikat,PLN,450,3 (Tri),JL. ANJASMORO NO. 30 B PAKISAJI,8 / 2,KARANGPANDAN,Karangpandan,Kec. Pakisaji,Kab. Malang,Prov. Jawa Timur,65162,-8,112,3,5,0,0,0,0,0,0,0,0,0,5,0,1,0,0,0,0,0,0,0,0,0,0,0,0,0,0,0,0,0,0,0,0,0,0,0,0,0,0,4,5,1,49,29,20,4.0,4,1.0,1,0.0,0,0.0,0,1.0,1,1.0,1,0.0,0,1.0,1,3.0,3,1.0,1,0.0,0,0.0,0,0.0,0,0.0,0,0.0,0,2.0,2,,,,,,,,,,,,,,,,,,
051822,TK AISYIYAH BUSTANUL ATHFAL 21,https://dapo.kemdikbud.go.id/sekolah/ECEFD4F302BA28C1E684,http://sekolah.data.kemdikbud.go.id/index.php/chome/profil/8f67a5db-e2b5-49d3-be14-75daacbf5dfc,10 Feb 2023 14:09:12,B,Kurikulum 2013,20575150,Swasta,TK,Yayasan,420/100/421.102/2006,2003-07-13,421.1/ 695 /35.07.101/2022,2022-01-13,Tidak ada,BPD JAWA TIMUR,CABANG KEPANJEN,20575150 TK ABA 21,Bersedia Menerima,Pagi,Proses Sertifikasi,PLN,0,Lainnya (Wavelan),JL. GOTONG ROYONG KEBONAGUNG,6 / 2,KEBONAGUNG,Kebonagung,Kec. Pakisaji,Kab. Malang,Prov. Jawa Timur,65161,-8,112,4,4,0,0,0,0,0,0,0,0,0,4,0,1,0,0,0,0,0,0,0,0,0,0,0,0,0,0,0,0,0,0,0,0,0,0,0,0,0,0,4,4,1,57,34,23,4.0,4,1.0,1,1.0,1,0.0,0,1.0,1,1.0,1,0.0,0,1.0,1,2.0,2,0.0,0,0.0,0,0.0,0,0.0,0,0.0,0,0.0,0,6.0,6,,,,,,,,,,,,,,,,,,
051822,TK AISYIYAH BUSTANUL ATHFAL 27 PAKISAJI,https://dapo.kemdikbud.go.id/sekolah/797031455A936A84DE88,http://sekolah.data.kemdikbud.go.id/index.php/chome/profil/757f727f-e61d-4cd8-bfa8-aecde206dab3,26 Mar 2023 01:56:42,A,Kurikulum 2013,20573279,Swasta,TK,Yayasan,420/358/421.101/2011,2011-02-16,421.1/696/35.07.101/2022,2022-01-13,Tidak ada,BPD JAWA TIMUR,CABANG KEPANJEN,20573279 TK ABA 27 PAKISAJI,Bersedia Menerima,Pagi,Belum Bersertifikat,PLN,1300,Telkomsel Flash,JL. KRAMATAN PAKISAJI,15 / 3,PAKISAJI,Pakisaji,Kec. Pakisaji,Kab. Malang,Prov. Jawa Timur,65162,-8,112,4,4,0,0,0,0,0,0,0,0,0,4,0,2,0,0,0,0,0,0,0,0,0,0,0,0,0,0,0,0,0,0,0,0,0,0,0,0,0,0,7,4,2,106,56,50,4.0,4,1.0,1,0.0,0,0.0,0,1.0,1,1.0,1,0.0,0,0.0,0,1.0,1,1.0,1,0.0,0,0.0,0,0.0,0,0.0,0,0.0,0,1.0,1,,,,,,,,,,,,,,,,,,
051822,TK BACHRUL ULUM,https://dapo.kemdikbud.go.id/sekolah/A2FA3082143D11BEBB03,http://sekolah.data.kemdikbud.go.id/index.php/chome/profil/ab8713bc-02bf-4b80-b5cc-7e2d0dcebc5b,30 Jan 2023 10:33:44,C,Kurikulum 2013,20575157,Swasta,TK,Yayasan,420/1617/421.102/2006,2006-09-27,"421.1/690/35.07,101/2022",2022-01-13,Tidak ada,BPD JAWA TIMUR,CABANG KEPANJEN,20575157 TK BACHRUL ULUM,Bersedia Menerima,Pagi,Belum Bersertifikat,PLN,450,Telkomsel Flash,JL. BUNGA TANJUNG NO. 89 RT. 07 RW. 02 DESA KARANGDUREN,7 / 2,KARANGDUREN,Karangduren,Kec. Pakisaji,Kab. Malang,Prov. Jawa Timur,65162,-8,112,6,6,0,0,0,0,0,0,0,0,0,6,0,2,0,0,0,0,0,0,0,0,0,0,0,0,0,0,0,0,0,0,0,0,0,0,0,0,0,0,2,6,2,95,48,47,6.0,6,1.0,1,0.0,0,0.0,0,0.0,0,1.0,1,0.0,0,0.0,0,2.0,2,0.0,0,0.0,0,0.0,0,0.0,0,0.0,0,0.0,0,1.0,1,,,,,,,,,,,,,,,,,,
051822,TK BHAKTI PERSADA 2 PAKISAJI,https://dapo.kemdikbud.go.id/sekolah/0C6CC79656104E6E95FC,http://sekolah.data.kemdikbud.go.id/index.php/chome/profil/c99c125f-f9ec-4722-a90b-d0f9a2ff8c30,01 Feb 2023 14:59:24,,Kurikulum 2013,20575122,Swasta,TK,Yayasan,54/104.26/E-1993,1993-01-11,421.1/693/35.07.101/2022,2022-01-13,Tidak ada,BPD JAWA TIMUR,CABANG KEPANJEN,20575122 TK BHAKTI PERSADA 2,Bersedia Menerima,Pagi,Belum Bersertifikat,PLN,450,Tidak Ada,JL. BANGILAN RT. 25 RW. 06 DUSUN KARANGTENGAH DESA GLANGGANG,25 / 6,Karang tengah,Glanggang,Kec. Pakisaji,Kab. Malang,Prov. Jawa Timur,65162,-8,112,2,2,0,0,0,0,0,0,0,0,0,2,0,1,0,0,0,0,0,0,0,0,0,0,0,0,0,0,0,0,0,0,0,0,0,0,0,0,0,0,2,2,1,22,12,10,2.0,2,0.0,0,0.0,0,0.0,0,0.0,0,0.0,0,0.0,0,0.0,0,1.0,1,0.0,0,0.0,0,0.0,0,0.0,0,0.0,0,0.0,0,1.0,1,,,,,,,,,,,,,,,,,,
051822,TK BHAKTI PERSADA 3 PAKISAJI,https://dapo.kemdikbud.go.id/sekolah/D6C64E32EDEE5392C2CC,http://sekolah.data.kemdikbud.go.id/index.php/chome/profil/df464063-c202-4b24-bb89-2e9300edf3ad,28 Jan 2023 02:15:48,,Kurikulum 2013,20575131,Swasta,TK,Yayasan,12/BP/MI/VI/97,1997-07-01,421.1/698/35.07.101/2022,2022-01-13,Tidak ada,BPD JAWA TIMUR,CABANG KEPANJEN,20575131 TK BHAKTI PERSADA 3,Bersedia Menerima,Pagi,Belum Bersertifikat,PLN,1200,Tidak Ada,JL. GARUDA NO. 81 RT. 06 RW. 02 DUSUN BENDO DESA KARANGPANDAN,6 / 2,BENDO,Karangpandan,Kec. Pakisaji,Kab. Malang,Prov. Jawa Timur,65162,-8,112,2,2,0,0,0,0,0,0,0,0,0,1,0,1,0,0,0,0,0,0,0,0,0,0,0,0,0,0,0,0,0,0,0,0,0,0,0,0,0,0,2,1,1,10,7,3,2.0,2,0.0,0,0.0,0,0.0,0,1.0,1,1.0,1,0.0,0,1.0,1,3.0,3,2.0,2,0.0,0,0.0,0,0.0,0,0.0,0,0.0,0,1.0,1,,,,,,,,,,,,,,,,,,
051822,TK CENDRAWASIH KEBONAGUNG,https://dapo.kemdikbud.go.id/sekolah/124B70A82986DB024A83,http://sekolah.data.kemdikbud.go.id/index.php/chome/profil/f1894ec2-ac1b-4885-8621-f832310fecf2,27 Jan 2023 10:10:23,B,Kurikulum 2013,20575144,Swasta,TK,Yayasan,133/PS/1986,1986-11-18,421.1/690/35.07.101/2022,2022-01-14,Tidak ada,BPD JAWA TIMUR,CABANG KEPANJEN,20575144 TK CENDRAWASIH,Bersedia Menerima,Pagi,Belum Bersertifikat,Lainnya,1900,Lainnya,JL. MAGERSARI UTARA NO. 18 RT. 04 RW. 01 DESA KEBONAGUNG,4 / 1,kebonagung,Kebonagung,Kec. Pakisaji,Kab. Malang,Prov. Jawa Timur,65161,-8,112,4,4,0,0,0,0,0,0,0,0,0,4,0,1,0,0,0,0,0,0,0,0,0,0,0,0,0,0,0,0,0,0,0,0,0,0,0,0,0,0,2,4,1,65,33,32,4.0,4,0.0,0,0.0,0,0.0,0,1.0,1,0.0,0,0.0,0,0.0,0,3.0,3,1.0,1,0.0,0,1.0,1,0.0,0,0.0,0,0.0,0,1.0,1,,,,,,,,,,,,,,,,,,
051822,TK DHARMA WANITA PERSATUAN 1 GLANGGANG,https://dapo.kemdikbud.go.id/sekolah/D6A2C87604EEE34E161B,http://sekolah.data.kemdikbud.go.id/index.php/chome/profil/ebf785ae-05de-4d33-a068-020cfc35b18d,25 Mar 2023 09:21:05,,Kurikulum 2013,20575159,Swasta,TK,Yayasan,1719/i04.26/DS/2000/SK,1985-10-01,421.1/238/35.07.101/2020,2020-01-14,Tidak ada,BPD JAWA TIMUR,CABANG KEPANJEN,20575159 TK DWP 1 GLANGGANG,Bersedia Menerima,Pagi,Belum Bersertifikat,PLN,450,Smartfren,JL. RAYA GLANGGANG RT. 13RW. 04 DESA GLANGGANG,13 / 4,GLANGGANG,Glanggang,Kec. Pakisaji,Kab. Malang,Prov. Jawa Timur,65162,-8,112,2,2,0,0,0,0,0,0,0,0,0,2,0,1,0,0,0,0,0,0,0,0,0,0,0,0,0,0,0,0,0,0,0,0,0,0,0,0,0,0,5,2,1,51,31,20,4.0,4,0.0,0,0.0,0,0.0,0,1.0,1,1.0,1,0.0,0,1.0,1,2.0,2,1.0,1,0.0,0,0.0,0,0.0,0,0.0,0,0.0,0,2.0,2,,,,,,,,,,,,,,,,,,
051822,TK DHARMA WANITA PERSATUAN 1 KEBONAGUNG,https://dapo.kemdikbud.go.id/sekolah/3B542912898A029D05FE,http://sekolah.data.kemdikbud.go.id/index.php/chome/profil/d2a80be4-65bd-4c3f-a580-faf5c2e14bc6,07 Feb 2023 11:11:45,,Kurikulum 2013,20575156,Swasta,TK,Yayasan,192/I04.26/E.5-1988,1988-03-03,2058/1104.26/E.5/82,1982-09-20,Tidak ada,BPD JAWA TIMUR,CABANG KEPANJEN,20575156 TK DWP 1 KEBONAGUNG,Bersedia Menerima,Pagi,Belum Bersertifikat,PLN,900,3 (Tri),JL. LECES NO. 09 RT. 40 RW. 07 DUSUN SONO. SARI DESA KEBONAGUNG,40 / 7,sonosari,Kebonagung,Kec. Pakisaji,Kab. Malang,Prov. Jawa Timur,65161,0,0,4,4,0,0,0,0,0,0,0,0,0,4,0,1,0,0,0,0,0,0,0,0,0,0,0,0,0,0,0,0,0,0,0,0,0,0,0,0,0,0,3,4,1,62,34,28,4.0,4,0.0,0,0.0,0,0.0,0,1.0,1,1.0,1,0.0,0,1.0,1,2.0,2,1.0,1,0.0,0,1.0,1,0.0,0,0.0,0,0.0,0,1.0,1,,,,,,,,,,,,,,,,,,
051822,TK DHARMA WANITA PERSATUAN 1 KENDALPAYAK,https://dapo.kemdikbud.go.id/sekolah/CB7C7953F758B6A6DFBF,http://sekolah.data.kemdikbud.go.id/index.php/chome/profil/7efbe843-8657-4eaa-ae8f-bd3f2c29e689,06 Mar 2023 23:04:01,B,Kurikulum 2013,20575120,Swasta,TK,Yayasan,070/1152/429.131/2001,2001-10-16,1152/I04.26/DS/TH2001,2001-10-16,Tidak ada,BPD JAWA TIMUR,CABANG KEPANJEN,20575120 TK DWP 1 KENDALPAYAK,Bersedia Menerima,Pagi,Belum Bersertifikat,PLN,450,XL (GSM),JL. RAYA KENDALPAYAK NO. 222 RT. 03 RW. 03 DESA KENDALPAYAK,3 / 3,KENDALPAYAK,Kendalpayak,Kec. Pakisaji,Kab. Malang,Prov. Jawa Timur,65162,-8,112,2,1,0,0,0,0,0,0,0,0,0,0,0,1,0,0,0,0,0,0,0,0,0,0,0,0,0,0,0,0,0,0,0,0,0,0,0,0,0,0,3,0,1,14,9,5,2.0,2,1.0,1,0.0,0,0.0,0,1.0,1,0.0,0,1.0,1,1.0,1,2.0,2,1.0,1,0.0,0,0.0,0,0.0,0,0.0,0,0.0,0,1.0,1,,,,,,,,,,,,,,,,,,
051822,TK DHARMA WANITA PERSATUAN 1 PAKISAJI,https://dapo.kemdikbud.go.id/sekolah/D56AA00BE60E6828113F,http://sekolah.data.kemdikbud.go.id/index.php/chome/profil/b23cc590-c45c-4215-aa71-046ea9f80036,06 Mar 2023 22:21:29,B,Kurikulum 2013,20575155,Swasta,TK,Yayasan,2059/1104.26/E.5/82,2001-09-17,421.1/704/35.07.101/2022,2022-01-13,Tidak ada,BPD JAWA TIMUR,CABANG KEPANJEN,20575155 TK DWP 1 PAKISAJI,Bersedia Menerima,Pagi,Belum Bersertifikat,PLN,900,Telkom Speedy,JL. RAYA PAKISAJI NO. 276 RW. 18 RW. 04 DESA PAKISAJI,18 / 4,Pakisaji,Pakisaji,Kec. Pakisaji,Kab. Malang,Prov. Jawa Timur,65162,-8,112,4,4,0,0,0,0,0,0,0,0,0,3,1,1,0,0,0,0,0,0,0,0,0,0,0,0,0,0,0,0,0,0,0,0,0,0,0,0,0,0,4,3,2,77,49,28,4.0,4,0.0,0,0.0,0,0.0,0,1.0,1,1.0,1,0.0,0,0.0,0,3.0,3,1.0,1,0.0,0,0.0,0,0.0,0,0.0,0,0.0,0,1.0,1,,,,,,,,,,,,,,,,,,
051822,TK DHARMA WANITA PERSATUAN 1 WONOKERSO,https://dapo.kemdikbud.go.id/sekolah/828B546612DAF8D811CF,http://sekolah.data.kemdikbud.go.id/index.php/chome/profil/36bc6b88-4392-49fd-9fc4-290dcd8be354,13 Feb 2023 10:45:28,B,Kurikulum 2013,20575149,Swasta,TK,Yayasan,1143/I04.26/DS/TH2001,2001-09-17,420/184/PAUD/35.07.101/2018,2018-01-29,Tidak ada,BPD JAWA TIMUR,CABANG KEPANJEN,20575149 TK DWP 1 WONOKERSO,Bersedia Menerima,Pagi,Belum Bersertifikat,PLN,450,Indosat IM3,JL. RAYA SEGENGGENG RT. 17 RW. 04 DESA WONOKERSO,17 / 4,segenggeng,Wonokerso,Kec. Pakisaji,Kab. Malang,Prov. Jawa Timur,65162,-8,112,4,4,0,0,0,0,0,0,0,0,0,4,0,1,0,0,0,0,0,0,0,0,0,0,0,0,0,0,0,0,0,0,0,0,0,0,0,0,0,0,3,4,1,54,23,31,4.0,4,0.0,0,0.0,0,0.0,0,1.0,1,0.0,0,0.0,0,0.0,0,2.0,2,0.0,0,0.0,0,0.0,0,0.0,0,0.0,0,0.0,0,1.0,1,,,,,,,,,,,,,,,,,,
051822,TK IT MUTIARA IMAN,https://dapo.kemdikbud.go.id/sekolah/FA092E48F7EA746A362F,http://sekolah.data.kemdikbud.go.id/index.php/chome/profil/f50e6ee9-5372-4c69-9fdd-b7d6dfb911f8,23 Feb 2023 09:20:40,,Kurikulum 2013,69971348,Swasta,TK,Yayasan,420/179/421.101/2014,2014-08-19,420/250/PAUD/35.07.101/2017,2017-10-17,Tidak ada,BPD JAWA TIMUR,CABANG KEPANJEN,69971348 TK IT MUTIARA IMAN,Bersedia Menerima,Pagi,Belum Bersertifikat,PLN,450,Tidak Ada,JL. FLAMBOYAN RT. 11 RW. 03,11 / 3,Pakisaji,Pakisaji,Kec. Pakisaji,Kab. Malang,Prov. Jawa Timur,65162,-8,112,2,2,0,0,0,0,0,0,0,0,0,2,0,2,0,0,0,0,0,0,0,0,0,0,0,0,0,0,0,0,0,0,0,0,0,0,0,0,0,0,5,2,2,23,13,10,2.0,2,0.0,0,0.0,0,0.0,0,0.0,0,1.0,1,0.0,0,0.0,0,1.0,1,0.0,0,0.0,0,0.0,0,0.0,0,0.0,0,0.0,0,1.0,1,,,,,,,,,,,,,,,,,,
051822,TK KRISTEN PAMERDI,https://dapo.kemdikbud.go.id/sekolah/2BB325C6C3DCC90A0F7E,http://sekolah.data.kemdikbud.go.id/index.php/chome/profil/5aaae516-5846-4e9e-ad7b-790909142b8b,01 Feb 2023 15:50:06,B,Kurikulum 2013,20575118,Swasta,TK,Yayasan,2122/II04.36/E.5 82,1982-09-20,421.1/243/35.07.101/2022,2020-01-14,F - Tuna wicara,BPD JAWA TIMUR,CABANG KEPANJEN,20575118 TK KRISTEN PAMERDI,Bersedia Menerima,Pagi,Belum Bersertifikat,PLN,2500,Telkomsel Flash,JL. RAYA NO. 05 RT. 21 RW. 04 DESA KEBONAGUNG,21 / 4,KEBONAGUNG,Kebonagung,Kec. Pakisaji,Kab. Malang,Prov. Jawa Timur,65161,-8,112,4,4,0,0,0,0,0,0,0,0,0,4,0,1,0,0,0,0,0,0,0,0,0,0,0,0,0,0,0,0,0,0,0,0,0,0,0,0,0,0,2,4,1,44,29,15,4.0,4,0.0,0,0.0,0,0.0,0,1.0,1,2.0,2,0.0,0,0.0,0,3.0,3,0.0,0,0.0,0,0.0,0,0.0,0,0.0,0,0.0,0,2.0,2,,,,,,,,,,,,,,,,,,
051822,TK MUSLIMAT NU 1 KARANGPANDAN,https://dapo.kemdikbud.go.id/sekolah/FD652D2311A759F0EC04,http://sekolah.data.kemdikbud.go.id/index.php/chome/profil/4635a6bd-7048-49d2-9638-f102eb703b9a,14 Feb 2023 08:12:02,B,Kurikulum 2013,20575160,Swasta,TK,Yayasan,158 I04.26/DS/2001/SK,2001-02-06,421.1/716/35.07.101/2022,2022-01-14,Tidak ada,BPD JAWA TIMUR,CABANG KEPANJEN,20575160 TKM NU 1 KARANGPANDAN,Bersedia Menerima,Pagi,Belum Bersertifikat,PLN,450,Tidak Ada,JL. SARANGAN NO. 272 RT. 03 RW. 01 DESA KARANGPANDAN,3 / 1,KARANGPANDAN,Karangpandan,Kec. Pakisaji,Kab. Malang,Prov. Jawa Timur,65162,-8,112,3,3,0,0,0,0,0,0,0,0,0,3,0,1,0,0,0,0,0,0,0,0,0,0,0,0,0,0,0,0,0,0,0,0,0,0,0,0,0,0,5,3,1,27,13,14,2.0,2,0.0,0,0.0,0,0.0,0,1.0,1,1.0,1,0.0,0,0.0,0,2.0,2,0.0,0,0.0,0,0.0,0,0.0,0,0.0,0,0.0,0,1.0,1,,,,,,,,,,,,,,,,,,
051822,TK MUSLIMAT NU 10 AL KHOIRIYAH,https://dapo.kemdikbud.go.id/sekolah/D93949D3717974CB6955,http://sekolah.data.kemdikbud.go.id/index.php/chome/profil/8fe5a8be-a0ac-467b-92ce-95f02dd720df,09 Feb 2023 22:54:09,B,Kurikulum 2013,20575158,Swasta,TK,Yayasan,0223/TKM.KH/VIII/2001,2001-09-17,421.1/245/35.07.101/2020,2020-01-14,Tidak ada,BPD JAWA TIMUR,CABANG KEPANJEN,20575158 TKMNU 10 AL KHOIRIYAH,Bersedia Menerima,Pagi,Belum Bersertifikat,PLN,1200,Telkom Speedy,JL. RAYA SEGARAN RT. 4 RW. 9 DUSUN SEGARAN DESA KENDALPAYAK,4 / 9,Segaran,Kendalpayak,Kec. Pakisaji,Kab. Malang,Prov. Jawa Timur,65162,-8,112,5,6,0,0,0,0,0,0,0,0,0,5,0,1,0,0,0,0,0,0,0,0,0,0,0,0,0,0,0,0,0,0,0,0,0,0,0,0,0,0,2,5,1,66,42,24,6.0,6,0.0,0,0.0,0,0.0,0,1.0,1,0.0,0,0.0,0,0.0,0,2.0,2,1.0,1,0.0,0,0.0,0,0.0,0,0.0,0,0.0,0,4.0,4,,,,,,,,,,,,,,,,,,
051822,TK MUSLIMAT NU 11 KEBONAGUNG,https://dapo.kemdikbud.go.id/sekolah/40D4069EF71287FD77AE,http://sekolah.data.kemdikbud.go.id/index.php/chome/profil/1d20aa9b-f2b3-4130-b6f9-4cd52e4a91f6,10 Feb 2023 10:32:16,B,Kurikulum 2013,20575151,Swasta,TK,Yayasan,070/1343/429.131/2001,2001-10-09,420/5366/35.07.101/2015,2015-12-18,Tidak ada,BPD JAWA TIMUR,CABANG KEPANJEN,20575151 TK M NU 11 KEBONAGUNG,Bersedia Menerima,Pagi,Belum Bersertifikat,PLN,900,Tidak Ada,JL. KARANGSONO. NO. 9A RT. 59 RW. 12 DESA KEBONAGUNG,59 / 12,KARANGSONO,Kebonagung,Kec. Pakisaji,Kab. Malang,Prov. Jawa Timur,65161,-8,112,4,4,0,0,0,0,0,0,0,0,0,4,0,2,0,0,0,0,0,0,0,0,0,0,0,0,0,0,0,0,0,0,0,0,0,0,0,0,0,0,3,4,2,101,59,42,4.0,4,0.0,0,0.0,0,0.0,0,1.0,1,1.0,1,0.0,0,0.0,0,1.0,1,1.0,1,0.0,0,0.0,0,0.0,0,0.0,0,0.0,0,1.0,1,,,,,,,,,,,,,,,,,,
051822,TK MUSLIMAT NU 12 AL-MUBAROK,https://dapo.kemdikbud.go.id/sekolah/16529A6372CFD305C775,http://sekolah.data.kemdikbud.go.id/index.php/chome/profil/e10cb4cc-61cc-4afa-802d-fe0fbb1e2c24,20 Feb 2023 20:49:40,B,Kurikulum 2013,20575129,Swasta,TK,Yayasan,450/I04.26/E-1993,1993-01-11,421.1/702/35.07.101/2022,2022-01-13,Tidak ada,BPD JAWA TIMUR,CABANG KEPANJEN,20575129 TK M NU 12 ALMUBAROK,Bersedia Menerima,Pagi,Belum Bersertifikat,PLN,900,Lainnya (Satelit),JL. SUTOJAYAN RT. 03 RW. 02 DESA SUTOJAYAN,3 / 2,desa sutojayan,Sutojayan,Kec. Pakisaji,Kab. Malang,Prov. Jawa Timur,65162,-8,112,4,4,0,0,0,0,0,0,0,0,0,3,0,1,0,0,0,0,0,0,0,0,0,0,0,0,0,0,0,0,0,0,0,0,0,0,0,0,0,0,3,3,1,57,33,24,4.0,4,0.0,0,0.0,0,0.0,0,0.0,0,1.0,1,1.0,1,0.0,0,2.0,2,1.0,1,0.0,0,0.0,0,0.0,0,0.0,0,0.0,0,1.0,1,,,,,,,,,,,,,,,,,,
051822,TK MUSLIMAT NU 13 MIFTAHUL HUDA WONOKERSO,https://dapo.kemdikbud.go.id/sekolah/A7279D389CC6E3B286E4,http://sekolah.data.kemdikbud.go.id/index.php/chome/profil/cfb0a403-6def-44bc-adf3-9bbb9d18ee29,03 Feb 2023 22:22:00,B,Kurikulum 2013,20575162,Swasta,TK,Yayasan,420/019/429.131/2002,2002-01-10,421.1/701 /35.07.101/2022,2022-01-13,Tidak ada,BPD JAWA TIMUR,CABANG KEPANJEN,20575162 TKMNU13 MIFTAHUL HUDA,Bersedia Menerima,Pagi,Belum Bersertifikat,PLN,450,Indosat IM3,JL. MASJID NO. 07 RT. 01 RW. 01 DESA WONOKERSO,1 / 1,Wonokerso,Wonokerso,Kec. Pakisaji,Kab. Malang,Prov. Jawa Timur,65162,-8,112,3,3,0,0,0,0,0,0,0,0,0,3,0,1,0,0,0,0,0,0,0,0,0,0,0,0,0,0,0,0,0,0,0,0,0,0,0,0,0,0,3,3,1,50,29,21,3.0,3,0.0,0,0.0,0,0.0,0,1.0,1,0.0,0,0.0,0,0.0,0,2.0,2,1.0,1,0.0,0,0.0,0,0.0,0,0.0,0,0.0,0,4.0,4,,,,,,,,,,,,,,,,,,
051822,TK MUSLIMAT NU 14 NURUL HUDA KARANGDUREN,https://dapo.kemdikbud.go.id/sekolah/333906DA105E655CDF85,http://sekolah.data.kemdikbud.go.id/index.php/chome/profil/458e1179-bcfc-42c7-8f02-9991c96ebc5b,30 Aug 2022 05:27:51,B,Kurikulum 2013,69756878,Swasta,TK,Yayasan,420/019/429.131/2002,2002-01-10,420/5365/35.07.101/2015,2015-12-18,Tidak ada,BPD JAWA TIMUR,CABANG KEPANJEN,69756878 TK M NU 14 NURUL HUDA,,,,,,,RT. 01 RW. 05 DUSUN PIDEK DESA KARANGDUREN,2 / 5,PIDEK,Karangduren,Kec. Pakisaji,Kab. Malang,Prov. Jawa Timur,65162,-8,112,0,0,0,0,0,0,0,0,0,0,0,2,0,2,0,0,0,0,0,0,0,0,0,0,0,0,0,0,0,0,0,0,0,0,0,0,0,0,0,0,0,2,2,0,0,0,5.0,0,0.0,0,0.0,0,0.0,0,1.0,0,2.0,0,1.0,0,0.0,0,1.0,0,1.0,0,0.0,0,0.0,0,0.0,0,0.0,0,0.0,0,1.0,1,,,,,,,,,,,,,,,,,,
051822,TK MUSLIMAT NU 15 AL-MUNIB KEBONAGUNG,https://dapo.kemdikbud.go.id/sekolah/7CF2BD5F51A59EDFB08C,http://sekolah.data.kemdikbud.go.id/index.php/chome/profil/3d9a54e6-3dc6-4fee-bb6a-b7bc8e31b1c8,26 Mar 2023 13:55:35,,Kurikulum 2013,20575115,Swasta,TK,Yayasan,420/2406/421.102/2005,2005-12-23,420/5372/35.07.101/2015,2015-12-18,Tidak ada,BPD JAWA TIMUR,CABANG KEPANJEN,20575115 TK M NU 15 ALMUNIB,Bersedia Menerima,Pagi,Belum Bersertifikat,PLN & Diesel,900,Tidak Ada,DUSUN SONO TENGAH RT. 66 RW. 14 DESA KEBONAGUNG,66 / 14,SONOTENGAH,Kebonagung,Kec. Pakisaji,Kab. Malang,Prov. Jawa Timur,65161,-8,112,3,3,0,0,0,0,0,0,0,0,0,3,0,1,0,0,0,0,0,0,0,0,0,0,0,0,0,0,0,0,0,0,0,0,0,0,0,0,0,0,4,3,1,61,25,36,4.0,4,0.0,0,0.0,0,0.0,0,1.0,1,0.0,0,0.0,0,0.0,0,2.0,2,0.0,0,0.0,0,0.0,0,0.0,0,0.0,0,0.0,0,1.0,1,,,,,,,,,,,,,,,,,,
051822,TK MUSLIMAT NU 2 KARANGPANDAN,https://dapo.kemdikbud.go.id/sekolah/06D29A68988A88131ADD,http://sekolah.data.kemdikbud.go.id/index.php/chome/profil/3209ec13-26d0-47f5-af2f-baf7c7e56a4d,03 Feb 2023 22:09:48,B,Kurikulum 2013,20575116,Swasta,TK,Yayasan,158/104.25/DS/2001/SK,2001-02-06,420/5359/35.07.101/2015,2015-12-18,Tidak ada,BPD JAWA TIMUR,CABANG KEPANJEN,20575116 TKM NU 2 KARANGPANDAN,Bersedia Menerima,Pagi,Belum Bersertifikat,PLN,900,Tidak Ada,JL. SANUSI ANWAR RT. 18 RW. 04 DUSUN KEDUNGMONGGO DESA KARANGPANDAN,18 / 4,KEDUNGMONGGO,Karangpandan,Kec. Pakisaji,Kab. Malang,Prov. Jawa Timur,65162,0,0,2,2,0,0,0,0,0,0,0,0,0,2,0,1,0,0,0,0,0,0,0,0,0,0,0,0,0,0,0,0,0,0,0,0,0,0,0,0,0,0,2,2,1,27,17,10,2.0,2,0.0,0,0.0,0,0.0,0,1.0,1,1.0,1,0.0,0,0.0,0,1.0,1,0.0,0,0.0,0,0.0,0,0.0,0,0.0,0,0.0,0,1.0,1,,,,,,,,,,,,,,,,,,
051822,TK MUSLIMAT NU 3 PERMANU,https://dapo.kemdikbud.go.id/sekolah/03A29628C4D3B99B9496,http://sekolah.data.kemdikbud.go.id/index.php/chome/profil/4abfe279-da83-40f5-8257-a1b32bf5f663,26 Jan 2023 10:37:04,B,Kurikulum 2013,20575127,Swasta,TK,Yayasan,158/i04.26/DS/2001/SK,2001-02-06,421.1/713/35.07.101/2022,2022-01-13,Tidak ada,BPD JAWA TIMUR,CABANG KEPANJEN,20575127 TK M NU 3 PERMANU,Bersedia Menerima,Pagi,Belum Bersertifikat,PLN,900,XL (Serat Optik),JL. DARMO REJO RT. 01 RW. 03 DUSUN PERMANU DESA PERMANU,1 / 3,PERMANU,Permanu,Kec. Pakisaji,Kab. Malang,Prov. Jawa Timur,65162,-8,112,4,4,0,0,0,0,0,0,0,0,0,4,1,1,0,0,0,0,0,0,0,0,0,0,0,0,0,0,0,0,0,0,0,0,0,0,0,0,0,0,2,4,2,56,29,27,4.0,4,0.0,0,0.0,0,0.0,0,1.0,1,1.0,1,0.0,0,0.0,0,1.0,1,1.0,1,0.0,0,0.0,0,0.0,0,0.0,0,0.0,0,1.0,1,,,,,,,,,,,,,,,,,,
051822,TK MUSLIMAT NU 4 JATISARI,https://dapo.kemdikbud.go.id/sekolah/13514EB339833CFBCF49,http://sekolah.data.kemdikbud.go.id/index.php/chome/profil/7a70f6f0-db4e-415e-b8cc-9da5b8567de8,04 Feb 2023 09:43:43,B,Kurikulum 2013,20575140,Swasta,TK,Yayasan,1718/104.26/DS/2000/SK,2000-04-24,421.1/715/35.07.101/2022,2022-01-13,Tidak ada,BPD JAWA TIMUR,CABANG KEPANJEN,20575140 TK M NU 4 JATISARI,Bersedia Menerima,Pagi,Belum Bersertifikat,PLN,2000,XL (GSM),JL. RAYA JATISARI RT. 17 RW. 5 DUSUN JATISARI DESA JATISARI,17 / 5,Jatisari,Jatisari,Kec. Pakisaji,Kab. Malang,Prov. Jawa Timur,65162,-8,112,3,3,0,0,0,0,0,0,0,0,0,3,0,1,0,0,0,0,0,0,0,0,0,0,0,0,0,0,0,0,0,0,0,0,0,0,0,0,0,0,3,3,1,58,35,23,3.0,3,0.0,0,0.0,0,0.0,0,1.0,1,1.0,1,0.0,0,0.0,0,1.0,1,1.0,1,0.0,0,0.0,0,0.0,0,0.0,0,0.0,0,2.0,2,,,,,,,,,,,,,,,,,,
051822,TK MUSLIMAT NU 5 GLANGGANG,https://dapo.kemdikbud.go.id/sekolah/DDB6E59FCE8442AD0589,http://sekolah.data.kemdikbud.go.id/index.php/chome/profil/fa4cd167-1dfd-42cb-96a2-0b6a48d9dddf,30 Jan 2023 14:56:41,B,Kurikulum 2013,20575154,Swasta,TK,Yayasan,420/019/429.131/2002,2002-01-10,421.1/253/35.07.101/2020,2020-01-14,Tidak ada,BPD JAWA TIMUR,CABANG KEPANJEN,20575154 TK M NU 5 GLANGGANG,Bersedia Menerima,Malam,Belum Bersertifikat,PLN,900,Lainnya,JL. RAYA GLANGGANG RT. 15 RW. 08 GLANGGANG,15 / 8,GLANGGANG,Glanggang,Kec. Pakisaji,Kab. Malang,Prov. Jawa Timur,65162,-8,112,4,4,0,0,0,0,0,0,0,0,0,3,0,1,0,0,0,0,0,0,0,0,0,0,0,0,0,0,0,0,0,0,0,0,0,0,0,0,0,0,2,3,1,58,35,23,4.0,4,0.0,0,0.0,0,0.0,0,1.0,1,1.0,1,0.0,0,0.0,0,1.0,1,0.0,0,0.0,0,0.0,0,0.0,0,0.0,0,0.0,0,1.0,1,,,,,,,,,,,,,,,,,,
051822,TK MUSLIMAT NU 6,https://dapo.kemdikbud.go.id/sekolah/0A3C375D51C32D49C123,http://sekolah.data.kemdikbud.go.id/index.php/chome/profil/68a9bf0d-c96c-47a4-8cea-d6e53d3b0410,02 Feb 2023 07:19:19,B,Kurikulum 2013,20575152,Swasta,TK,Yayasan,420/5363/35.07.101/2004,2004-12-18,421.1/712/35.07.101/2022,2022-01-14,Tidak ada,BPD JAWA TIMUR,CABANG KEPANJEN,20575152 TK MUSLIMAT NU 6,Bersedia Menerima,Pagi,9001,PLN,900,Lainnya,JL. GARUDA RT. 03 RW. 05 DUSUN BLAU DESA PERMANU,3 / 5,BLAU,Permanu,Kec. Pakisaji,Kab. Malang,Prov. Jawa Timur,65162,0,0,4,3,0,0,0,0,0,0,0,0,0,3,0,1,0,0,0,0,0,0,0,0,0,0,0,0,0,0,0,0,0,0,0,0,0,0,0,0,0,0,2,3,1,62,30,32,4.0,4,0.0,0,0.0,0,0.0,0,1.0,1,1.0,1,0.0,0,1.0,1,1.0,1,0.0,0,0.0,0,0.0,0,0.0,0,0.0,0,0.0,0,1.0,1,,,,,,,,,,,,,,,,,,
051822,TK MUSLIMAT NU 7 AL-HIDAYAH PAKISAJI,https://dapo.kemdikbud.go.id/sekolah/C3828B49F91F72529960,http://sekolah.data.kemdikbud.go.id/index.php/chome/profil/f3936001-4c0a-4a66-839d-710dc6c76169,10 Feb 2023 11:14:05,B,Kurikulum 2013,20575148,Swasta,TK,Yayasan,2123/1104.26/E.582,1982-09-20,421.1/710/35.07.101/2022,2022-01-14,Tidak ada,BPD JAWA TIMUR,CABANG KEPANJEN,20575148 TK M NU 7 ALHIDAYAH,Bersedia Menerima,Pagi,9001,PLN,900,Tidak Ada,JL. LANGSEP NO. 3-A RT. 16 RW. 4 PAKISAJI,16 / 4,PAKISAJI,Pakisaji,Kec. Pakisaji,Kab. Malang,Prov. Jawa Timur,65162,-8,112,3,4,0,0,0,0,0,0,0,0,0,4,0,1,0,0,0,0,0,0,0,0,0,0,0,0,0,0,0,0,0,0,0,0,0,0,0,0,0,0,5,4,1,47,16,31,3.0,3,0.0,0,0.0,0,0.0,0,1.0,1,1.0,1,0.0,0,0.0,0,1.0,1,1.0,1,0.0,0,0.0,0,0.0,0,0.0,0,0.0,0,1.0,1,,,,,,,,,,,,,,,,,,
051822,TK MUSLIMAT NU 8 KEBONAGUNG,https://dapo.kemdikbud.go.id/sekolah/AAA101E5E31F7DD649A0,http://sekolah.data.kemdikbud.go.id/index.php/chome/profil/ddd59a6a-7ae6-47ab-be2b-8fc715688214,27 Jan 2023 12:35:15,C,Kurikulum 2013,20575124,Swasta,TK,Yayasan,1101/II04.26/E.5-83,1983-11-21,421.1/711/35.07.101/2022,2022-01-13,Tidak ada,BPD JAWA TIMUR,CABANG KEPANJEN,20575124 TK M NU 8 KEBONAGUNG,Bersedia Menerima,Pagi,Belum Bersertifikat,PLN,900,Tidak Ada,JL. RAYA WAGIR NO. 50 RT. 14 RW. 03 DESA KEBONAGUNG,14 / 3,KEBONAGUNG,Kebonagung,Kec. Pakisaji,Kab. Malang,Prov. Jawa Timur,65161,-8,112,2,2,0,0,0,0,0,0,0,0,0,2,0,1,0,0,0,0,0,0,0,0,0,0,0,0,0,0,0,0,0,0,0,0,0,0,0,0,0,0,2,2,1,42,17,25,4.0,4,1.0,1,0.0,0,0.0,0,1.0,1,1.0,1,0.0,0,1.0,1,2.0,2,1.0,1,0.0,0,0.0,0,0.0,0,0.0,0,0.0,0,1.0,1,,,,,,,,,,,,,,,,,,
051822,TK MUSLIMAT NU 9 AHMAD YANI,https://dapo.kemdikbud.go.id/sekolah/5E698FBE2B5C565C3C69,http://sekolah.data.kemdikbud.go.id/index.php/chome/profil/4cbc2895-1396-4531-b5bb-d548773d2cfc,19 Mar 2023 22:15:55,B,Kurikulum 2013,20575161,Swasta,TK,Yayasan,B.620607,2007-06-11,421.1/699/35.07.101/2022,2022-01-13,Tidak ada,BPD JAWA TIMUR,CABANG KEPANJEN,20575161 TK M NU 9 AHMAD YANI,Bersedia Menerima,Pagi,Belum Bersertifikat,PLN,439,Smartfren,JL. RAYA GENENGAN NO. 222 RT. 1 RW. 9 DUSUN BINANGUN DESA GENENGAN,1 / 9,Genengan,Genengan,Kec. Pakisaji,Kab. Malang,Prov. Jawa Timur,65162,-8,112,4,4,0,0,0,0,0,0,0,0,0,4,0,2,0,0,0,0,0,0,0,0,0,0,0,0,0,0,0,0,0,0,0,0,0,0,0,0,0,0,7,4,2,78,46,32,5.0,5,1.0,1,0.0,0,0.0,0,1.0,1,1.0,1,0.0,0,1.0,1,4.0,4,2.0,2,0.0,0,0.0,0,1.0,1,0.0,0,0.0,0,1.0,1,,,,,,,,,,,,,,,,,,
051822,TK PGRI 01 PAKISAJI,https://dapo.kemdikbud.go.id/sekolah/8F9332E872DFE712DBDA,http://sekolah.data.kemdikbud.go.id/index.php/chome/profil/7ce6d837-49fd-4b6c-8048-13ddda352c72,06 Feb 2023 08:14:07,,Kurikulum 2013,20575163,Swasta,TK,Yayasan,149/SK/E.1/VIII/1992,1992-08-10,420/535/35.07.101/2015,2015-12-18,Tidak ada,BPD JAWA TIMUR,CABANG KEPANJEN,20575163 TK PGRI 01 PAKISAJI,Bersedia Menerima,Pagi,Belum Bersertifikat,PLN,450,Telkomsel Flash,Jl. RAYA PERMANU NO. 44 RT. 03 RW 02 DESA PERMANU,3 / 2,PERMANU,Permanu,Kec. Pakisaji,Kab. Malang,Prov. Jawa Timur,65162,-8,112,2,2,0,0,0,0,0,0,0,0,0,1,0,1,0,0,0,0,0,0,0,0,0,0,0,0,0,0,0,0,0,0,0,0,0,0,0,0,0,0,2,1,1,18,10,8,2.0,2,0.0,0,0.0,0,0.0,0,0.0,0,1.0,1,0.0,0,0.0,0,1.0,1,0.0,0,0.0,0,0.0,0,0.0,0,0.0,0,0.0,0,1.0,1,,,,,,,,,,,,,,,,,,
051822,TK PGRI 2 PAKISAJI,https://dapo.kemdikbud.go.id/sekolah/75EF8B06AB4A746D958E,http://sekolah.data.kemdikbud.go.id/index.php/chome/profil/991c5803-f24a-4cae-a86c-b59b71a40ff3,08 Feb 2023 08:20:12,B,Kurikulum 2013,20575153,Swasta,TK,Yayasan,420/1274/421.102/2008,2008-08-08,421.1/692/35.07.101/2022,2022-01-13,Tidak ada,BPD JAWA TIMUR,CABANG KEPANJEN,20575153 TK PGRI 2 PAKISAJI,Bersedia Menerima,Pagi,Belum Bersertifikat,PLN,900,Lainnya (Wavelan),JL. RAYA SUTOJAYAN RT. 06 RW. 03 DESA SUTOJAYAN,6 / 3,Sutojayan,Sutojayan,Kec. Pakisaji,Kab. Malang,Prov. Jawa Timur,65162,-8,112,4,4,0,0,0,0,0,0,0,0,0,4,0,1,0,0,0,0,0,0,0,0,0,0,0,0,0,0,0,0,0,0,0,0,0,0,0,0,0,0,2,4,1,43,23,20,4.0,4,0.0,0,0.0,0,0.0,0,0.0,0,1.0,1,0.0,0,0.0,0,2.0,2,0.0,0,0.0,0,0.0,0,0.0,0,0.0,0,0.0,0,1.0,1,,,,,,,,,,,,,,,,,,
051822,TK ROHMATUL MAGHFIROH,https://dapo.kemdikbud.go.id/sekolah/FACCA700C8428B991561,http://sekolah.data.kemdikbud.go.id/index.php/chome/profil/99d9cb78-9093-4f5b-8cbc-9f15ff46e661,24 Jan 2023 09:03:33,,Kurikulum 2013,20575110,Swasta,TK,Yayasan,420/1159/421.118/2004,2004-06-24,421.1/688/35.07.101/2022,2022-01-13,Tidak ada,BPD JAWA TIMUR,CABANG KEPANJEN,20575110 TK ROHMATUL MAGHFIROH,Bersedia Menerima,Pagi,Belum Bersertifikat,PLN,450,Tidak Ada,JL. PAHLAWAN USMAN RT. 07 RW. 02 PAKISAJI,7 / 2,PAKISAJI,Pakisaji,Kec. Pakisaji,Kab. Malang,Prov. Jawa Timur,65162,-8,112,4,4,0,0,0,0,0,0,0,0,0,3,1,0,0,0,0,0,0,0,0,0,0,0,0,0,0,0,0,0,0,0,0,0,0,0,0,0,0,0,2,3,1,46,24,22,4.0,4,0.0,0,0.0,0,0.0,0,1.0,1,1.0,1,0.0,0,0.0,0,1.0,1,0.0,0,0.0,0,0.0,0,0.0,0,0.0,0,0.0,0,1.0,1,,,,,,,,,,,,,,,,,,
051822,TK SITI CHODIDJAH PAKISAJI,https://dapo.kemdikbud.go.id/sekolah/2F457A97B767434FB574,http://sekolah.data.kemdikbud.go.id/index.php/chome/profil/9af751b4-94dd-4826-951e-ca4ff479d25a,14 Feb 2023 20:05:40,B,Kurikulum 2013,20575164,Swasta,TK,Yayasan,606/104.26/DS/2000/SK,2000-05-04,420/239/PAUD/35.07.101/2019,2019-06-10,Tidak ada,BPD JAWA TIMUR,CABANG KEPANJEN,20575164 TKSITICHODIDJAH PKSJI,Bersedia Menerima,Pagi,Belum Bersertifikat,PLN,1300,Tidak Ada,JL. CERME NO. 40 RT. 04 RW. 02 DESA KENDALPAYAK,4 / 2,CERME,Kendalpayak,Kec. Pakisaji,Kab. Malang,Prov. Jawa Timur,65162,-8,112,4,4,0,0,0,0,0,0,0,0,0,5,0,1,0,0,0,0,0,0,0,0,0,0,0,0,0,0,0,0,0,0,0,0,0,0,0,0,0,0,2,5,1,71,40,31,4.0,4,0.0,0,0.0,0,0.0,0,1.0,1,1.0,1,0.0,0,1.0,1,2.0,2,1.0,1,0.0,0,0.0,0,0.0,0,0.0,0,0.0,0,1.0,1,,,,,,,,,,,,,,,,,,
051822,TK TUNAS HARAPAN,https://dapo.kemdikbud.go.id/sekolah/8B115279889D6DA4F12E,http://sekolah.data.kemdikbud.go.id/index.php/chome/profil/59e611a3-22c6-473b-8e4e-fae0e7ea9f54,19 Feb 2023 07:17:45,,Kurikulum 2013,69726650,Swasta,TK,Yayasan,420/717/4221.101/2012,2012-03-14,421.1/719/35.07.101/2022,2022-01-13,Tidak ada,BPD JAWA TIMUR,CABANG KEPANJEN,69726650 TK TUNAS HARAPAN,Bersedia Menerima,Pagi,Belum Bersertifikat,PLN,450,Tidak Ada,JL. RAYA GOLEK RT. 02 RW. 03 DESA KARANGDUREN,2 / 3,GOLEK,Karangduren,Kec. Pakisaji,Kab. Malang,Prov. Jawa Timur,65162,0,0,2,2,0,0,0,0,0,0,0,0,0,2,1,1,0,0,0,0,0,0,0,0,0,0,0,0,0,0,0,0,0,0,0,0,0,0,0,0,0,0,2,2,2,19,8,11,2.0,2,0.0,0,0.0,0,0.0,0,0.0,0,0.0,0,0.0,0,0.0,0,1.0,1,1.0,1,0.0,0,0.0,0,0.0,0,0.0,0,0.0,0,1.0,1,,,,,,,,,,,,,,,,,,
051822,TK WAHIDIYAH,https://dapo.kemdikbud.go.id/sekolah/60AF32670495BE3D16BB,http://sekolah.data.kemdikbud.go.id/index.php/chome/profil/25a77f92-47b2-4957-8ad6-bc67537d1104,15 Feb 2023 22:48:53,,Kurikulum 2013,20574746,Swasta,TK,Yayasan,420/1388/421.101/2011,2011-06-30,421.1/707/35.07.101/2022,2022-01-13,Tidak ada,BPD JAWA TIMUR,CABANG KEPANJEN,20574746 TK WAHIDIYAH,Bersedia Menerima,Pagi,Belum Bersertifikat,PLN,450,Lainnya,JL. BALAI DESA RT. 04 RW. 02 DESA SUTOJAYAN,4 / 2,Sutojayan,Sutojayan,Kec. Pakisaji,Kab. Malang,Prov. Jawa Timur,65162,-8,112,2,2,0,0,0,0,0,0,0,0,0,2,0,1,0,0,0,0,0,0,0,0,0,0,0,0,0,0,0,0,0,0,0,0,0,0,0,0,0,0,4,2,1,36,21,15,2.0,2,0.0,0,0.0,0,0.0,0,1.0,1,0.0,0,1.0,1,0.0,0,1.0,1,0.0,0,0.0,0,0.0,0,0.0,0,0.0,0,0.0,0,5.0,5,,,,,,,,,,,,,,,,,,
051822,TK WONDERFUL KIDS,https://dapo.kemdikbud.go.id/sekolah/16D2FEC8093EEE056083,http://sekolah.data.kemdikbud.go.id/index.php/chome/profil/dfe847bf-00d9-4174-890c-50b28dc3ac5f,09 Oct 2022 12:34:30,,Kurikulum 2013,69726653,Swasta,TK,Yayasan,420/155/421.101/2012,2012-06-13,420/196/PAUD/35.07.101/2016,2016-10-20,"B,C1,D1,F,H,P,Q",BPD JAWA TIMUR,CABANG KEPANJEN,69726653 TK WONDERFUL KIDS,,,,,,,PERUM. KARANGDUREN PERMAI L.7 RT. 05 RW. 07 DESA KARANGDUREN,5 / 7,Karangduren,Karangduren,Kec. Pakisaji,Kab. Malang,Prov. Jawa Timur,65162,-8,112,0,0,0,0,0,0,0,0,0,0,0,3,0,1,0,0,0,0,0,0,0,0,0,0,0,0,0,0,0,0,0,0,0,0,0,0,0,0,0,0,0,3,1,0,0,0,3.0,0,0.0,0,0.0,0,0.0,0,1.0,0,1.0,0,0.0,0,0.0,0,1.0,0,0.0,0,3.0,0,0.0,0,0.0,0,0.0,0,0.0,0,1.0,1,,,,,,,,,,,,,,,,,,
051822,KB AISYIYAH 1 PAKISAJI,https://dapo.kemdikbud.go.id/sekolah/20E04A8D5BF0E4F7A904,http://sekolah.data.kemdikbud.go.id/index.php/chome/profil/221bdcfe-4881-437e-b1e6-6c5921f80e41,18 Feb 2023 06:44:07,,Kurikulum 2013,69727336,Swasta,KB,Yayasan,400/18/421.102/2008,2008-01-17,421.1/1264/35.07.101/2022,2022-04-04,Tidak ada,BPD JAWA TIMUR,CABANG KEPANJEN,69727336 KBAISYIYAH 1 PAKISAJI,Bersedia Menerima,Sehari penuh (5 h/m),Belum Bersertifikat,PLN,1000,Telkomsel Flash,Jl. Kramatan RT.15 RW.03,15 / 3,PAKISAJI,Pakisaji,Kec. Pakisaji,Kab. Malang,Prov. Jawa Timur,65162,-8,112,2,2,0,0,0,0,0,0,0,0,0,2,0,1,0,0,0,0,0,0,0,0,0,0,0,0,0,0,0,0,0,0,0,0,0,0,0,0,0,0,3,2,1,28,12,16,4.0,4,0.0,0,0.0,0,0.0,0,1.0,1,1.0,1,0.0,0,0.0,0,1.0,1,0.0,0,0.0,0,0.0,0,0.0,0,0.0,0,0.0,0,1.0,1,,,,,,,,,,,,,,,,,,
051822,KB AL AMANAH,https://dapo.kemdikbud.go.id/sekolah/AD3E374D915CDDD055E7,http://sekolah.data.kemdikbud.go.id/index.php/chome/profil/9e62bc5c-7c97-4c31-a985-b28841ea0646,17 Dec 2022 07:51:10,B,Kurikulum 2013,69931590,Swasta,KB,Yayasan,420/024/KB.IP/421.101/201,2014-02-10,420/216/PAUD/35.07.101/2019,2019-06-10,Tidak ada,BPD JAWA TIMUR,CABANG KEPANJEN,69931590 KB AL AMANAH,,,,,,,Jl. Gunung Katu  RT.24  RW.06 Dusun Pendem,24 / 6,Dsn.Pendem,Jatisari,Kec. Pakisaji,Kab. Malang,Prov. Jawa Timur,65162,-8,112,0,0,0,0,0,0,0,0,0,0,0,2,0,1,0,0,0,0,0,0,0,0,0,0,0,0,0,0,0,0,0,0,0,0,0,0,0,0,0,0,0,2,1,0,0,0,3.0,0,0.0,0,0.0,0,0.0,0,1.0,0,1.0,0,0.0,0,0.0,0,2.0,0,0.0,0,0.0,0,0.0,0,0.0,0,0.0,0,0.0,0,1.0,1,,,,,,,,,,,,,,,,,,
051822,KB AL HIKMAH LATIFUI,https://dapo.kemdikbud.go.id/sekolah/7658436B69EEFE38BEF5,http://sekolah.data.kemdikbud.go.id/index.php/chome/profil/91e04035-7bcc-45b7-83c7-ad3fe0ccc6bb,20 Feb 2023 10:51:32,,Kurikulum 2013,69978827,Swasta,KB,Yayasan,420/05/35.07.101/2017,2017-01-21,421.1/1175/35.07.101/2020,2020-11-09,Tidak ada,BPD JAWA TIMUR,CABANG KEPANJEN,69978827 KB AL HIKMAH LATIFUI,Bersedia Menerima,Pagi,Belum Bersertifikat,PLN,900,Smartfren,"JL. RAYA PAKISAJI NO. 87, RT. 08 RW. 02",8 / 2,PAKISAJI,Pakisaji,Kec. Pakisaji,Kab. Malang,Prov. Jawa Timur,65162,-8,112,3,3,0,0,0,0,0,0,0,0,0,2,0,1,0,0,0,0,0,0,0,0,0,0,0,0,0,0,0,0,0,0,0,0,0,0,0,0,0,0,2,2,1,40,19,21,2.0,2,0.0,0,0.0,0,0.0,0,0.0,0,0.0,0,0.0,0,0.0,0,2.0,2,1.0,1,0.0,0,0.0,0,0.0,0,0.0,0,0.0,0,1.0,1,,,,,,,,,,,,,,,,,,
051822,KB ALAM JINGGA,https://dapo.kemdikbud.go.id/sekolah/EB8E5B48E754A4AAF84C,http://sekolah.data.kemdikbud.go.id/index.php/chome/profil/2eba470d-8546-4cd1-8b1d-7647a7fd241d,07 Feb 2023 10:26:38,,Kurikulum 2013,69931580,Swasta,KB,Yayasan,420/228/421.101/2012,2012-11-01,420/91/PAUD/35.07.101/2017,2015-05-06,Tidak ada,BPD JAWA TIMUR,CABANG KEPANJEN,69931580 KB ALAM JINGGA,Bersedia Menerima,Pagi,Belum Bersertifikat,PLN,450,Tidak Ada,Jl. Pahlawan Badjuri No.95 RT.04 RW.01,4 / 1,Pakisaji,Pakisaji,Kec. Pakisaji,Kab. Malang,Prov. Jawa Timur,65162,-5,114,2,2,0,0,0,0,0,0,0,0,0,1,0,1,0,0,0,0,0,0,0,0,0,0,0,0,0,0,0,0,0,0,0,0,0,0,0,0,0,0,2,1,1,23,15,8,1.0,1,0.0,0,0.0,0,0.0,0,0.0,0,1.0,1,0.0,0,0.0,0,1.0,1,0.0,0,0.0,0,0.0,0,0.0,0,0.0,0,0.0,0,1.0,1,,,,,,,,,,,,,,,,,,
051822,KB BACHRUL ULUM,https://dapo.kemdikbud.go.id/sekolah/042BD278406149D2B5A5,http://sekolah.data.kemdikbud.go.id/index.php/chome/profil/3826297c-a139-4437-94f5-79fbdb500fa6,20 Feb 2023 08:12:34,,Kurikulum 2013,69727342,Swasta,KB,Yayasan,420/1617/421.102/2006,2006-09-27,421.1/006/35.07.101/2021,2021-07-21,Tidak ada,BPD JAWA TIMUR,CABANG KEPANJEN,69727342 KB BACHRUL ULUM,Bersedia Menerima,Pagi,Belum Bersertifikat,PLN,450,Telkomsel Flash,Jl. Bunga Tanjung No.89 RT.07 RW.02,7 / 2,KARANGDUREN,Karangduren,Kec. Pakisaji,Kab. Malang,Prov. Jawa Timur,65162,-8,112,2,2,0,0,0,0,0,0,0,0,0,1,0,1,0,0,0,0,0,0,0,0,0,0,0,0,0,0,0,0,0,0,0,0,0,0,0,0,0,0,3,1,1,21,13,8,2.0,2,0.0,0,0.0,0,0.0,0,0.0,0,1.0,1,0.0,0,0.0,0,1.0,1,1.0,1,0.0,0,0.0,0,0.0,0,0.0,0,0.0,0,1.0,1,,,,,,,,,,,,,,,,,,
051822,KB BEN PINTER,https://dapo.kemdikbud.go.id/sekolah/978EC71E698354CC919E,http://sekolah.data.kemdikbud.go.id/index.php/chome/profil/32344497-c0d0-4ca9-8c4b-46f5b90798f0,03 Mar 2023 22:07:15,B,Kurikulum 2013,69627332,Swasta,KB,Lainnya,420/007/421.101/2011,2011-12-01,421.1/129/35.07.101/2021,2021-03-29,Tidak ada,BPD JAWA TIMUR,CABANG KEPANJEN,69627332 KB BEN PINTER,Bersedia Menerima,Pagi,Belum Bersertifikat,PLN,900,Telkomsel Flash,RT. 67 RW.14 Dusun Sonotengah,67 / 14,Sonotengah,Kebonagung,Kec. Pakisaji,Kab. Malang,Prov. Jawa Timur,65161,0,0,3,3,0,0,0,0,0,0,0,0,0,3,0,1,0,0,0,0,0,0,0,0,0,0,0,0,0,0,0,0,0,0,0,0,0,0,0,0,0,0,6,3,1,48,24,24,1.0,1,0.0,0,0.0,0,0.0,0,0.0,0,1.0,1,0.0,0,0.0,0,1.0,1,1.0,1,0.0,0,0.0,0,0.0,0,0.0,0,0.0,0,2.0,2,,,,,,,,,,,,,,,,,,
051822,KB CAHAYA HATI,https://dapo.kemdikbud.go.id/sekolah/327AD1B9853D6A84ACDA,http://sekolah.data.kemdikbud.go.id/index.php/chome/profil/3a2aca86-758d-4035-ad15-b3eca04aab77,07 Feb 2023 20:41:26,,Kurikulum 2013,69959749,Swasta,KB,Lainnya,420/261/421.101/2012,2012-12-05,421.1/215/35.07.101/2021,2021-06-08,Tidak ada,BPD JAWA TIMUR,CABANG KEPANJEN,69959749 KB CAHAYA HATI,Bersedia Menerima,Pagi,Belum Bersertifikat,PLN,900,Telkomsel Flash,Jl. Raya Wadung RT  07 RW 02  Dusun Wadung Krajan,7 / 2,Wadung,Wadung,Kec. Pakisaji,Kab. Malang,Prov. Jawa Timur,65162,-8,112,4,3,0,0,0,0,0,0,0,0,1,1,0,1,0,0,0,0,0,0,0,0,0,0,0,0,0,0,0,0,0,0,0,0,0,0,0,0,0,0,4,2,1,122,58,64,2.0,2,0.0,0,0.0,0,0.0,0,0.0,0,1.0,1,0.0,0,0.0,0,1.0,1,0.0,0,0.0,0,0.0,0,0.0,0,0.0,0,0.0,0,1.0,1,,,,,,,,,,,,,,,,,,
051822,KB CERIA,https://dapo.kemdikbud.go.id/sekolah/C984925CA4325AFCD142,http://sekolah.data.kemdikbud.go.id/index.php/chome/profil/24a9547d-dbb4-4b94-beef-03decdd7a69a,26 Jan 2023 21:07:08,B,Kurikulum 2013,69727343,Swasta,KB,Lainnya,400/128/421.102/P/2009,2009-07-22,421.1/1191/35.07.101/2022,2022-03-14,Tidak ada,BPD JAWA TIMUR,CABANG KEPANJEN,69727343 KB CERIA,Bersedia Menerima,Pagi,Belum Bersertifikat,PLN,900,Telkom Speedy,Jl. Cokroaminoto 30 RT.45 RW.08 Dusun Sonosari,45 / 8,Sonosari,Kebonagung,Kec. Pakisaji,Kab. Malang,Prov. Jawa Timur,65161,0,0,3,3,0,0,0,0,0,0,0,0,0,3,0,1,0,0,0,0,0,0,0,0,0,0,0,0,0,0,0,0,0,0,0,0,0,0,0,0,0,0,2,3,1,48,27,21,3.0,3,0.0,0,0.0,0,0.0,0,0.0,0,0.0,0,0.0,0,0.0,0,1.0,1,0.0,0,0.0,0,0.0,0,0.0,0,0.0,0,0.0,0,1.0,1,,,,,,,,,,,,,,,,,,
051822,KB DARUL ABROR,https://dapo.kemdikbud.go.id/sekolah/099B24E6DB8679525403,http://sekolah.data.kemdikbud.go.id/index.php/chome/profil/b17882eb-7308-4ffc-b8d6-d58497fe31f1,03 Feb 2023 22:58:09,Belum Terakreditasi,Kurikulum 2013,69931565,Swasta,KB,Yayasan,420/262/421.101/2012,2012-12-05,421.1/51/35.07.101/2021,2017-03-29,Tidak ada,BPD JAWA TIMUR,CABANG KEPANJEN,69931565 KB DARUL ABROR,Bersedia Menerima,Pagi,Proses Sertifikasi,PLN,450,Telkomsel Flash,RT.01 RW.06  Dusun Blau,1 / 6,BLAU,Permanu,Kec. Pakisaji,Kab. Malang,Prov. Jawa Timur,65162,0,0,4,4,0,0,0,0,0,0,0,0,0,3,0,1,0,0,0,0,0,0,0,0,0,0,0,0,0,0,0,0,0,0,0,0,0,0,0,0,0,0,2,3,1,110,47,63,4.0,4,0.0,0,0.0,0,0.0,0,0.0,0,1.0,1,1.0,1,1.0,1,1.0,1,1.0,1,1.0,1,1.0,1,1.0,1,2.0,2,1.0,1,2.0,2,,,,,,,,,,,,,,,,,,
051822,KB DEWI MASITHOH,https://dapo.kemdikbud.go.id/sekolah/2523F4AC1F489F71DC2C,http://sekolah.data.kemdikbud.go.id/index.php/chome/profil/8e4f5f43-bfc8-45c6-b77b-72a8e9138aa4,31 Aug 2022 06:14:00,C,Kurikulum 2013,69727346,Swasta,KB,Lainnya,420/019/421.101/2011,2012-01-12,421.1/144/35.07.101/2021,2021-03-29,Tidak ada,BPD JAWA TIMUR,CABANG KEPANJEN,69727346 KB DEWI MASITHOH,,,,,,,Jl. Raya Karangsono RT 54 RW 10 Dusun Karangsono,54 / 10,Karangsono,Kebonagung,Kec. Pakisaji,Kab. Malang,Prov. Jawa Timur,65161,-8,112,0,0,0,0,0,0,0,0,0,0,0,4,0,1,0,0,0,0,0,0,0,0,0,0,0,0,0,0,0,0,0,0,0,0,0,0,0,0,0,0,0,4,1,0,0,0,2.0,0,0.0,0,0.0,0,0.0,0,1.0,0,1.0,0,0.0,0,1.0,0,1.0,0,0.0,0,0.0,0,0.0,0,0.0,0,0.0,0,0.0,0,1.0,2,,,,,,,,,,,,,,,,,,
051822,KB DHARMA WANITA P 4,https://dapo.kemdikbud.go.id/sekolah/F3018DF3B80B8685BA65,http://sekolah.data.kemdikbud.go.id/index.php/chome/profil/1c4e0e9b-f069-4728-9015-43261735229c,15 Feb 2023 12:39:15,,Kurikulum 2013,69727345,Swasta,KB,Yayasan,400/193/421.102/2010,2010-12-31,421.1/282/35.07.101/2021,2021-10-07,Tidak ada,BPD JAWA TIMUR,CABANG KEPANJEN,69727345 KB DHARMA WANITA P 4,Bersedia Menerima,Pagi,Belum Bersertifikat,PLN,450,Indosat Mentari,Jl. Raya Glanggang  RT.13 RW.04,13 / 4,GLANGGANG,Glanggang,Kec. Pakisaji,Kab. Malang,Prov. Jawa Timur,65162,-8,112,1,1,0,0,0,0,0,0,0,0,0,1,0,1,0,0,0,0,0,0,0,0,0,0,0,0,0,0,0,0,0,0,0,0,0,0,0,0,0,0,2,1,1,12,7,5,1.0,1,0.0,0,0.0,0,0.0,0,1.0,1,1.0,1,0.0,0,0.0,0,1.0,1,1.0,1,0.0,0,1.0,1,0.0,0,0.0,0,0.0,0,1.0,1,,,,,,,,,,,,,,,,,,
051822,KB HARAPAN BUNDA,https://dapo.kemdikbud.go.id/sekolah/C07B2FD2325F53ECB4D9,http://sekolah.data.kemdikbud.go.id/index.php/chome/profil/90c7d24a-afc1-4f11-ac2f-623d8a9eb1c9,23 Jan 2023 09:30:28,,Kurikulum 2013,69923629,Swasta,KB,Yayasan,420/128/421.101/2012,2012-04-25,421.1/237/35.07.101/2021,2021-06-08,Tidak ada,BPD JAWA TIMUR,CABANG KEPANJEN,69923629 KB HARAPAN BUNDA,Bersedia Menerima,Sehari penuh (5 h/m),Belum Bersertifikat,PLN,900,Tidak Ada,Jl. Kauman RT.16 RW.03 Dusun Krajan Barat,16 / 3,Kebonagung,Kebonagung,Kec. Pakisaji,Kab. Malang,Prov. Jawa Timur,65161,-8,112,3,3,0,0,0,0,0,0,0,0,0,6,0,1,0,0,0,0,0,0,0,0,0,0,0,0,0,0,0,0,0,0,0,0,0,0,0,0,0,0,3,6,1,50,26,24,3.0,3,0.0,0,0.0,0,0.0,0,0.0,0,1.0,1,0.0,0,0.0,0,1.0,1,0.0,0,0.0,0,0.0,0,0.0,0,0.0,0,0.0,0,1.0,1,,,,,,,,,,,,,,,,,,
051822,KB HIDAYATULLAH,https://dapo.kemdikbud.go.id/sekolah/494647DDC9B56B4A47C8,http://sekolah.data.kemdikbud.go.id/index.php/chome/profil/2ec7bb97-ff42-4457-aeb1-3020a6fb17cc,23 Jan 2023 11:22:39,,Kurikulum 2013,69727340,Swasta,KB,Yayasan,400/61/421.102/2010,2010-04-12,421.1/1262/35.07.101/2022,2022-04-04,Tidak ada,BPD JAWA TIMUR,CABANG KEPANJEN,69727340 KB HIDAYATULLAH,Bersedia Menerima,Pagi,Belum Bersertifikat,PLN,450,3 (Tri),Jl. Anjasmoro 30 B  RT.08 RW.02  Dusun Bendo,8 / 2,Bendo,Karangpandan,Kec. Pakisaji,Kab. Malang,Prov. Jawa Timur,65162,-8,112,2,3,0,0,0,0,0,0,0,0,0,2,0,0,0,0,0,0,0,0,0,0,0,0,0,0,0,0,0,0,0,0,0,0,0,0,0,0,0,0,5,2,0,36,16,20,2.0,2,0.0,0,0.0,0,0.0,0,0.0,0,1.0,1,0.0,0,1.0,1,2.0,2,0.0,0,0.0,0,0.0,0,1.0,1,0.0,0,0.0,0,2.0,2,,,,,,,,,,,,,,,,,,
051822,KB KANZA KIDS,https://dapo.kemdikbud.go.id/sekolah/2823C81BB06DC2E2AEC9,http://sekolah.data.kemdikbud.go.id/index.php/chome/profil/2cd9c055-021e-4e15-978c-537b3a5b6465,05 Feb 2023 21:26:42,,Kurikulum 2013,69727341,Swasta,KB,Yayasan,400/34/421.102/2010,2009-07-14,421.1/921/35.07.101/2020,2009-07-14,Tidak ada,BPD JAWA TIMUR,CABANG KEPANJEN,69727341 KB KANZA KIDS,Bersedia Menerima,Pagi,Belum Bersertifikat,PLN,13000,3 (Tri),Jl. Raya Segaran RT.04 RW.09  Dusun Segaran,4 / 9,segaran,Kendalpayak,Kec. Pakisaji,Kab. Malang,Prov. Jawa Timur,65162,-8,112,1,1,0,0,0,0,0,0,0,0,0,1,0,1,0,0,0,0,0,0,0,0,0,0,0,0,0,0,0,0,0,0,0,0,0,0,0,0,0,0,1,1,1,17,10,7,2.0,2,0.0,0,0.0,0,0.0,0,0.0,0,1.0,1,0.0,0,0.0,0,1.0,1,0.0,0,0.0,0,0.0,0,0.0,0,0.0,0,0.0,0,1.0,1,,,,,,,,,,,,,,,,,,
051822,KB KASIH IBU,https://dapo.kemdikbud.go.id/sekolah/1B2FFA3654175AA21B19,http://sekolah.data.kemdikbud.go.id/index.php/chome/profil/0ce3e537-98b2-43a4-8f1a-674b3ddce28c,19 Jan 2023 10:31:37,,Kurikulum 2013,69954013,Swasta,KB,Lainnya,420/481/KB.IP/421.101/2015,2016-10-26,421.1/1252/35.07.101/2020,2020-09-28,Tidak ada,BPD JAWA TIMUR,CABANG KEPANJEN,69954013 KB KASIH IBU,Bersedia Menerima,Pagi,Belum Bersertifikat,PLN,900,Tidak Ada,Jl. Tarupala RT. 23 RW. 04 Dusun Krajan Timur,23 / 4,Krajan,Kebonagung,Kec. Pakisaji,Kab. Malang,Prov. Jawa Timur,65161,-8,112,2,2,0,0,0,0,0,0,0,0,0,1,0,1,0,0,0,0,0,0,0,0,0,0,0,0,0,0,0,0,0,0,0,0,0,0,0,0,0,0,2,1,1,27,14,13,1.0,1,0.0,0,0.0,0,0.0,0,0.0,0,1.0,1,0.0,0,0.0,0,1.0,1,0.0,0,0.0,0,0.0,0,0.0,0,0.0,0,0.0,0,1.0,1,,,,,,,,,,,,,,,,,,
051822,KB MAWAR PUTIH,https://dapo.kemdikbud.go.id/sekolah/DEC3D4C9B68D5848CBF7,http://sekolah.data.kemdikbud.go.id/index.php/chome/profil/f2f5a1ac-651f-4f20-9848-69fe49f6bac4,21 Feb 2023 09:47:47,,Kurikulum 2013,69966614,Swasta,KB,Lainnya,420/348/PAUD/35.07.101/2015,2015-12-28,420/219/PAUD/35.07.101/2019,2019-06-10,Tidak ada,BPD JAWA TIMUR,CABANG KEPANJEN,69966614 KB MAWAR PUTIH,Bersedia Menerima,Pagi,Belum Bersertifikat,PLN,900,Telkomsel Flash,Jl. Raya Tambaksari RT.10 RW.02 Dusun Tambaksari,10 / 2,TAMBAKSARI,Jatisari,Kec. Pakisaji,Kab. Malang,Prov. Jawa Timur,65162,-5,114,2,2,0,0,0,0,0,0,0,0,0,2,0,1,0,0,0,0,0,0,0,0,0,0,0,0,0,0,0,0,0,0,0,0,0,0,0,0,0,0,1,2,1,10,7,3,1.0,1,0.0,0,0.0,0,0.0,0,0.0,0,0.0,0,0.0,0,0.0,0,2.0,2,0.0,0,0.0,0,0.0,0,0.0,0,0.0,0,0.0,0,1.0,1,,,,,,,,,,,,,,,,,,
051822,KB MUSLIMAT NU AHMAD YANI,https://dapo.kemdikbud.go.id/sekolah/1A0BC79E55B4D296DB80,http://sekolah.data.kemdikbud.go.id/index.php/chome/profil/fb03c183-165f-4dfd-b684-7cfd494f5034,02 Feb 2023 05:27:15,,Kurikulum 2013,69952064,Swasta,KB,Yayasan,420/357/KB.IP/421.101/2015,2016-01-05,421.1/1222/35.07.101/2020,2020-09-28,Tidak ada,BPD JAWA TIMUR,CABANG KEPANJEN,69952064 KB M NU AHMAD YANI,Bersedia Menerima,Pagi,Belum Bersertifikat,PLN,438,Smartfren,JL. Raya Genengan 222  RT  01  RW  09 Dusun Binangun,1 / 9,GENENGAN,Genengan,Kec. Pakisaji,Kab. Malang,Prov. Jawa Timur,65162,0,0,2,2,0,0,0,0,0,0,0,0,0,1,0,2,0,0,0,0,0,0,0,0,0,0,0,0,0,0,0,0,0,0,0,0,0,0,0,0,0,0,5,1,2,50,26,24,1.0,1,0.0,0,0.0,0,0.0,0,1.0,1,0.0,0,0.0,0,0.0,0,2.0,2,0.0,0,0.0,0,0.0,0,0.0,0,0.0,0,0.0,0,1.0,1,,,,,,,,,,,,,,,,,,
051822,KB MUTIARA HATI,https://dapo.kemdikbud.go.id/sekolah/72AFE09E0AEDB03886D3,http://sekolah.data.kemdikbud.go.id/index.php/chome/profil/dfbeb661-25a9-48e1-ac68-78bbeb6d75bd,10 Feb 2023 12:17:55,,Kurikulum 2013,69727338,Swasta,KB,Lainnya,400/80/421.102/P/2009,2009-04-20,420/127/PAUD/35.07.101/2017,2015-05-06,Tidak ada,BPD JAWA TIMUR,CABANG KEPANJEN,69727338 KB MUTIARA HATI,Bersedia Menerima,Pagi,Belum Bersertifikat,PLN,450,Tidak Ada,Jl. Merdeka  RT.27 RW.05 Dusun Krajan Timur,26 / 5,KEBONAGUNG,Kebonagung,Kec. Pakisaji,Kab. Malang,Prov. Jawa Timur,65161,-8,112,2,2,0,0,0,0,0,0,0,0,0,3,0,1,0,0,0,0,0,0,0,0,0,0,0,0,0,0,0,0,0,0,0,0,0,0,0,0,0,0,1,3,1,10,8,2,2.0,2,0.0,0,0.0,0,0.0,0,1.0,1,1.0,1,0.0,0,0.0,0,1.0,1,0.0,0,0.0,0,0.0,0,0.0,0,0.0,0,0.0,0,1.0,1,,,,,,,,,,,,,,,,,,
051822,KB NUR HIDAYAH,https://dapo.kemdikbud.go.id/sekolah/95AD2993FAC964CB593E,http://sekolah.data.kemdikbud.go.id/index.php/chome/profil/25fdcbee-e3e0-4e73-873a-434967fa0730,24 Jan 2023 20:08:04,,Kurikulum 2013,69966888,Swasta,KB,Yayasan,420/554/KB.IP/421.101/2015,2015-08-24,420/07/PAUD/35.07.101/2017,2017-01-30,Tidak ada,BPD JAWA TIMUR,CABANG KEPANJEN,69966888 KB NUR HIDAYAH,Bersedia Menerima,,Proses Sertifikasi,PLN,900,Tidak Ada,Jl. Raya Permanu No.01 RT.02 RW.02 Dusun Krajan Permanu,2 / 2,PERMANU,Permanu,Kec. Pakisaji,Kab. Malang,Prov. Jawa Timur,65162,-8,112,2,1,0,0,0,0,0,0,0,0,0,0,1,1,0,0,0,0,0,0,0,0,0,0,0,0,0,0,0,0,0,0,0,0,0,0,0,0,0,0,2,0,2,16,10,6,1.0,1,0.0,0,0.0,0,0.0,0,0.0,0,1.0,1,0.0,0,0.0,0,1.0,1,0.0,0,0.0,0,0.0,0,0.0,0,0.0,0,0.0,0,1.0,1,,,,,,,,,,,,,,,,,,
051822,KB NURUL HUDA,https://dapo.kemdikbud.go.id/sekolah/AE677E6A301FFBE0373B,http://sekolah.data.kemdikbud.go.id/index.php/chome/profil/5870bff0-3c3b-4942-b565-1f970975dce0,23 Sep 2022 22:13:38,,Kurikulum 2013,69727330,Swasta,KB,Yayasan,420/005/421.101/2011,2011-12-01,420/126/421.101/2012,2012-04-25,Tidak ada,BPD JAWA TIMUR,CABANG KEPANJEN,69727330 KB NURUL HUDA,,,,,,,RT.01 RW.05  Dusun Pidek,1 / 5,Dukuh Pidek,Karangduren,Kec. Pakisaji,Kab. Malang,Prov. Jawa Timur,65162,0,0,0,0,0,0,0,0,0,0,0,0,0,1,0,1,0,0,0,0,0,0,0,0,0,0,0,0,0,0,0,0,0,0,0,0,0,0,0,0,0,0,0,1,1,0,0,0,1.0,0,0.0,0,0.0,0,0.0,0,1.0,0,1.0,0,0.0,0,1.0,0,1.0,0,1.0,0,0.0,0,0.0,0,0.0,0,0.0,0,0.0,0,2.0,2,,,,,,,,,,,,,,,,,,
051822,KB PAUDKU,https://dapo.kemdikbud.go.id/sekolah/CF63523540418FF282A4,http://sekolah.data.kemdikbud.go.id/index.php/chome/profil/c984109a-780c-47c3-a464-115a41c2795f,27 Jan 2023 16:11:13,,Kurikulum 2013,69727344,Swasta,KB,Lainnya,420/018/421.101/2011,2012-01-12,421.1/1204/35.07.101/2022,2022-04-03,Tidak ada,BPD JAWA TIMUR,CABANG KEPANJEN,69727344 KB PAUDKU,Bersedia Menerima,Sehari penuh (5 h/m),Belum Bersertifikat,PLN,450,Telkomsel Flash,Jl. Raya Kendal Payak 222 RT.03 RW.03,3 / 3,Kendalpayak,Kendalpayak,Kec. Pakisaji,Kab. Malang,Prov. Jawa Timur,65162,-8,112,3,3,0,0,0,0,0,0,0,0,0,3,0,1,0,0,0,0,0,0,0,0,0,0,0,0,0,0,0,0,0,0,0,0,0,0,0,0,0,0,2,3,1,55,26,29,2.0,2,0.0,0,0.0,0,0.0,0,1.0,1,1.0,1,0.0,0,0.0,0,2.0,2,0.0,0,0.0,0,0.0,0,0.0,0,0.0,0,0.0,0,1.0,1,,,,,,,,,,,,,,,,,,
051822,KB ROUDLOTUL UQUL,https://dapo.kemdikbud.go.id/sekolah/92E1DBC1D29CB19108D0,http://sekolah.data.kemdikbud.go.id/index.php/chome/profil/6774d440-4bbe-4d64-ae98-083e17498bd4,29 Jan 2023 10:15:07,,Kurikulum 2013,69727335,Swasta,KB,Lainnya,400/25/421.102/2011,2011-02-22,420/468/PAUD/421.101/2015,2015-04-20,Tidak ada,BPD JAWA TIMUR,CABANG KEPANJEN,69727335 KB ROUDLOTUL UQUL,Bersedia Menerima,,Belum Bersertifikat,PLN,1200,Smartfren,Jl.Pondok Indah 29 RT.01 RW.07  Dusun Genengan Krajan,1 / 7,Genengan,Genengan,Kec. Pakisaji,Kab. Malang,Prov. Jawa Timur,65162,0,0,2,2,0,0,0,0,0,0,0,0,0,3,0,2,0,0,0,0,0,0,0,0,0,0,0,0,0,0,0,0,0,0,0,0,0,0,0,0,0,0,3,3,2,26,8,18,2.0,2,0.0,0,0.0,0,0.0,0,0.0,0,1.0,1,0.0,0,0.0,0,1.0,1,0.0,0,0.0,0,0.0,0,0.0,0,0.0,0,0.0,0,1.0,1,,,,,,,,,,,,,,,,,,
051822,KB TUNAS BANGSA,https://dapo.kemdikbud.go.id/sekolah/BAC127DA8F2C54CB8BB4,http://sekolah.data.kemdikbud.go.id/index.php/chome/profil/bae7ccd3-3f9c-43c3-aa6b-fb848a4e07cf,14 Feb 2023 21:21:43,,Kurikulum 2013,69727331,Swasta,KB,Lainnya,420/006/421.101/2011,2012-01-12,420/469/PAUD/421.101/2015,2015-04-20,Tidak ada,BPD JAWA TIMUR,CABANG KEPANJEN,69727331 KB TUNAS BANGSA,Bersedia Menerima,Sehari penuh (5 h/m),Belum Bersertifikat,PLN,900,3 (Tri),Jl.Sumur Bor RT.04 RW.01 Dusun Genengan Krajan,4 / 1,Genengan Krajan,Genengan,Kec. Pakisaji,Kab. Malang,Prov. Jawa Timur,65162,-8,112,3,3,0,0,0,0,0,0,0,0,0,4,0,2,0,0,0,0,0,0,0,0,0,0,0,0,0,0,0,0,0,0,0,0,0,0,0,0,0,0,2,4,2,28,14,14,3.0,3,0.0,0,0.0,0,0.0,0,0.0,0,1.0,1,0.0,0,0.0,0,3.0,3,0.0,0,0.0,0,0.0,0,0.0,0,0.0,0,0.0,0,1.0,1,,,,,,,,,,,,,,,,,,
051822,KB TUNAS HARAPAN,https://dapo.kemdikbud.go.id/sekolah/B1780F04B18D5B52645B,http://sekolah.data.kemdikbud.go.id/index.php/chome/profil/97466736-6e04-42e5-8eb4-672e9ac6fcbb,29 Jan 2023 09:04:56,,Kurikulum 2013,69727337,Swasta,KB,Yayasan,400/20/421.102/2008,2008-10-15,420/483/PAUD/421.101/2015,2015-05-12,Tidak ada,BPD JAWA TIMUR,CABANG KEPANJEN,69727337 KB TUNAS HARAPAN,Bersedia Menerima,Pagi,Belum Bersertifikat,PLN,450,Telkomsel Flash,Jl.Raya Golek RT.02 RW.03,2 / 3,Golek,Karangduren,Kec. Pakisaji,Kab. Malang,Prov. Jawa Timur,65162,0,0,1,1,0,0,0,0,0,0,0,0,0,2,0,0,0,0,0,0,0,0,0,0,0,0,0,0,0,0,0,0,0,0,0,0,0,0,0,0,0,0,8,2,0,20,15,5,1.0,1,0.0,0,0.0,0,0.0,0,0.0,0,1.0,1,0.0,0,0.0,0,1.0,1,0.0,0,0.0,0,0.0,0,0.0,0,0.0,0,0.0,0,1.0,1,,,,,,,,,,,,,,,,,,
051822,KB WONDERFUL KIDS,https://dapo.kemdikbud.go.id/sekolah/5510F9422349700C5428,http://sekolah.data.kemdikbud.go.id/index.php/chome/profil/b5081ee1-d6c8-425c-9428-a52060eba85c,14 Oct 2022 09:32:37,,Kurikulum 2013,69727334,Swasta,KB,Lainnya,400/176/421.102.P/2009,2009-12-01,420/122/PAUD/35.07.101/2016,2016-08-10,Tidak ada,BPD JAWA TIMUR,CABANG KEPANJEN,69727334 KB WONDERFUL KIDS,,,,,,,Perum Karangduren Permai L 7 RT.05 RW.07,5 / 7,KARANGDUREN,Pakisaji,Kec. Pakisaji,Kab. Malang,Prov. Jawa Timur,65162,0,0,0,0,0,0,0,0,0,0,0,0,0,1,0,1,0,0,0,0,0,0,0,0,0,0,0,0,0,0,0,0,0,0,0,0,0,0,0,0,0,0,0,1,1,0,0,0,1.0,0,0.0,0,0.0,0,0.0,0,1.0,0,1.0,0,0.0,0,0.0,0,1.0,0,0.0,0,0.0,0,0.0,0,0.0,0,0.0,0,0.0,0,1.0,1,,,,,,,,,,,,,,,,,,
051822,SPS MELATI,https://dapo.kemdikbud.go.id/sekolah/62107CB4ECC20C282593,http://sekolah.data.kemdikbud.go.id/index.php/chome/profil/943c9c30-306c-4aa7-92da-f3693e20f32c,25 Feb 2023 11:29:47,,Kurikulum 2013,69959657,Swasta,SPS,Yayasan,420/52/KB.IP/421.101/2015,2015-06-16,421.1/214/35.07.101/2021,2021-06-08,Tidak ada,BPD JAWA TIMUR,CABANG KEPANJEN,69959657 SPS MELATI,Bersedia Menerima,Pagi,Belum Bersertifikat,PLN,900,Tidak Ada,PERUM. SARI MADU PERMAI 11 C4/04 RT. 10 RW. 10 KENDALPAYAK,10 / 10,Segaran,Kendalpayak,Kec. Pakisaji,Kab. Malang,Prov. Jawa Timur,65162,-8,112,3,1,0,0,0,0,0,0,0,0,0,0,0,1,0,0,0,0,0,0,0,0,0,0,0,0,0,0,0,0,0,0,0,0,0,0,0,0,0,0,4,0,1,45,22,23,3.0,3,0.0,0,0.0,0,0.0,0,1.0,1,1.0,1,1.0,1,0.0,0,2.0,2,0.0,0,0.0,0,0.0,0,0.0,0,0.0,0,0.0,0,1.0,1,,,,,,,,,,,,,,,,,,
051822,SD NEGERI 1 GENENGAN,https://dapo.kemdikbud.go.id/sekolah/8049DB419FA0968C3FE7,http://sekolah.data.kemdikbud.go.id/index.php/chome/profil/c058bcb6-8c18-e111-be28-c9e9feb288e3,28 Feb 2023 10:35:07,B,Kurikulum 2013,20518425,Negeri,SD,Pemerintah Daerah,12 tahun 2017,2017-01-17,12 tahun 2017,2017-01-17,Tidak ada,BPD JAWA TIMUR...,BPD JAWA TIMUR CABANG MALANG...,SDNEGERI1GENENGAN...,Bersedia Menerima,Pagi,Belum Bersertifikat,PLN,2300,Smartfren,JL. RAYA GENENGAN NO.4E RT. 2 RW. 9,2 / 9,Genengan,Genengan,Kec. Pakisaji,Kab. Malang,Prov. Jawa Timur,65162,-8,112,12,7,0,0,0,0,0,1,2,0,2,8,3,0,13,23,20,21,20,17,26,26,28,28,31,31,0,0,0,0,0,0,0,0,0,0,0,0,0,0,4,10,3,284,138,146,12.0,12,1.0,1,1.0,1,0.0,0,1.0,1,1.0,1,1.0,1,1.0,1,6.0,6,1.0,1,0.0,0,0.0,0,0.0,0,0.0,0,0.0,0,3.0,3,,,,,,,,,,,,,,,,,,
051822,SD NEGERI 1 GLANGGANG,https://dapo.kemdikbud.go.id/sekolah/6BA178FE436D162C0238,http://sekolah.data.kemdikbud.go.id/index.php/chome/profil/4028bcb6-8c18-e111-84ad-b3c8855ce7f4,11 Mar 2023 12:52:10,A,Kurikulum 2013,20518430,Negeri,SD,Pemerintah Daerah,12 tahun 2017,2017-01-17,12 tahun 2017,2017-01-17,Tidak ada,BANK JATIM,MALANG,SD NEGERI 1 GLANGGANG,Bersedia Menerima,Pagi,Belum Bersertifikat,PLN,1200,Telkomsel Flash,JL. SARANGAN NO. 195 RT. 11 RW. 4,11 / 4,GLANGGANG,Glanggang,Kec. Pakisaji,Kab. Malang,Prov. Jawa Timur,65162,-8,112,9,8,0,0,0,0,0,1,2,0,1,9,1,1,12,11,17,21,27,20,30,26,19,18,25,18,0,0,0,0,0,0,0,0,0,0,0,0,0,0,6,10,2,244,130,114,11.0,11,1.0,1,2.0,2,0.0,0,1.0,1,1.0,1,2.0,2,1.0,1,4.0,4,2.0,2,0.0,0,1.0,1,0.0,0,0.0,0,0.0,0,1.0,1,,,,,,,,,,,,,,,,,,
051822,SD NEGERI 1 JATISARI,https://dapo.kemdikbud.go.id/sekolah/EE79569C5200220245C7,http://sekolah.data.kemdikbud.go.id/index.php/chome/profil/c068bdb6-8c18-e111-806c-b58ebe435398,15 Feb 2023 17:22:49,B,Kurikulum 2013,20518380,Negeri,SD,Pemerintah Daerah,12 tahun 2017,2017-01-17,12 tahun 2017,2017-01-17,Tidak ada,Bank Jatim,Malang,SD Negeri 1 Jatisari,Bersedia Menerima,Pagi,9001,PLN,900,Telkomsel Flash,RT. 6 RW. 3 DUSUN TAMBAKSARI,6 / 3,Tambaksari,Jatisari,Kec. Pakisaji,Kab. Malang,Prov. Jawa Timur,65162,-8,112,6,5,3,0,0,0,0,0,2,0,3,4,2,1,12,8,8,3,8,6,13,9,11,3,8,13,0,0,0,0,0,0,0,0,0,0,0,0,0,0,4,7,3,102,60,42,5.0,5,1.0,1,0.0,0,0.0,0,1.0,1,1.0,1,1.0,1,1.0,1,3.0,3,0.0,0,0.0,0,0.0,0,0.0,0,0.0,0,0.0,0,1.0,1,,,,,,,,,,,,,,,,,,
051822,SD NEGERI 1 KARANGDUREN,https://dapo.kemdikbud.go.id/sekolah/4D83438E479876C7A0E2,http://sekolah.data.kemdikbud.go.id/index.php/chome/profil/907bbab6-8c18-e111-b772-615426ebfe8c,02 Feb 2023 08:00:15,A,Kurikulum 2013,20518396,Negeri,SD,Pemerintah Daerah,12 tahun 2017,2017-01-17,12 tahun 2017,2017-01-17,Tidak ada,BANK JATIM,KEPANJEN,SD NEGERI 1 KARANGDUREN,Bersedia Menerima,Pagi,Belum Bersertifikat,PLN,1200,Telkomsel Flash,JL. RAYA KARANGDUREN RT. 1 RW. 1 DUSUN KARANGDUREN,0 / 0,KARANGDUREN,Karangduren,Kec. Pakisaji,Kab. Malang,Prov. Jawa Timur,65162,-8,112,6,3,0,0,0,0,0,1,1,0,3,2,0,2,12,14,16,19,18,6,19,18,17,18,18,15,0,0,0,0,0,0,0,0,0,0,0,0,0,0,1,5,2,190,100,90,6.0,6,1.0,1,1.0,1,0.0,0,1.0,1,1.0,1,1.0,1,1.0,1,2.0,4,1.0,1,0.0,0,0.0,0,0.0,0,0.0,0,0.0,0,10.0,10,,,,,,,,,,,,,,,,,,
051822,SD NEGERI 1 KARANGPANDAN,https://dapo.kemdikbud.go.id/sekolah/3C523D3BF864E1BB18E7,http://sekolah.data.kemdikbud.go.id/index.php/chome/profil/b0c2bcb6-8c18-e111-a357-d3fa5d96e203,26 Mar 2023 22:40:59,B,Kurikulum 2013,20518404,Negeri,SD,Pemerintah Daerah,12 tahun 2017,2017-01-17,12 tahun 2017,2017-01-17,Tidak ada,BPD JAWA TIMUR...,BPD JAWA TIMUR CABANG MALANG...,SDNEGERI1KARANGPANDAN...,Bersedia Menerima,Pagi,Belum Bersertifikat,PLN,2500,Tidak Ada,JL. GARUDA 101 RT. 6 RW. 2,6 / 2,,Karangpandan,Kec. Pakisaji,Kab. Malang,Prov. Jawa Timur,65162,-8,112,13,9,0,0,2,0,0,2,7,0,4,9,3,0,24,23,17,23,27,38,29,31,42,37,32,30,0,0,0,0,0,0,0,0,0,0,0,0,0,0,39,13,3,353,171,182,14.0,14,1.0,1,0.0,0,0.0,0,1.0,1,1.0,1,1.0,1,2.0,2,8.0,8,2.0,2,1.0,1,3.0,3,0.0,0,0.0,0,0.0,0,15.0,15,,,,,,,,,,,,,,,,,,
051822,SD NEGERI 1 KEBONAGUNG,https://dapo.kemdikbud.go.id/sekolah/145EEBF27A500CC1BD78,http://sekolah.data.kemdikbud.go.id/index.php/chome/profil/4028bbb6-8c18-e111-a26e-25ace83b6e20,10 Mar 2023 22:54:40,B,Kurikulum 2013,20554965,Negeri,SD,Pemerintah Daerah,12 tahun 2017,2017-01-17,12 tahun 2017,2017-01-17,Tidak ada,BPD JAWA TIMUR...,BPD JAWA TIMUR CABANG KEPANJEN...,SDNEGERI1KEBONAGUNG...,Bersedia Menerima,Siang,Belum Bersertifikat,PLN,1200,Tidak Ada,JL. GOTONG ROYONG 72C RT. 6RW. 2,6 / 2,Kebonagung,Kebonagung,Kec. Pakisaji,Kab. Malang,Prov. Jawa Timur,65161,-8,112,7,6,0,0,0,0,0,0,0,0,3,4,1,1,11,17,18,14,17,19,26,12,31,13,23,26,0,0,0,0,0,0,0,0,0,0,0,0,0,0,3,7,2,227,126,101,6.0,6,0.0,0,1.0,1,0.0,0,1.0,1,1.0,1,0.0,0,0.0,0,3.0,3,0.0,0,0.0,0,0.0,0,0.0,0,0.0,0,0.0,0,1.0,1,,,,,,,,,,,,,,,,,,
051822,SD NEGERI 1 PAKISAJI,https://dapo.kemdikbud.go.id/sekolah/C152811C81B7B682229C,http://sekolah.data.kemdikbud.go.id/index.php/chome/profil/c0d2bab6-8c18-e111-8b96-d71d68451dcc,16 Mar 2023 08:39:46,A,Kurikulum 2013,20517112,Negeri,SD,Pemerintah Daerah,12 tahun 2017,2017-01-17,12 tahun 2017,2017-01-17,Tidak ada,BANK JATIM,MALANG,SD NEGERI 1 PAKISAJI,Bersedia Menerima,Pagi,Belum Bersertifikat,PLN,2200,Tidak Ada,JL. RAYA PAKISAJI NO. 41 RT. 13 RW. 3,13 / 3,,Pakisaji,Kec. Pakisaji,Kab. Malang,Prov. Jawa Timur,65162,-8,112,12,9,0,0,0,0,0,1,2,0,3,8,1,1,29,37,26,33,27,38,30,30,36,34,33,26,0,0,0,0,0,0,0,0,0,0,0,0,0,0,7,11,2,379,181,198,12.0,12,1.0,1,1.0,1,0.0,0,1.0,1,1.0,1,1.0,1,1.0,1,9.0,9,2.0,2,0.0,0,0.0,0,1.0,1,0.0,0,0.0,0,18.0,18,,,,,,,,,,,,,,,,,,
051822,SD NEGERI 1 PERMANU,https://dapo.kemdikbud.go.id/sekolah/4CE3A09741DD5FB1EC0B,http://sekolah.data.kemdikbud.go.id/index.php/chome/profil/70d0bbb6-8c18-e111-b4a9-25aa122f0cda,08 Mar 2023 17:32:01,B,Kurikulum 2013,20517274,Negeri,SD,Pemerintah Daerah,12 tahun 2017,2017-01-17,12 tahun 2017,2017-01-17,Tidak ada,BPD JAWA TIMUR...,BPD JAWA TIMUR CABANG KEPANJEN...,SDNEGERI1PERMANU...,Bersedia Menerima,Pagi,Belum Bersertifikat,PLN,1300,Telkomsel Flash,JL. RAYA PERMANU NO. 81 RT. 3 RW. 2,3 / 2,Permanu,Permanu,Kec. Pakisaji,Kab. Malang,Prov. Jawa Timur,65162,-8,112,6,5,0,0,0,0,0,0,2,0,1,5,1,1,12,10,7,8,13,14,15,13,19,9,14,11,0,0,0,0,0,0,0,0,0,0,0,0,0,0,3,6,2,145,80,65,6.0,6,0.0,0,1.0,1,0.0,0,1.0,1,1.0,1,1.0,1,1.0,1,4.0,4,1.0,1,0.0,0,0.0,0,0.0,0,0.0,0,0.0,0,1.0,1,,,,,,,,,,,,,,,,,,
051822,SD NEGERI 1 WONOKERSO,https://dapo.kemdikbud.go.id/sekolah/FAAEA526E1F0C04F5869,http://sekolah.data.kemdikbud.go.id/index.php/chome/profil/90937fb5-8c18-e111-8063-81d188da2bba,28 Feb 2023 20:32:10,B,Kurikulum 2013,20554966,Negeri,SD,Pemerintah Daerah,12 tahun 2017,2017-01-17,12 tahun 2017,2017-01-17,Tidak ada,BPD JAWA TIMUR...,BPD JAWA TIMUR CABANG...,SDNEGERI1WONOKERSO...,Bersedia Menerima,Pagi,Belum Bersertifikat,PLN,2200,Tidak Ada,RT. 8 RW. 2 DUSUN WONOKERSO,8 / 2,Wonokerso,Wonokerso,Kec. Pakisaji,Kab. Malang,Prov. Jawa Timur,65162,-8,112,6,6,0,0,1,0,0,1,4,0,2,5,1,1,13,13,14,6,10,6,12,8,20,13,8,13,0,0,0,0,0,0,0,0,0,0,0,0,0,0,4,7,2,136,77,59,6.0,6,1.0,1,0.0,0,0.0,0,1.0,1,1.0,1,1.0,1,1.0,1,3.0,3,1.0,1,0.0,0,0.0,0,0.0,0,0.0,0,0.0,0,1.0,1,,,,,,,,,,,,,,,,,,
051822,SD NEGERI 2 GLANGGANG,https://dapo.kemdikbud.go.id/sekolah/7C63C430F1184F24A574,http://sekolah.data.kemdikbud.go.id/index.php/chome/profil/b040bcb6-8c18-e111-9337-292ea248c65b,15 Mar 2023 07:45:41,B,Kurikulum 2013,20518431,Negeri,SD,Pemerintah Daerah,12 tahun 2017,2017-01-17,12 tahun 2017,2017-01-17,Tidak ada,BPD JAWA TIMUR...,BPD JAWA TIMUR CABANG KEPANJEN...,SDNEGERI2GLANGGANG...,Bersedia Menerima,Pagi,Belum Bersertifikat,PLN,1298,3 (Tri),JL. MERDEKA SELATAN NO. 733 RT. 25 RW. 6 DUSUN KARANG TENGAH,25 / 6,KARANG TENGAH,Glanggang,Kec. Pakisaji,Kab. Malang,Prov. Jawa Timur,65162,-8,112,6,4,0,0,0,0,0,1,2,0,2,4,0,1,20,14,14,12,14,28,20,16,22,14,19,26,0,0,0,0,0,0,0,0,0,0,0,0,0,0,10,6,1,219,109,110,6.0,6,0.0,0,1.0,1,0.0,0,1.0,1,1.0,1,0.0,0,1.0,1,4.0,4,1.0,1,0.0,0,0.0,0,0.0,0,0.0,0,0.0,0,1.0,1,,,,,,,,,,,,,,,,,,
051822,SD NEGERI 2 JATISARI,https://dapo.kemdikbud.go.id/sekolah/880EC5EA3C628717D9FB,http://sekolah.data.kemdikbud.go.id/index.php/chome/profil/8073bcb6-8c18-e111-b7f5-53a6163597ce,05 Feb 2023 11:16:29,B,Kurikulum 2013,20518381,Negeri,SD,Pemerintah Daerah,12 tahun 2017,2017-01-17,12 tahun 2017,2017-01-17,Tidak ada,BPD JAWA TIMUR...,BPD JAWA TIMUR CABANG MALANG...,SDNEGERI2JATISARI...,Bersedia Menerima,Pagi,Belum Bersertifikat,PLN,900,Telkomsel Flash,JL. RAYA JATISARI NO.35 RT. 12 RW. 4,12 / 4,jatisari,Jatisari,Kec. Pakisaji,Kab. Malang,Prov. Jawa Timur,65162,-8,112,6,4,4,2,0,0,2,1,0,0,2,4,2,1,7,7,12,4,10,5,6,13,9,10,13,12,0,0,0,0,0,0,0,0,0,0,0,0,0,0,2,6,3,108,57,51,6.0,6,1.0,1,0.0,0,0.0,0,1.0,1,0.0,0,0.0,0,0.0,0,3.0,3,0.0,0,0.0,0,0.0,0,0.0,0,0.0,0,0.0,0,1.0,1,,,,,,,,,,,,,,,,,,
051822,SD NEGERI 2 KARANGDUREN,https://dapo.kemdikbud.go.id/sekolah/1B70A4A122061F546F63,http://sekolah.data.kemdikbud.go.id/index.php/chome/profil/f098bab6-8c18-e111-8b18-0f1ed3be1d69,06 Feb 2023 11:55:00,A,Kurikulum 2013,20518392,Negeri,SD,Pemerintah Daerah,12 tahun 2017,2017-01-17,12 tahun 2017,2017-01-17,Tidak ada,BANK JATIM,CABANG MALANG,SD NEGERI 2 KARANGDUREN,Bersedia Menerima,Pagi,Belum Bersertifikat,PLN,1300,Tidak Ada,JL. RAYA GOLEK NO. 52 RT. 2 RW. 3 DUSUN GOLEK,0 / 0,GOLEK,Karangduren,Kec. Pakisaji,Kab. Malang,Prov. Jawa Timur,65162,-8,112,6,6,0,0,0,0,0,1,2,0,0,8,1,1,4,11,10,14,12,12,10,9,14,8,8,9,0,0,0,0,0,0,0,0,0,0,0,0,0,0,4,8,2,121,58,63,6.0,6,1.0,1,0.0,0,0.0,0,1.0,1,1.0,1,1.0,1,1.0,1,4.0,4,1.0,1,0.0,0,0.0,0,0.0,0,0.0,0,0.0,0,1.0,1,,,,,,,,,,,,,,,,,,
051822,SD NEGERI 2 KEBONAGUNG,https://dapo.kemdikbud.go.id/sekolah/3C62EE56F8F78452186B,http://sekolah.data.kemdikbud.go.id/index.php/chome/profil/b02682b5-8c18-e111-9242-bfb828eac221,13 Mar 2023 22:47:46,A,Kurikulum 2013,20518551,Negeri,SD,Pemerintah Daerah,12 tahun 2017,2017-01-17,12 tahun 2017,2017-01-17,Tidak ada,BANK JATIM,KEPANJEN,SD NEGERI 2 KEBONAGUNG,Bersedia Menerima,Sehari penuh (6 h/m),Belum Bersertifikat,PLN,2198,Telkom Speedy,JL. RAYA KEBONAGUNG NO.1,60 / 12,karangsono,Kebonagung,Kec. Pakisaji,Kab. Malang,Prov. Jawa Timur,65162,-8,112,14,11,0,0,0,0,0,2,2,0,1,14,3,1,35,38,34,40,43,35,37,36,47,39,49,47,0,0,0,0,0,0,0,0,0,0,0,0,0,0,6,15,4,480,245,235,13.0,13,1.0,1,1.0,1,0.0,0,2.0,2,2.0,2,2.0,2,1.0,1,6.0,6,2.0,2,1.0,1,1.0,1,0.0,0,0.0,0,0.0,0,2.0,2,,,,,,,,,,,,,,,,,,
051822,SD NEGERI 2 PAKISAJI,https://dapo.kemdikbud.go.id/sekolah/32D9857D52B0235A56DB,http://sekolah.data.kemdikbud.go.id/index.php/chome/profil/60ebbab6-8c18-e111-b727-0fb4039697e8,20 Mar 2023 12:58:30,A,Kurikulum 2013,20517113,Negeri,SD,Pemerintah Daerah,12 tahun 2017,2017-01-17,12 tahun 2017,2017-01-17,Tidak ada,BANK JATIM,Malang,SD NEGERI 2 PAKISAJI,Bersedia Menerima,Pagi,Belum Bersertifikat,PLN,0,Tidak Ada,JL. RAYA PAKISAJI NO. 276 RT. 18 RW. 4,18 / 4,PAKISAJI,Pakisaji,Kec. Pakisaji,Kab. Malang,Prov. Jawa Timur,65162,-8,112,6,6,0,0,0,0,0,1,0,0,2,6,2,0,14,9,12,11,15,17,11,12,16,15,16,12,0,0,0,0,0,0,0,0,0,0,0,0,0,0,9,8,2,160,84,76,6.0,6,1.0,1,2.0,2,0.0,0,1.0,1,1.0,1,1.0,1,1.0,1,3.0,3,2.0,2,0.0,0,0.0,0,0.0,0,0.0,0,0.0,0,1.0,1,,,,,,,,,,,,,,,,,,
051822,SD NEGERI 2 PERMANU,https://dapo.kemdikbud.go.id/sekolah/0092132A876AFA334D86,http://sekolah.data.kemdikbud.go.id/index.php/chome/profil/e0ebbbb6-8c18-e111-9eb9-a57b74336128,20 Mar 2023 22:37:12,B,Kurikulum 2013,20517275,Negeri,SD,Pemerintah Daerah,12 tahun 2017,2017-01-17,12 tahun 2017,2017-01-17,Tidak ada,Bank Jatim,Kepanjen,SD NEGERI 2 PERMANU,Bersedia Menerima,Pagi,Belum Bersertifikat,PLN,900,Telkomsel Flash,Jl. Raya Blau RT.03 RW.05,3 / 5,Blau,Permanu,Kec. Pakisaji,Kab. Malang,Prov. Jawa Timur,65162,-8,112,6,5,1,0,0,0,0,0,2,0,3,4,2,0,12,11,20,18,21,11,15,15,13,16,16,22,0,0,0,0,0,0,0,0,0,0,0,0,0,0,8,7,2,190,97,93,6.0,6,1.0,1,1.0,1,0.0,0,1.0,1,1.0,1,1.0,1,1.0,1,4.0,4,1.0,1,1.0,1,0.0,0,0.0,0,0.0,0,0.0,0,1.0,1,,,,,,,,,,,,,,,,,,
051822,SD NEGERI 2 WONOKERSO,https://dapo.kemdikbud.go.id/sekolah/8143774760B929DC5568,http://sekolah.data.kemdikbud.go.id/index.php/chome/profil/2098bbb6-8c18-e111-97c0-d1e9c236a0d2,15 Mar 2023 22:32:34,B,Kurikulum 2013,20517634,Negeri,SD,Pemerintah Daerah,12 tahun 2017,2017-01-17,12 tahun 2017,2017-01-17,Tidak ada,BANK JATIM,MALANG,SD NEGERI 2 WONOKERSO,Bersedia Menerima,Pagi,9001,PLN,1300,Lainnya (Wavelan),JL. RAYA SEGENGGENG RT. 20 RW. 4,20 / 4,Segenggeng,Wonokerso,Kec. Pakisaji,Kab. Malang,Prov. Jawa Timur,65162,-8,112,6,6,0,0,0,0,0,1,1,0,2,6,2,0,5,10,4,11,10,6,4,10,12,6,17,9,0,0,0,0,0,0,0,0,0,0,0,0,0,0,4,8,2,104,52,52,6.0,6,1.0,1,0.0,0,0.0,0,1.0,1,1.0,1,1.0,1,1.0,1,3.0,3,1.0,1,0.0,0,1.0,1,0.0,0,0.0,0,0.0,0,1.0,1,,,,,,,,,,,,,,,,,,
051822,SD NEGERI 3 JATISARI,https://dapo.kemdikbud.go.id/sekolah/675A59C6E153DE2E7EE3,http://sekolah.data.kemdikbud.go.id/index.php/chome/profil/d046bdb6-8c18-e111-8101-19df6cd84a74,08 Mar 2023 07:53:57,B,Kurikulum 2013,20518382,Negeri,SD,Pemerintah Pusat,12 tahun 2017,2017-01-17,12 tahun 2017,2017-01-17,Tidak ada,BPD JAWA TIMUR...,BPD JAWA TIMUR CABANG KEPANJEN...,SDNEGERI3JATISARI...,Bersedia Menerima,Pagi,Belum Bersertifikat,PLN,450,Telkom Speedy,JL. DUSUN PENDEM RT. 23,24 / 6,Pendem,Jatisari,Kec. Pakisaji,Kab. Malang,Prov. Jawa Timur,65162,-8,112,6,6,0,0,0,0,0,1,1,0,4,5,2,0,6,7,4,12,13,9,16,14,16,8,19,8,0,0,0,0,0,0,0,0,0,0,0,0,0,0,5,9,2,132,74,58,6.0,6,1.0,1,1.0,1,0.0,0,1.0,1,1.0,1,1.0,1,1.0,1,3.0,3,0.0,0,1.0,1,0.0,0,0.0,0,0.0,0,0.0,0,1.0,1,,,,,,,,,,,,,,,,,,
051822,SD NEGERI 3 KARANGDUREN,https://dapo.kemdikbud.go.id/sekolah/42AF5C2BB3657A2E1CC9,http://sekolah.data.kemdikbud.go.id/index.php/chome/profil/30b7bab6-8c18-e111-81ca-a9bcc03581f2,16 Mar 2023 11:36:00,A,Kurikulum 2013,20518397,Negeri,SD,Pemerintah Daerah,12 tahun 2017,2017-01-17,12 tahun 2017,2017-01-17,Tidak ada,BPD JAWA TIMUR...,BPD JAWA TIMUR CABANG KEPANJEN...,SDNEGERI3KARANGDUREN...,Bersedia Menerima,Pagi,Belum Bersertifikat,PLN,1200,Tidak Ada,JL. RAYA GOLEK NO. 54 RT. 2 RW. 3,2 / 3,Golek,Karangduren,Kec. Pakisaji,Kab. Malang,Prov. Jawa Timur,65162,-8,112,6,2,0,0,0,0,1,1,3,0,1,2,1,0,17,8,7,5,16,10,14,11,20,13,18,18,0,0,0,0,0,0,0,0,0,0,0,0,0,0,5,3,1,157,92,65,6.0,6,0.0,0,1.0,1,0.0,0,1.0,1,1.0,1,0.0,0,1.0,1,8.0,8,1.0,1,0.0,0,1.0,1,0.0,0,0.0,0,0.0,0,1.0,1,,,,,,,,,,,,,,,,,,
051822,SD NEGERI 3 KEBONAGUNG,https://dapo.kemdikbud.go.id/sekolah/DC5DCFD7E2FEC09CD57B,http://sekolah.data.kemdikbud.go.id/index.php/chome/profil/004abbb6-8c18-e111-982c-d3e6c5e9d47b,13 Mar 2023 08:33:37,B,Kurikulum 2013,20518552,Negeri,SD,Pemerintah Daerah,12 tahun 2017,2017-01-17,12 tahun 2017,2017-01-17,Tidak ada,Bank Jatim,Malang,SD NEGERI 3 KEBONAGUNG,Bersedia Menerima,Pagi,Belum Bersertifikat,PLN,1290,Telkomsel Flash,JL. SONOTENGAH NO. 22 RT. 62 A RW. 13,62 / 13,KEBONAGUNG,Kebonagung,Kec. Pakisaji,Kab. Malang,Prov. Jawa Timur,65161,-8,112,6,6,0,0,0,0,0,1,1,0,2,6,1,0,18,14,17,20,22,18,16,15,26,13,18,19,0,0,0,0,0,0,0,0,0,0,0,0,0,0,3,8,1,216,117,99,10.0,10,1.0,1,1.0,1,0.0,0,1.0,1,1.0,1,0.0,0,1.0,1,4.0,3,0.0,0,0.0,0,0.0,0,0.0,0,0.0,0,0.0,0,1.0,1,,,,,,,,,,,,,,,,,,
051822,SD NEGERI 3 PAKISAJI,https://dapo.kemdikbud.go.id/sekolah/4B29AB8D38E8DF7BBB1D,http://sekolah.data.kemdikbud.go.id/index.php/chome/profil/e007bbb6-8c18-e111-8317-fb3d913305cf,12 Mar 2023 10:55:12,B,Kurikulum 2013,20517130,Negeri,SD,Pemerintah Daerah,12 tahun 2017,2017-01-17,12 tahun 2017,2017-01-17,Tidak ada,BPD JAWA TIMUR...,BPD JAWA TIMUR CABANG KEPANJEN...,SDNEGERI3PAKISAJI...,Bersedia Menerima,Kombinasi,Belum Bersertifikat,PLN,2200,Tidak Ada,JL. PAHLAWAN BADJURI NO 28 RT. 2 RW. 1,2 / 1,,Pakisaji,Kec. Pakisaji,Kab. Malang,Prov. Jawa Timur,65162,-8,112,11,5,0,0,1,0,0,0,2,0,0,6,2,1,24,26,21,30,23,22,24,26,23,31,16,14,0,0,0,0,0,0,0,0,0,0,0,0,0,0,12,6,3,280,131,149,8.0,8,0.0,0,0.0,0,0.0,0,1.0,1,0.0,0,1.0,1,1.0,1,4.0,3,1.0,1,0.0,0,0.0,0,1.0,1,0.0,0,0.0,0,8.0,8,,,,,,,,,,,,,,,,,,
051822,SD NEGERI 3 PERMANU,https://dapo.kemdikbud.go.id/sekolah/7FA0C96B80E122D1B126,http://sekolah.data.kemdikbud.go.id/index.php/chome/profil/100ebcb6-8c18-e111-974e-bde1553b60c9,14 Mar 2023 07:37:13,B,Kurikulum 2013,20517276,Negeri,SD,Pemerintah Daerah,12 tahun 2017,2017-01-17,12 tahun 2017,2017-01-17,Tidak ada,BPD JAWA TIMUR...,BPD JAWA TIMUR CABANG MALANG...,SDNEGERI3PERMANU...,Bersedia Menerima,Pagi,Belum Bersertifikat,PLN,1300,Smartfren,JL. RAYA PERMANU NO. 289 RT. 4 RW. 3,4 / 3,,Permanu,Kec. Pakisaji,Kab. Malang,Prov. Jawa Timur,65162,-8,112,7,6,0,0,0,0,0,1,0,0,2,7,0,0,10,11,21,10,22,16,13,16,18,21,28,21,0,0,0,0,0,0,0,0,0,0,0,0,0,0,10,9,0,207,112,95,7.0,7,1.0,1,2.0,2,0.0,0,0.0,0,1.0,1,1.0,1,1.0,1,6.0,6,2.0,2,0.0,0,0.0,0,0.0,0,0.0,0,0.0,0,6.0,6,,,,,,,,,,,,,,,,,,
051822,SD NEGERI 3 WONOKERSO,https://dapo.kemdikbud.go.id/sekolah/11E74C5E0A944C2651AE,http://sekolah.data.kemdikbud.go.id/index.php/chome/profil/80b4bbb6-8c18-e111-b496-378837160214,02 Mar 2023 08:51:48,B,Kurikulum 2013,20517635,Negeri,SD,Pemerintah Daerah,12 tahun 2017,2017-01-17,12 tahun 2017,2017-01-17,Tidak ada,BPD JAWA TIMUR...,BPD JAWA TIMUR CABANG MALANG...,SDNEGERI3WONOKERSO...,Bersedia Menerima,Pagi,Belum Bersertifikat,PLN,1300,Tidak Ada,JL. RAYA SEGENGGENG NO. 30 RT. 17 RW. 4,17 / 4,Segenggeng,Wonokerso,Kec. Pakisaji,Kab. Malang,Prov. Jawa Timur,65162,-8,112,6,5,0,0,0,0,0,0,2,0,0,6,0,1,18,12,12,12,10,13,11,8,11,14,16,9,0,0,0,0,0,0,0,0,0,0,0,0,0,0,5,6,1,146,78,68,6.0,6,0.0,0,1.0,1,0.0,0,1.0,1,1.0,1,1.0,1,1.0,1,3.0,3,1.0,1,0.0,0,0.0,0,0.0,0,0.0,0,0.0,0,1.0,1,,,,,,,,,,,,,,,,,,
051822,SD NEGERI 4 KEBONAGUNG,https://dapo.kemdikbud.go.id/sekolah/EF75BCAEAF295D248F42,http://sekolah.data.kemdikbud.go.id/index.php/chome/profil/b064bbb6-8c18-e111-b375-7b3e63b74586,16 Mar 2023 10:56:51,B,Kurikulum 2013,20518553,Negeri,SD,Pemerintah Daerah,12 tahun 2017,2017-01-17,12 tahun 2017,2017-01-17,Tidak ada,BANK JATIM,MALANG,SD NEGERI 4 KEBONAGUNG,Bersedia Menerima,Pagi,Belum Bersertifikat,PLN,2200,Indosat IM3,JL. COKROAMINOTO NO 9 RT. 46 RW. 8 DUSUN SONOSARI,46 / 8,Sonosari,Kebonagung,Kec. Pakisaji,Kab. Malang,Prov. Jawa Timur,65161,8,112,6,6,0,0,0,0,0,1,1,0,1,7,0,2,14,8,11,11,12,13,14,5,14,10,11,10,0,0,0,0,0,0,0,0,0,0,0,0,0,0,4,8,2,133,76,57,6.0,6,1.0,1,1.0,1,0.0,0,1.0,1,1.0,1,0.0,0,1.0,1,3.0,3,1.0,1,0.0,0,0.0,0,0.0,0,0.0,0,0.0,0,3.0,3,,,,,,,,,,,,,,,,,,
051822,SD NEGERI 5 KEBONAGUNG,https://dapo.kemdikbud.go.id/sekolah/354BFCE28CAA824544EA,http://sekolah.data.kemdikbud.go.id/index.php/chome/profil/807ebbb6-8c18-e111-8cd4-1dbc2479699f,28 Feb 2023 10:47:06,A,Kurikulum 2013,20518554,Negeri,SD,Pemerintah Daerah,12 tahun 2017,2017-01-17,12 tahun 2017,2017-01-17,Tidak ada,BPD JAWA TIMUR...,BPD JAWA TIMUR CABANG MALANG...,SDNEGERI5KEBONAGUNG...,Bersedia Menerima,Pagi,Belum Bersertifikat,PLN,1300,Tidak Ada,JL. RAYA KEBONAGUNG NO. 122,0 / 0,KEBONAGUNG,Kebonagung,Kec. Pakisaji,Kab. Malang,Prov. Jawa Timur,65161,-8,112,6,0,0,0,0,0,0,0,2,0,3,4,0,1,12,7,9,13,11,14,8,11,20,17,15,15,0,0,0,0,0,0,0,0,0,0,0,0,0,0,1,7,1,152,75,77,6.0,6,1.0,1,2.0,2,0.0,0,1.0,1,1.0,1,0.0,0,1.0,1,3.0,3,1.0,1,0.0,0,0.0,0,0.0,0,0.0,0,0.0,0,4.0,4,,,,,,,,,,,,,,,,,,
051822,SD NEGERI KENDALPAYAK,https://dapo.kemdikbud.go.id/sekolah/896F7F6332242F8DB9DD,http://sekolah.data.kemdikbud.go.id/index.php/chome/profil/00a8bcb6-8c18-e111-b24e-1107898c8f42,25 Feb 2023 17:35:00,A,Kurikulum 2013,20518587,Negeri,SD,Pemerintah Daerah,12 tahun 2017,2017-01-17,12 tahun 2017,2017-01-17,Tidak ada,BPD JAWA TIMUR...,BPD JAWA TIMUR CABANG KEPANJEN...,SDNEGERIKENDALPAYAK...,Bersedia Menerima,Pagi,Belum Bersertifikat,PLN,900,3 (Tri),JL. RAYA KENDALPAYAK RT. 9 RW. 4 DUSUN KENDALPAYAK,0 / 0,KENDALPAYAK,Kendalpayak,Kec. Pakisaji,Kab. Malang,Prov. Jawa Timur,65162,-8,112,12,11,0,0,1,0,0,0,0,0,2,9,1,0,20,15,22,24,19,26,29,23,38,23,30,31,0,0,0,0,0,0,0,0,0,0,0,0,0,0,2,11,1,300,158,142,12.0,12,1.0,1,1.0,1,0.0,0,1.0,1,1.0,1,1.0,1,1.0,1,4.0,4,1.0,1,0.0,0,0.0,0,0.0,0,0.0,0,0.0,0,10.0,10,,,,,,,,,,,,,,,,,,
051822,SD NEGERI SUTOJAYAN,https://dapo.kemdikbud.go.id/sekolah/3D165E67DF80B8A44DC1,http://sekolah.data.kemdikbud.go.id/index.php/chome/profil/c08dbcb6-8c18-e111-823a-39e2a55f8d0b,15 Feb 2023 22:39:31,A,Kurikulum 2013,20516981,Negeri,SD,Pemerintah Daerah,12 tahun 2017,2017-01-17,12 tahun 2017,2017-01-17,Tidak ada,BPD JAWA TIMUR...,BPD JAWA TIMUR CABANG  MALANG...,SDNEGERISUTOJOYAN...,Bersedia Menerima,Pagi,Belum Bersertifikat,PLN,1300,Telkomsel Flash,JL. RAYA SUTOJAYAN RT. 06 RW. 03,5 / 3,Sutojayan,Sutojayan,Kec. Pakisaji,Kab. Malang,Prov. Jawa Timur,65162,-8,112,6,6,0,0,1,0,0,0,2,0,2,5,1,0,18,17,6,17,11,17,11,12,17,12,23,14,0,0,0,0,0,0,0,0,0,0,0,0,0,0,4,7,1,175,86,89,6.0,6,2.0,2,1.0,1,0.0,0,1.0,1,1.0,1,1.0,1,1.0,1,4.0,4,2.0,2,1.0,1,0.0,0,0.0,0,0.0,0,0.0,0,10.0,10,,,,,,,,,,,,,,,,,,
051822,SD NEGERI WADUNG,https://dapo.kemdikbud.go.id/sekolah/B7EB4472BD9B0296A00F,http://sekolah.data.kemdikbud.go.id/index.php/chome/profil/c0f5bcb6-8c18-e111-90b7-e1729f7aa190,16 Mar 2023 08:17:50,A,Kurikulum 2013,20517608,Negeri,SD,Pemerintah Daerah,12 tahun 2017,2017-01-17,12 tahun 2017,2017-01-17,Tidak ada,BANK JATIM,CABANG MALANG,SD NEGERI WADUNG,Bersedia Menerima,Pagi,Belum Bersertifikat,PLN,900,Tidak Ada,NO 19 RT. 2 RW. 1 DUSUN KRAJAN,1 / 1,Krajan,Wadung,Kec. Pakisaji,Kab. Malang,Prov. Jawa Timur,65162,-8,112,6,5,0,0,0,0,0,1,2,0,2,5,2,0,11,6,14,11,13,16,12,9,11,12,11,17,0,0,0,0,0,0,0,0,0,0,0,0,0,0,3,7,2,143,72,71,8.0,8,0.0,0,0.0,0,0.0,0,1.0,1,1.0,1,1.0,1,1.0,1,3.0,3,1.0,1,0.0,0,0.0,0,1.0,1,0.0,0,0.0,0,1.0,1,,,,,,,,,,,,,,,,,,
051822,SD ISLAM KM. TAMHID,https://dapo.kemdikbud.go.id/sekolah/1DAF5338C3B119B4E2A5,http://sekolah.data.kemdikbud.go.id/index.php/chome/profil/90e7b5b8-8c18-e111-b666-7be941222c04,07 Mar 2023 09:17:28,B,Kurikulum 2013,20518700,Swasta,SD,Yayasan,B-20023713,1961-07-18,,1910-01-01,Tidak ada,Bank Jatim,Kepanjen,SD ISLAM KM TAMHID,Bersedia Menerima,Pagi,Belum Bersertifikat,PLN,900,Tidak Ada,Jl. Raya Genengan No. 222,1 / 9,BINANGUN,GENENGAN,Kec. Pakisaji,Kab. Malang,Prov. Jawa Timur,65162,-8,112,6,4,0,0,0,0,0,0,1,0,0,4,1,0,0,1,3,3,4,4,4,4,8,4,5,3,0,0,0,0,0,0,0,0,0,0,0,0,0,0,6,4,1,43,24,19,6.0,6,1.0,1,0.0,0,0.0,0,1.0,1,1.0,1,1.0,1,2.0,2,2.0,2,1.0,1,0.0,0,0.0,0,0.0,0,0.0,0,0.0,0,1.0,1,,,,,,,,,,,,,,,,,,
051822,SD ISLAM LUKMAN HAKIM,https://dapo.kemdikbud.go.id/sekolah/EF6E2D7F359FA87A607F,http://sekolah.data.kemdikbud.go.id/index.php/chome/profil/8013b6b8-8c18-e111-a5ca-bffd7f5a46c5,02 Mar 2023 12:19:24,B,Kurikulum 2013,20518708,Swasta,SD,Yayasan,503/0010/IPPLF/35.07.122/2017,2017-11-13,420/387/35.07.101/2018,2018-01-31,Tidak ada,bank Jatim,Malang,SD ISLAM LUKMAN HAKIM,Bersedia Menerima,Sehari penuh (6 h/m),Proses Sertifikasi,PLN,1300,Tidak Ada,Jl. Raya Kendalpayak,12 / 7,Watudakon,Kendalpayak,Kec. Pakisaji,Kab. Malang,Prov. Jawa Timur,65162,-8,112,8,1,0,0,0,0,0,0,4,0,0,7,1,0,30,15,26,25,17,19,13,10,21,9,14,18,0,0,0,0,0,0,0,0,0,0,0,0,0,0,4,7,1,217,121,96,6.0,6,1.0,1,1.0,1,0.0,0,1.0,1,1.0,1,0.0,0,1.0,1,4.0,4,1.0,1,0.0,0,0.0,0,0.0,0,0.0,0,0.0,0,1.0,1,,,,,,,,,,,,,,,,,,
051822,SD ISLAM SUTOJAYAN,https://dapo.kemdikbud.go.id/sekolah/4ACFC5C3DB68B6CD2EEC,http://sekolah.data.kemdikbud.go.id/index.php/chome/profil/e0fdb5b8-8c18-e111-b85c-3193200959c4,06 Mar 2023 12:42:41,B,Kurikulum 2013,20518711,Swasta,SD,Yayasan,36145/104.6/98,1949-01-01,1005130025,1998-04-22,Tidak ada,BPD JAWA TIMUR...,BPD JAWA TIMUR CABANG  MALANG...,SDISLAMSUTOJAYAN...,Bersedia Menerima,Pagi,Belum Bersertifikat,PLN,5500,Telkomsel Flash,"Jl. RAYA SUTOJAYAN, No.299 RT",8 / 1,KRAJAN,Sutojayan,Kec. Pakisaji,Kab. Malang,Prov. Jawa Timur,65162,-8,112,12,10,0,0,0,0,0,0,1,0,6,5,1,1,35,40,44,42,29,22,36,26,30,33,34,31,0,0,0,0,0,0,0,0,0,0,0,0,0,0,12,11,2,402,208,194,12.0,12,1.0,1,1.0,1,0.0,0,1.0,1,1.0,1,0.0,0,1.0,1,3.0,3,1.0,1,0.0,0,0.0,0,0.0,0,0.0,0,0.0,0,1.0,1,,,,,,,,,,,,,,,,,,
051822,SD ISLAM UNGGULAN AL-ABROR,https://dapo.kemdikbud.go.id/sekolah/40E05164C5E3A2AB3977,http://sekolah.data.kemdikbud.go.id/index.php/chome/profil/79e80b98-2cef-46df-9a73-1b853282dffa,20 Jan 2023 11:42:16,,Kurikulum 2013,70030490,Swasta,SD,Yayasan,707220025691,2022-07-07,421.2/45/35.07.101/2022,2022-06-25,Tidak ada,,,,Bersedia Menerima,Sehari penuh (6 h/m),9001,PLN,900,Tidak Ada,Jl. Sidodadi Gang 7 RT. 34 RW. 06 Sememek,34 / 6,Sememek,Kebonagung,Kec. Pakisaji,Kab. Malang,Prov. Jawa Timur,65162,0,0,4,1,0,0,0,0,0,1,1,0,0,1,0,1,10,9,9,1,4,7,9,4,0,0,0,0,0,0,0,0,0,0,0,0,0,0,0,0,0,0,4,1,1,53,32,21,4.0,4,0.0,0,0.0,0,0.0,0,0.0,0,1.0,1,0.0,0,0.0,0,1.0,1,0.0,0,0.0,0,0.0,0,0.0,0,0.0,0,0.0,0,0.0,3,,,,,,,,,,,,,,,,,,
051822,SD ISLAM WAHID HASYIM,https://dapo.kemdikbud.go.id/sekolah/402B674782666A2EF8FB,http://sekolah.data.kemdikbud.go.id/index.php/chome/profil/c028b6b8-8c18-e111-948a-f3c7dc6e8f83,06 Mar 2023 09:47:30,Sertifikat Kedaluwarsa,Kurikulum 2013,20518712,Swasta,SD,Yayasan,,1961-07-01,420/567/421.101/2013,2013-02-28,Tidak ada,BPD JAWA TIMUR...,BPD JAWA TIMUR CABANG MALANG...,SDISLAMWAHIDHASYIM...,Bersedia Menerima,Pagi,Belum Bersertifikat,PLN,1200,Lainnya (Kabel),Jl. Raya Pakisaji 39c,13 / 3,pakisaji,PAKISAJI,Kec. Pakisaji,Kab. Malang,Prov. Jawa Timur,65162,-8,112,10,5,0,0,0,0,0,0,1,0,0,6,0,1,26,22,14,19,26,18,23,20,15,17,12,13,0,0,0,0,0,0,0,0,0,0,0,0,0,0,6,6,1,225,116,109,6.0,6,0.0,0,0.0,0,0.0,0,1.0,1,0.0,0,0.0,0,0.0,0,2.0,2,1.0,1,0.0,0,0.0,0,0.0,0,0.0,0,0.0,0,4.0,4,,,,,,,,,,,,,,,,,,
051822,SD KRISTEN PAMERDI,https://dapo.kemdikbud.go.id/sekolah/32757BFF0F895C3665D9,http://sekolah.data.kemdikbud.go.id/index.php/chome/profil/e0ceb5b8-8c18-e111-ba2d-cfd614978258,01 Feb 2023 08:54:47,B,Kurikulum 2013,20518681,Swasta,SD,Yayasan,"640/02/429,III/1998",1977-12-25,420/5638/35.07.101/2021,2021-12-06,Tidak ada,BPD JAWA TIMUR...,BPD JAWA TIMUR CABANG  MALANG...,SDKRISTENPAMERDI...,Bersedia Menerima,Pagi,Belum Bersertifikat,PLN,3700,Tidak Ada,JALAN RAYA KEBONAGUNG NO 5,0 / 0,kebonagung,Kebonagung,Kec. Pakisaji,Kab. Malang,Prov. Jawa Timur,65162,-8,112,6,6,0,0,0,0,0,0,1,0,2,5,0,1,14,4,15,7,17,12,9,9,13,9,16,12,0,0,0,0,0,0,0,0,0,0,0,0,0,0,4,7,1,137,84,53,6.0,6,1.0,1,1.0,1,0.0,0,1.0,1,1.0,1,1.0,1,0.0,0,3.0,3,1.0,1,0.0,0,0.0,0,0.0,0,0.0,0,0.0,0,1.0,1,,,,,,,,,,,,,,,,,,
051822,SMP NEGERI 1 PAKISAJI,https://dapo.kemdikbud.go.id/sekolah/C817990F0A3DFE4C7199,http://sekolah.data.kemdikbud.go.id/index.php/chome/profil/e091d2b9-8c18-e111-ae2d-cb4684e91b6d,23 Feb 2023 08:26:04,A,Kurikulum 2013,20517466,Negeri,SMP,Pemerintah Pusat,0472/0/1983,1983-11-07,NO.12 Tahun 2017,2017-01-12,Tidak ada,BPD JAWA TIMUR...,BPD JAWA TIMUR CABANG  MALANG...,SMPNEGERI1PAKISAJI...,Bersedia Menerima,Pagi,Belum Bersertifikat,PLN,3200,Tidak Ada,JL. CERME NO. 172 RT. 2 RW. 1,2 / 1,CERME,Kendalpayak,Kec. Pakisaji,Kab. Malang,Prov. Jawa Timur,65162,-8,112,23,0,1,4,4,0,1,3,2,5,11,10,5,6,0,0,0,0,0,0,0,0,0,0,0,0,132,116,134,88,135,113,0,0,0,0,0,0,0,0,6,21,11,718,401,317,21.0,21,1.0,1,3.0,3,0.0,0,1.0,1,1.0,1,0.0,0,1.0,1,19.0,19,1.0,1,0.0,0,0.0,0,1.0,1,1.0,1,1.0,1,27.0,27,,,,,,,,,,,,,,,,,,
051822,SMP NEGERI 2 PAKISAJI,https://dapo.kemdikbud.go.id/sekolah/20ACD85AAC25342E2003,http://sekolah.data.kemdikbud.go.id/index.php/chome/profil/40c6d2b9-8c18-e111-afc9-8f93e887cfba,06 Feb 2023 10:29:12,A,Kurikulum 2013,20549207,Negeri,SMP,Pemerintah Daerah,,2005-07-14,No.12 Tahun 2017,2017-01-12,Tidak ada,BANK JATIM,CABANG KEPANJEN,SMP NEGERI 2 PAKISAJI,Bersedia Menerima,Pagi,Belum Bersertifikat,PLN,44000,Telkomsel Flash,JL. DARUNGAN,0 / 0,Darungan,Glanggang,Kec. Pakisaji,Kab. Malang,Prov. Jawa Timur,65162,-8,112,14,0,2,1,3,0,1,1,2,1,5,9,5,2,0,0,0,0,0,0,0,0,0,0,0,0,77,45,76,75,92,61,0,0,0,0,0,0,0,0,7,14,7,426,245,181,13.0,13,1.0,1,1.0,1,0.0,0,1.0,1,1.0,1,2.0,2,1.0,1,7.0,7,1.0,1,0.0,0,0.0,0,1.0,1,1.0,1,0.0,0,1.0,1,,,,,,,,,,,,,,,,,,
051822,SMP BUDI MULIA PAKISAJI,https://dapo.kemdikbud.go.id/sekolah/DD69ECD9CBD94947CB10,http://sekolah.data.kemdikbud.go.id/index.php/chome/profil/60538ab0-8c18-e111-866a-5d7375e04f7e,09 Mar 2023 05:21:54,A,Kurikulum 2013,20517422,Swasta,SMP,Yayasan,535/104.7.4/1996,1996-07-17,420/079/35.07.101/2018,2018-03-19,Tidak ada,Bank Jatim,Malang,SMP BUDI MULIA,Bersedia Menerima,Sehari penuh (5 h/m),Belum Bersertifikat,PLN,9450,Telkom Astinet,Jl. Anjasmoro 294 Karangpandan,10 / 2,Bendo,Karangpandan,Kec. Pakisaji,Kab. Malang,Prov. Jawa Timur,65162,-8,112,13,0,3,3,2,0,1,2,2,2,8,16,2,2,0,0,0,0,0,0,0,0,0,0,0,0,75,52,74,51,78,69,0,0,0,0,0,0,0,0,10,24,4,399,227,172,17.0,17,0.0,0,1.0,1,0.0,0,1.0,1,1.0,1,0.0,0,1.0,1,2.0,2,1.0,1,0.0,0,0.0,0,1.0,1,1.0,1,0.0,0,1.0,1,,,,,,,,,,,,,,,,,,
051822,SMP HAMID RUSDI KEBONAGUNG,https://dapo.kemdikbud.go.id/sekolah/E91D0CF4974B11DCC766,http://sekolah.data.kemdikbud.go.id/index.php/chome/profil/3034e3b1-8c18-e111-9cdc-951bd6e0291d,16 Feb 2023 07:18:57,B,Kurikulum 2013,20517426,Swasta,SMP,Yayasan,5278/1047/81/PN,1986-08-27,420/123/35.07.101/2019,2016-03-02,Tidak ada,BANK JATIM,MALANG,SMP HAMID RUSDI KEBONAGUNG,Bersedia Menerima,Sehari penuh (6 h/m),Belum Bersertifikat,PLN,900,Telkomsel Flash,Jl. Penamas Sonosari,48 / 9,Sonosari,Kebonagung,Kec. Pakisaji,Kab. Malang,Prov. Jawa Timur,65161,-8,112,3,0,1,1,1,0,1,1,1,1,0,9,0,1,0,0,0,0,0,0,0,0,0,0,0,0,16,9,5,10,15,3,0,0,0,0,0,0,0,0,4,9,1,58,36,22,3.0,3,1.0,1,2.0,2,0.0,0,1.0,1,1.0,1,0.0,0,1.0,1,3.0,3,0.0,0,0.0,0,0.0,0,1.0,1,1.0,1,0.0,0,1.0,1,,,,,,,,,,,,,,,,,,
051822,SMP ISLAM ASY-SYAFIIYYAH PAKISAJI,https://dapo.kemdikbud.go.id/sekolah/E47EBC8027E376BED236,http://sekolah.data.kemdikbud.go.id/index.php/chome/profil/109c0caf-8c18-e111-b669-c1d63ac70972,16 Mar 2023 16:19:57,B,Kurikulum 2013,20562724,Swasta,SMP,Yayasan,420/628/421.102/2005,2005-05-23,420/236/35.07.101/2020,2020-04-03,Tidak ada,Bank JATIM,CABANG MALANG,SMP ISLAM ASY-SYAFIIYYAH,Bersedia Menerima,Pagi,9001,PLN,7500,Telkomsel Flash,Jalan Sidodadi 23 Sememek RT 36 RW 06,36 / 6,sememek,Kebonagung,Kec. Pakisaji,Kab. Malang,Prov. Jawa Timur,65161,-8,112,7,0,2,1,1,0,2,1,1,0,3,5,0,1,0,0,0,0,0,0,0,0,0,0,0,0,52,30,37,30,24,20,0,0,0,0,0,0,0,0,6,8,1,193,113,80,7.0,7,1.0,1,1.0,1,0.0,0,1.0,1,1.0,1,1.0,1,0.0,0,4.0,4,1.0,1,0.0,0,0.0,0,1.0,1,1.0,1,0.0,0,1.0,1,,,,,,,,,,,,,,,,,,
051822,SMP ISLAM LUKMAN HAKIM,https://dapo.kemdikbud.go.id/sekolah/8A457159007C8091F69C,http://sekolah.data.kemdikbud.go.id/index.php/chome/profil/408943ba-8c18-e111-8f4b-d1aa5f2ed562,09 Feb 2023 19:45:29,B,Kurikulum 2013,20517438,Swasta,SMP,Yayasan,07/656/104.74/96,1985-07-01,7,1985-07-01,Tidak ada,BPD JAWA TIMUR...,BPD JAWA TIMUR CABANG MALANG...,SMPISLAMLUKMANHAKIM...,Bersedia Menerima,Pagi,Belum Bersertifikat,PLN,1300,Tidak Ada,Kendalpayak,13 / 7,Watudakon,Kendalpayak,Kec. Pakisaji,Kab. Malang,Prov. Jawa Timur,65162,-8,112,3,0,0,0,0,0,0,0,1,0,0,3,1,0,0,0,0,0,0,0,0,0,0,0,0,0,4,5,5,5,9,5,0,0,0,0,0,0,0,0,8,3,1,33,18,15,3.0,3,1.0,1,0.0,0,0.0,0,1.0,1,1.0,1,0.0,0,0.0,0,2.0,2,0.0,0,0.0,0,0.0,0,1.0,1,0.0,0,0.0,0,2.0,2,,,,,,,,,,,,,,,,,,
051822,SMP ISLAM PAKISAJI,https://dapo.kemdikbud.go.id/sekolah/81A19E5071552A4CC583,http://sekolah.data.kemdikbud.go.id/index.php/chome/profil/607143ba-8c18-e111-bbe9-87c798818cb6,16 Mar 2023 14:41:58,B,Kurikulum 2013,20517395,Swasta,SMP,Yayasan,018 C KEP 1 83,1983-02-05,420/1144/421/101/2010,2010-12-27,Tidak ada,BANK JATIM MALANG,MALANG,SMP ISLAM PAKISAJI,Bersedia Menerima,Pagi,Belum Bersertifikat,PLN,1300,Tidak Ada,Jl. Raya Genengan Pakisaji 222,0 / 0,GENENGAN,Genengan,Kec. Pakisaji,Kab. Malang,Prov. Jawa Timur,65162,-8,112,3,0,1,1,1,0,1,1,1,0,1,3,0,2,0,0,0,0,0,0,0,0,0,0,0,0,22,5,8,6,8,10,0,0,0,0,0,0,0,0,5,4,2,59,38,21,3.0,3,1.0,1,1.0,1,0.0,0,0.0,0,1.0,1,1.0,1,1.0,1,3.0,3,1.0,1,0.0,0,0.0,0,1.0,1,1.0,1,0.0,0,2.0,2,,,,,,,,,,,,,,,,,,
051822,SMP KRISTEN PAMERDI,https://dapo.kemdikbud.go.id/sekolah/EBF7255992361708D57E,http://sekolah.data.kemdikbud.go.id/index.php/chome/profil/80130cba-8c18-e111-8aa5-fdbb9e7a5d43,01 Feb 2023 08:04:39,B,Kurikulum 2013,20517335,Swasta,SMP,Yayasan,002/YPKP/1983,1983-07-01,420/07/421.101/2015,2015-10-19,Tidak ada,BPD JAWA TIMUR...,BPD JAWA TIMUR CABANG...,SMPKRISTENPAMERDI...,Bersedia Menerima,Pagi,Belum Bersertifikat,PLN,3200,Telkom Speedy,Jl. Raya Kebonagung No.5,21 / 4,KEBONAGUNG,Kebonagung,Kec. Pakisaji,Kab. Malang,Prov. Jawa Timur,65161,-8,112,3,0,1,1,1,0,0,0,0,1,3,3,1,0,0,0,0,0,0,0,0,0,0,0,0,0,6,6,16,11,18,15,0,0,0,0,0,0,0,0,1,6,1,72,40,32,3.0,3,1.0,1,2.0,2,0.0,0,1.0,1,1.0,1,0.0,0,1.0,1,3.0,3,0.0,0,0.0,0,0.0,0,0.0,0,1.0,1,0.0,0,1.0,1,,,,,,,,,,,,,,,,,,
051822,SMP MUHAMMADIYAH II PAKISAJI,https://dapo.kemdikbud.go.id/sekolah/243CFC83E3E16E0418EB,http://sekolah.data.kemdikbud.go.id/index.php/chome/profil/801ee3b1-8c18-e111-a47d-df03bfb7bd58,30 Jan 2023 00:42:57,B,Kurikulum 2013,20517344,Swasta,SMP,Yayasan,5344/10474/87/13-1-1987,1987-01-13,420/468/35.07.101/2022,2022-06-08,Tidak ada,Bank JATIM,Malang,SMU MUH 11 PAKISAJI,Bersedia Menerima,Pagi,Belum Bersertifikat,PLN,896,Lainnya,Pakisaji,10 / 2,PAKISAJI,Pakisaji,Kec. Pakisaji,Kab. Malang,Prov. Jawa Timur,65162,-8,112,2,0,0,1,0,0,0,0,0,0,0,1,2,0,0,0,0,0,0,0,0,0,0,0,0,0,10,9,2,0,0,0,0,0,0,0,0,0,0,0,8,1,2,21,12,9,4.0,4,1.0,1,1.0,1,0.0,0,1.0,1,1.0,1,1.0,1,1.0,1,4.0,4,1.0,1,0.0,0,0.0,0,1.0,1,1.0,1,0.0,0,1.0,1,,,,,,,,,,,,,,,,,,
051822,SMP PGRI 01 PAKISAJI,https://dapo.kemdikbud.go.id/sekolah/62A03FD759D3C12A1B76,http://sekolah.data.kemdikbud.go.id/index.php/chome/profil/c02b43ba-8c18-e111-ba9e-9dbb8bc5b700,14 Feb 2023 09:49:18,B,Kurikulum 2013,20517373,Swasta,SMP,Yayasan,13741/I04.7.4/1987,1967-03-07,420/1024/421.101/2010,1967-03-07,Tidak ada,BPD JAWA TIMUR...,BPD JAWA TIMUR CABANG KEPANJEN...,SMPPGRI01PAKISAJI...,Bersedia Menerima,Pagi,Belum Bersertifikat,PLN,880,Telkomsel Flash,Jl. Raya Pakisaji No. 41,13 / 3,,Pakisaji,Kec. Pakisaji,Kab. Malang,Prov. Jawa Timur,65162,-8,112,5,0,2,1,1,0,1,1,1,2,2,6,1,0,0,0,0,0,0,0,0,0,0,0,0,0,23,19,27,16,14,10,0,0,0,0,0,0,0,0,4,8,1,109,64,45,7.0,7,1.0,1,2.0,2,0.0,0,1.0,1,1.0,1,1.0,1,1.0,1,10.0,10,1.0,1,0.0,0,1.0,1,1.0,1,1.0,1,1.0,1,1.0,1,,,,,,,,,,,,,,,,,,
051822,SMP PGRI 02 PAKISAJI,https://dapo.kemdikbud.go.id/sekolah/09AC225232CD688D0E27,http://sekolah.data.kemdikbud.go.id/index.php/chome/profil/805b43ba-8c18-e111-b25e-ffd319d13826,30 Aug 2022 16:04:26,C,Kurikulum 2013,20517547,Swasta,SMP,Yayasan,1309/104.7.4/1987,1987-01-02,420/084/35.07.101/2018,2017-09-22,Tidak ada,BANK  JATIM,CABANG MALANG,SMP PGRI 02 PAKISAJI,,,,,,,Jalan Permanu Rt 03 Rw 02 Kec. Pakisaji Kab. Malang,3 / 2,PERMANU,Permanu,Kec. Pakisaji,Kab. Malang,Prov. Jawa Timur,65162,-8,112,0,0,0,0,0,0,0,0,0,0,0,2,0,2,0,0,0,0,0,0,0,0,0,0,0,0,0,0,0,0,0,0,0,0,0,0,0,0,0,0,0,2,2,0,0,0,3.0,0,1.0,0,0.0,0,0.0,0,1.0,0,1.0,0,0.0,0,0.0,0,2.0,0,0.0,0,0.0,0,0.0,0,1.0,0,0.0,0,1.0,0,1.0,1,,,,,,,,,,,,,,,,,,
051822,SMP TRI MURTI 01 PAKISAJI,https://dapo.kemdikbud.go.id/sekolah/738D552F0CC71C87B7B3,http://sekolah.data.kemdikbud.go.id/index.php/chome/profil/e09526b0-8c18-e111-b053-a175759ed288,08 Mar 2023 08:37:50,B,Kurikulum 2013,20517565,Swasta,SMP,Yayasan,13319/104.7.4/1990,1990-03-16,420/152/35.07.101/2019,2019-04-12,Tidak ada,BPD Jawa Timur,Malang,SMP TRI MURTI 01 PAKISAJI,Bersedia Menerima,Pagi,Belum Bersertifikat,PLN,2200,Telkom Speedy,Jl. Garuda No.81 RT.6 RW.2 Karangpandan,6 / 2,Bendo,Karangpandan,Kec. Pakisaji,Kab. Malang,Prov. Jawa Timur,65162,-8,112,3,0,1,1,1,0,1,1,3,1,0,2,0,1,0,0,0,0,0,0,0,0,0,0,0,0,8,3,6,4,5,12,0,0,0,0,0,0,0,0,6,2,1,38,19,19,3.0,3,1.0,1,2.0,2,0.0,0,1.0,1,1.0,1,1.0,1,1.0,1,4.0,4,1.0,1,0.0,0,0.0,0,1.0,1,1.0,1,1.0,1,1.0,1,,,,,,,,,,,,,,,,,,
051822,SMAS TRI MURTI 01 PAKISAJI,https://dapo.kemdikbud.go.id/sekolah/791B7649BAADA0790563,http://sekolah.data.kemdikbud.go.id/index.php/chome/profil/330637e6-d5f7-46d4-97d4-03305bd8c39f,10 Mar 2023 21:04:24,B,Kurikulum 2013,20517782,Swasta,SMA,Yayasan,1169/I04.26/E.5/1988,1988-08-16,P2T/691/19.03/01/V/2019,2019-05-14,Tidak ada,BANK JATIM,KEPANJEN,SMAS TRI MURTI 01 PAKISAJI,Bersedia Menerima,Sehari penuh (5 h/m),9001,PLN,2300,Tidak Ada,Jl. Garuda No. 81,6 / 2,Bendo,Karangpandan,Kec. Pakisaji,Kab. Malang,Prov. Jawa Timur,65162,-8,112,5,0,2,1,1,1,1,1,3,2,3,4,2,1,0,0,0,0,0,0,0,0,0,0,0,0,0,0,0,0,0,0,12,9,12,8,7,11,0,0,28,7,3,59,31,28,6.0,6,1.0,1,1.0,2,0.0,0,1.0,1,1.0,1,1.0,1,1.0,1,4.0,2,1.0,1,0.0,0,0.0,0,1.0,1,0.0,0,1.0,1,1.0,1,,,,,,,,,,,,,,,,,,
051822,SMKS ASY SYAFIIYAH PAKISAJI,https://dapo.kemdikbud.go.id/sekolah/C49CC899BB60DF926C27,http://sekolah.data.kemdikbud.go.id/index.php/chome/profil/4ebc3840-d875-4cec-90d8-ed1eefb0765d,13 Mar 2023 11:49:37,B,Kurikulum 2013,20564081,Swasta,SMK,Yayasan,420/636/421.102/2007,2007-01-19,35/18.05/02/V/2021,2021-05-04,Tidak ada,Jatim,Malang,SMK Asy Syafiiyyah,Bersedia Menerima,Pagi,Belum Bersertifikat,PLN,7500,Tidak Ada,JL. SIDODADI 23,36 / 6,Sememek,Kebonagung,Kec. Pakisaji,Kab. Malang,Prov. Jawa Timur,66162,-8,112,7,0,2,2,1,0,0,1,1,1,4,5,1,1,0,0,0,0,0,0,0,0,0,0,0,0,0,0,0,0,0,0,20,28,25,16,16,18,0,0,9,9,2,123,61,62,6.0,6,1.0,1,2.0,2,0.0,0,1.0,1,1.0,1,1.0,1,0.0,0,4.0,4,1.0,1,0.0,0,0.0,0,1.0,1,1.0,1,1.0,1,1.0,3,,,,,,,,,,,,,,,,,,
051822,SMKS BUDI MULIA PAKISAJI,https://dapo.kemdikbud.go.id/sekolah/B4FBE8D1B92634955C37,http://sekolah.data.kemdikbud.go.id/index.php/chome/profil/cf0b32c5-d2af-4b4c-abe2-caa9b9840ed4,22 Feb 2023 09:51:16,B,Kurikulum 2013,20549518,Swasta,SMK,Yayasan,420/618/421.102/2003,2003-06-02,279/18.05/02/VII/2022,2022-07-29,Tidak ada,BPD JAWA TIMUR...,BPD JAWA TIMUR CABANG KEPANJEN...,SMKSBUDIMULIAPAKISAJI...,Bersedia Menerima,Sehari penuh (5 h/m),Belum Bersertifikat,PLN & Diesel,16500,Lainnya (Serat Optik),JL. ANJASMORO 108 KARANGPANDAN,9 / 2,Bendo,Karangpandan,Kec. Pakisaji,Kab. Malang,Prov. Jawa Timur,65162,-8,112,14,0,1,0,2,0,1,1,1,0,10,9,2,2,0,0,0,0,0,0,0,0,0,0,0,0,0,0,0,0,0,0,46,37,44,58,51,59,14,0,8,19,4,309,155,154,17.0,17,1.0,1,4.0,4,0.0,0,1.0,1,1.0,1,1.0,1,1.0,1,3.0,3,0.0,0,0.0,0,0.0,0,1.0,1,1.0,1,1.0,1,2.0,2,,,,,,,,,,,,,,,,,,
051822,SMKS PGRI PAKISAJI,https://dapo.kemdikbud.go.id/sekolah/115754524864100D2522,http://sekolah.data.kemdikbud.go.id/index.php/chome/profil/59f37b7f-ca40-40c0-84ae-7a934e404d9a,26 Mar 2023 14:57:16,B,Kurikulum 2013,20517747,Swasta,SMK,Yayasan,263/34.B.1987,1994-07-16,420/114/421.101/2014,2014-10-27,Tidak ada,Bank Jatim,Kepanjen,SMKS PGRI PAKISAJI,Bersedia Menerima,Pagi,Belum Bersertifikat,PLN,3500,Tidak Ada,JL. FLAMBOYAN NO 41 PAKISAJI,13 / 3,Pakisaji,Pakisaji,Kec. Pakisaji,Kab. Malang,Prov. Jawa Timur,65162,-8,112,6,0,0,1,2,1,0,1,1,0,3,5,2,0,0,0,0,0,0,0,0,0,0,0,0,0,0,0,0,0,0,0,22,19,14,27,10,11,0,0,6,8,2,103,46,57,8.0,8,1.0,1,1.0,1,0.0,0,1.0,1,1.0,1,0.0,0,1.0,1,5.0,5,1.0,1,0.0,0,0.0,0,1.0,1,1.0,1,1.0,1,1.0,1,,,,,,,,,,,,,,,,,,
051822,PKBM HIDAYATULLAH,https://dapo.kemdikbud.go.id/sekolah/CCD391B6D1951837E8A6,http://sekolah.data.kemdikbud.go.id/index.php/chome/profil/ed6255f6-6982-4a9e-9b58-cc931b5546ad,,,,P2967652,Swasta,PKBM,Lainnya,,,,,Tidak ada,nama_bank,cabang,rek_atas_nama,,,,,,,JL.ANJASMORO,/,,,Kec. Pakisaji,Kab. Malang,Prov. Jawa Timur,,-8,112,0,0,0,0,0,0,0,0,0,0,0,0,0,0,0,0,0,0,0,0,0,0,0,0,0,0,0,0,0,0,0,0,0,0,0,0,0,0,0,0,0,0,0,0,0,0,,0,,0,,0,,0,,0,,0,,0,,0,,0,,0,,0,,0,,0,,0,,0,,1,,,,,,,,,,,,,,,,,,
051822,PKBM TUNAS HARAPAN BANGSA,https://dapo.kemdikbud.go.id/sekolah/40E5B04E4C3B3B5C227F,http://sekolah.data.kemdikbud.go.id/index.php/chome/profil/ed1579d4-0aa4-4206-a4bc-335434f798c3,25 Mar 2023 16:13:57,C,Kurikulum 2013,P2967650,Swasta,PKBM,Yayasan,420/717/421.101/2012,2012-03-14,420/5376/35.07.101/2015,2015-12-18,Tidak ada,BPD JAWA TIMUR,CABANG KEPANJEN,P2967650 PKBM TUNAS HRPNBANGSA,Bersedia Menerima,,Belum Bersertifikat,PLN,1450,Smartfren,JL.RAYA GOLEK,2 / 3,GOLEK,Karangduren,Kec. Pakisaji,Kab. Malang,Prov. Jawa Timur,65162,-8,112,7,0,3,3,1,2,3,2,2,1,1,0,0,1,0,0,0,0,0,0,0,0,0,0,0,0,0,0,0,0,0,0,0,0,0,0,0,0,0,0,16,1,1,65,44,21,5.0,8,0.0,0,0.0,0,1.0,1,1.0,1,1.0,1,1.0,1,1.0,1,3.0,3,1.0,1,1.0,1,0.0,0,1.0,1,1.0,1,0.0,0,1.0,1,,,,,,,,,,,,,,,,,,
051822,SLB-BC DHARMA WANITA 01,https://dapo.kemdikbud.go.id/sekolah/4877283A5AB6D8913C94,http://sekolah.data.kemdikbud.go.id/index.php/chome/profil/c07e6cbb-8c18-e111-9678-4d3dcb22178e,11 Mar 2023 21:45:40,B,Kurikulum 2013,20554967,Swasta,SLB,Yayasan,4946/104/D/1992,1992-02-15,421.8/5183/103.03/2010,2010-08-18,"B,C,C1",BPD JAWA TIMUR...,BPD JAWA TIMUR CABANG MALANG...,SLB-BCDHARMAWANITA01...,Bersedia Menerima,Pagi,Belum Bersertifikat,PLN,2200,Indosat IM3,Jl Raya Kendalpayak No.222,6 / 4,Kendalpayak,KENDALPAYAK,Kec. Pakisaji,Kab. Malang,Prov. Jawa Timur,65162,-8,112,12,10,1,0,0,0,0,0,0,0,0,11,0,0,4,1,2,1,2,2,6,3,1,3,6,4,6,3,6,1,2,4,4,2,0,1,0,1,0,0,10,11,0,65,39,26,8.0,8,0.0,0,0.0,0,0.0,0,1.0,1,0.0,0,0.0,0,1.0,1,3.0,3,1.0,1,0.0,0,0.0,0,0.0,0,0.0,0,0.0,0,3.0,3,,,,,,,,,,,,,,,,,,
