prov_name,kab_name,kec_name,link_sekolah_kita,link_referensi,nama,npsn,alamat,desa/kelurahan,kecamatan/kota_(ln),kab.-kota/negara_(ln),propinsi/luar_negeri_(ln),status_sekolah,bentuk_pendidikan,kementerian_pembina,naungan,npyp,no._sk._pendirian,tanggal_sk._pendirian,nomor_sk_operasional,tanggal_sk_operasional,file_sk_operasional,tanggal_upload_sk_op.,akreditasi,luas_tanah,akses_internet,akses_internet_2,sumber_listrik,fax,telepon,email,website,lintang,bujur,guru,siswa_laki_laki,siswa_perempuan,rombongan_belajar,kurikulum,penyelenggaraan,manajemen_berbasis_sekolah,semester_data,akses_internet_sekolah_kita,daya_listrik,ruang_kelas,laboratorium,perpustakaan,sanitasi_siswa,guru_pns,guru_gtt,guru_gty,guru_honor,guru_gol_i,guru_gol_ii,guru_gol_iii,guru_gol_iv,guru_sertifikasi,guru_belum_sertifikasi,guru_kurang_dari_s1,guru_s1_atau_lebih,guru_data_kosong,guru_kurang_dari_30_tahun,guru_31_35_tahun,guru_36_40,guru_41_45_tahun,guru_46_50_tahun,guru_51_55_tahun,guru_lebih_dari_55_tahun,guru_laki_laki,guru_perempuan,ruang_kelas_baik,ruang_kelas_rusak_ringan,ruang_kelas_rusak_sedang,ruang_kelas_rusak_berat,perpustakaan_baik,perpustakaan_rusak_ringan,perpustakaan_rusak_sedang,perpustakaan_rusak_berat
Maluku,Kota Ambon,Sirimau,https://sekolah.data.kemdikbud.go.id/index.php/Chome/profil/60564D9F-0DCB-454A-BE9E-2DD0FF137505,https://referensi.data.kemdikbud.go.id/pendidikan/npsn/69989655,AISYAH 3 AMBON,69989655,Jl. Wara Dusun Waehelaka,BATU MERAH,KEC. SIRIMAU,KOTA AMBON,PROV. MALUKU,SWASTA,TK,"Kementerian Pendidikan, Kebudayaan, Riset dan Teknologi",,,66 TAHUN 2012,16-12-2012,66 TAHUN 2012,16-12-2012,Lihat SK Operasional,2019-08-15 08,,450,1. Telkomsel Flash,2. -,PLN,,,rifka.annisa.24@gmail.com,,.000000000000,.000000000000,1,0,0,0,2013,Pagi/6 hari,,2022/2023-2,Telkomsel Flash,900,1,0,0,1,0,0,0,1,1,0,0,0,0,1,0,1,0,0,0,0,1,0,0,0,0,1,0,1,0,0,0,0,0,0
Maluku,Kota Ambon,Sirimau,https://sekolah.data.kemdikbud.go.id/index.php/Chome/profil/E2A889A1-F9BB-4239-9B48-8C97568D91B9,https://referensi.data.kemdikbud.go.id/pendidikan/npsn/69985538,KALIFAH,69985538,Jl. dr. Tarmidzi Taher Kebun Cengkeh,BATU MERAH,KEC. SIRIMAU,KOTA AMBON,PROV. MALUKU,SWASTA,KB,"Kementerian Pendidikan, Kebudayaan, Riset dan Teknologi",,,49 TAHUN 2018,05-03-2018,49 TAHUN 2018,05-03-2018,Lihat SK Operasional,2019-02-18 14,B,70,1. Telkomsel Flash,2. Telkom Speedy,PLN,,,paudkalifah_14@gmail.com,,.000000000000,.000000000000,1,0,0,0,2013,Pagi/6 hari,,2022/2023-2,Telkomsel Flash,900,2,0,0,1,0,0,0,1,1,0,0,0,0,1,0,1,0,0,0,0,1,0,0,0,0,1,2,0,0,0,0,0,0,0
Maluku,Kota Ambon,Sirimau,https://sekolah.data.kemdikbud.go.id/index.php/Chome/profil/024FC7E4-CBD1-47A5-8B68-760F5FAF29CD,https://referensi.data.kemdikbud.go.id/pendidikan/npsn/69984824,KARTIKA XIII-17,69984824,SKIP,KEL KARANG PANJANG,KEC. SIRIMAU,KOTA AMBON,PROV. MALUKU,SWASTA,TK,"Kementerian Pendidikan, Kebudayaan, Riset dan Teknologi",Yayasan Kartika Jaya Cabang XIII Pattimura,AM4751,130 TAHUN 2018,26-02-2018,130 TAHUN 2018,26-02-2018,Lihat SK Operasional,2019-01-24 16,B,190,1. -,2. -,PLN,,,tkkartikaxiii17@gmail.com,,.000000000000,.000000000000,1,0,0,0,2013,Pagi/6 hari,,2022/2023-2,Tidak Ada,900,2,0,0,0,0,0,2,0,1,0,0,0,0,1,1,0,0,0,0,1,0,0,0,0,0,1,0,0,2,0,0,0,0,0
Maluku,Kota Ambon,Sirimau,https://sekolah.data.kemdikbud.go.id/index.php/Chome/profil/AD7F22AF-DD42-4076-A18D-BBA046EED3E9,https://referensi.data.kemdikbud.go.id/pendidikan/npsn/69945589,KB ANGGREK INDAH 2,69945589,JL PIERE TANDEAN HATIVE KECIL,HATIVE KECIL,KEC. SIRIMAU,KOTA AMBON,PROV. MALUKU,SWASTA,KB,"Kementerian Pendidikan, Kebudayaan, Riset dan Teknologi",Lainnya,,29 TAHUN 2014,03-03-2014,29 TAHUN 2014,03-03-2014,Lihat SK Operasional,2016-06-24 09,C,0,1. -,2. -,PLN,,0911322108,,,.000000000000,.000000000000,1,0,0,0,2013,Pagi/6 hari,,2022/2023-2,Tidak Ada,900,2,0,0,0,0,0,0,1,1,0,0,0,0,1,0,0,1,0,0,0,1,0,0,0,0,1,1,1,0,0,0,0,0,0
Maluku,Kota Ambon,Sirimau,https://sekolah.data.kemdikbud.go.id/index.php/Chome/profil/5B7B70F2-8197-4FCF-9796-5BD3436C9D94,https://referensi.data.kemdikbud.go.id/pendidikan/npsn/69964141,KB BULAN SABIT,69964141,JL SULTAN HASANUDIN,BATU MERAH,KEC. SIRIMAU,KOTA AMBON,PROV. MALUKU,SWASTA,KB,"Kementerian Pendidikan, Kebudayaan, Riset dan Teknologi",Lainnya,,308 TAHUN 2014,27-08-2014,308 TAHUN 2014,27-08-2014,Lihat SK Operasional,2017-07-10 10,B,150,1. -,2. -,PLN,,,,,.000000000000,.000000000000,1,0,0,0,2013,Pagi/6 hari,,2022/2023-2,Tidak Ada,900,1,0,0,0,0,0,1,0,1,0,0,0,0,1,0,0,1,0,0,0,0,0,0,1,0,1,1,0,0,0,0,0,0,0
Maluku,Kota Ambon,Sirimau,https://sekolah.data.kemdikbud.go.id/index.php/Chome/profil/67DF88CB-F2B3-43E5-9E11-1377B6A46170,https://referensi.data.kemdikbud.go.id/pendidikan/npsn/69950330,KB BUNDA HATI KUDUS,69950330,JL PATTIMURA,URITETU,KEC. SIRIMAU,KOTA AMBON,PROV. MALUKU,SWASTA,KB,"Kementerian Pendidikan, Kebudayaan, Riset dan Teknologi",Lainnya,AM4826,21 TAHUN 2016,10-02-2016,21 TAHUN 2016,10-02-2016,Lihat SK Operasional,2016-09-28 12,A,180,1. Telkomsel Flash,2. Telkom Speedy,PLN,,,paudbhk.xaveriusambon@gmail.com,,-5.443757000000,114.421127000000,1,0,0,0,2013,Sehari Penuh/5 hari,,2022/2023-2,Telkomsel Flash,"2,400",2,0,0,2,0,0,0,1,1,0,0,0,0,1,0,0,1,0,1,0,0,0,0,0,0,1,2,0,0,0,0,0,0,0
Maluku,Kota Ambon,Sirimau,https://sekolah.data.kemdikbud.go.id/index.php/Chome/profil/70C83CC3-E617-4CA8-A6C3-0FF65AB2A8A3,https://referensi.data.kemdikbud.go.id/pendidikan/npsn/70000925,KB CAHAYA PELANGI,70000925,JL PUTRI,BATU MERAH,KEC. SIRIMAU,KOTA AMBON,PROV. MALUKU,SWASTA,KB,"Kementerian Pendidikan, Kebudayaan, Riset dan Teknologi",,,07 TAHUN 2020,22-01-2020,07 TAHUN 2020,22-01-2020,Lihat SK Operasional,2020-03-12 20,B,0,1. Telkom Speedy,2. Telkomsel Flash,PLN,,,paudcahayapelangi19@gmail.com,,.000000000000,.000000000000,3,0,0,0,2013,Pagi/6 hari,,2022/2023-2,Telkom Speedy,900,2,0,0,1,0,0,0,3,3,0,0,0,1,2,0,1,2,1,1,1,0,0,0,0,0,3,0,0,2,0,0,0,0,0
Maluku,Kota Ambon,Sirimau,https://sekolah.data.kemdikbud.go.id/index.php/Chome/profil/5CBE29B9-F7CA-4649-935E-BE7FE33FD067,https://referensi.data.kemdikbud.go.id/pendidikan/npsn/69960869,KB CAMELIA,69960869,Jl. Ina Tuni Raya No 2,KEL AMANTELU,KEC. SIRIMAU,KOTA AMBON,PROV. MALUKU,SWASTA,KB,"Kementerian Pendidikan, Kebudayaan, Riset dan Teknologi",,,55 Tahun 2016,22-03-2016,55 Tahun 2016,22-03-2016,Lihat SK Operasional,2017-03-17 09,C,20,,2.,,,,,,.000000000000,.000000000000,0,0,0,0,,,,2022/2023-2,,,0,0,0,0,0,0,0,0,0,0,0,0,0,0,0,0,0,0,0,0,0,0,0,0,,,,,,,,,,
Maluku,Kota Ambon,Sirimau,https://sekolah.data.kemdikbud.go.id/index.php/Chome/profil/D59D497A-F593-41EE-BC87-32D949B65170,https://referensi.data.kemdikbud.go.id/pendidikan/npsn/69945935,KB CELTHYA,69945935,JL SIRIMAU,KEL BATU MEJA,KEC. SIRIMAU,KOTA AMBON,PROV. MALUKU,SWASTA,KB,"Kementerian Pendidikan, Kebudayaan, Riset dan Teknologi",Lainnya,AM4825,12 TAHUN 2016,02-02-2016,12 TAHUN 2016,02-02-2016,Lihat SK Operasional,2016-07-01 09,,325,1. Telkomsel Flash,2. Telkom Speedy,PLN,,0911354639,paudcelthya06@gmail.com,,.000000000000,.000000000000,2,0,0,0,2013,Sehari Penuh/5 hari,,2022/2023-2,Telkomsel Flash,"1,300",5,0,0,2,0,0,0,2,2,0,0,0,0,2,0,0,2,0,0,0,1,1,0,0,0,2,2,3,0,0,0,0,0,0
Maluku,Kota Ambon,Sirimau,https://sekolah.data.kemdikbud.go.id/index.php/Chome/profil/706B6033-25C5-4C76-9C80-66721A694DB0,https://referensi.data.kemdikbud.go.id/pendidikan/npsn/69945937,KB CERIA,69945937,Jl. Jed.A.Yani Kompleks Dikpora Promal,KEL BATU GAJA,KEC. SIRIMAU,KOTA AMBON,PROV. MALUKU,SWASTA,KB,"Kementerian Pendidikan, Kebudayaan, Riset dan Teknologi",,,307 TAHUN 2014,27-08-2014,307 TAHUN 2014,27-08-2014,Lihat SK Operasional,2016-07-01 09,Terakreditasi,0,1. Telkomsel Flash,2. -,PLN,,,,,.000000000000,.000000000000,2,0,0,0,2013,Pagi/6 hari,,2022/2023-2,Telkomsel Flash,900,1,0,0,0,0,1,0,1,2,0,0,0,0,2,0,1,1,0,0,0,0,1,1,0,0,2,1,0,0,0,0,0,0,0
Maluku,Kota Ambon,Sirimau,https://sekolah.data.kemdikbud.go.id/index.php/Chome/profil/713950DE-09F0-4B3B-B137-296116C52D34,https://referensi.data.kemdikbud.go.id/pendidikan/npsn/69971637,KB CIARYLENE,69971637,JL ANUGERAH,KEL AMANTELU,KEC. SIRIMAU,KOTA AMBON,PROV. MALUKU,SWASTA,KB,"Kementerian Pendidikan, Kebudayaan, Riset dan Teknologi",Yayasan KB CIARYLENE,AM4790,39 TAHUN 2016,15-03-2016,39 TAHUN 2016,15-03-2016,Lihat SK Operasional,2018-01-09 11,B,288,1. -,2. -,PLN,,,,,.000000000000,.000000000000,1,0,0,0,2013,Sehari Penuh/3 hari,,2022/2023-2,Tidak Ada,"1,300",2,0,0,1,0,0,2,0,1,0,0,0,0,1,0,1,0,0,0,0,0,1,0,0,0,1,2,0,0,0,0,0,0,0
Maluku,Kota Ambon,Sirimau,https://sekolah.data.kemdikbud.go.id/index.php/Chome/profil/552A3180-2D0B-438D-8708-84CC4C8A9373,https://referensi.data.kemdikbud.go.id/pendidikan/npsn/69945597,KB DEKAPOLIS,69945597,JL SIRIMAU BERE - BERE,SOYA,KEC. SIRIMAU,KOTA AMBON,PROV. MALUKU,SWASTA,KB,"Kementerian Pendidikan, Kebudayaan, Riset dan Teknologi",Lainnya,AM4731,17 TAHUN 2016,02-02-2016,17 TAHUN 2016,10-02-2016,Lihat SK Operasional,2016-06-24 09,,300,,2.,,,,kb.dekapolis@gmail.com,,.000000000000,.000000000000,0,0,0,0,2013,,,2022/2023-2,,,0,0,0,0,0,0,0,0,0,0,0,0,0,0,0,0,0,0,0,0,0,0,0,0,,,0,0,0,0,0,0,0,0
Maluku,Kota Ambon,Sirimau,https://sekolah.data.kemdikbud.go.id/index.php/Chome/profil/0A552F2F-A019-4C83-A204-C0158ED376AE,https://referensi.data.kemdikbud.go.id/pendidikan/npsn/69945872,KB EBENHAEZER,69945872,JL SKIP TENGAH,KEL BATU MEJA,KEC. SIRIMAU,KOTA AMBON,PROV. MALUKU,SWASTA,KB,"Kementerian Pendidikan, Kebudayaan, Riset dan Teknologi",Lainnya,,358 TAHUN 2014,18-11-2014,358 TAHUN 2014,18-11-2014,Lihat SK Operasional,2016-06-29 16,C,225,1. Telkomsel Flash,2. -,PLN,,,paudebenhaezer2012@gmail.com,,.000000000000,.000000000000,3,0,0,0,2013,Sehari Penuh/5 hari,,2022/2023-2,Telkomsel Flash,900,2,0,0,0,0,0,0,3,3,0,0,0,0,3,0,0,3,0,0,1,0,0,1,1,0,3,2,0,0,0,0,0,0,0
Maluku,Kota Ambon,Sirimau,https://sekolah.data.kemdikbud.go.id/index.php/Chome/profil/217B51C4-C89E-4410-9301-BD7F78516C21,https://referensi.data.kemdikbud.go.id/pendidikan/npsn/70008325,KB EZEKIAL,70008325,Jl Sirimau,KEL BATU MEJA,KEC. SIRIMAU,KOTA AMBON,PROV. MALUKU,SWASTA,KB,"Kementerian Pendidikan, Kebudayaan, Riset dan Teknologi",,,186 TAHUN 2021,21-01-2021,186 TAHUN 2021,21-01-2021,Lihat SK Operasional,2021-02-27 14,,0,1. -,2. Telkom Speedy,PLN,,,,,.000000000000,.000000000000,1,0,0,0,2013,Pagi/6 hari,,2022/2023-2,Tidak Ada,"1,200",1,0,0,0,0,0,0,1,1,0,0,0,0,1,0,0,1,0,0,0,0,0,0,1,0,1,0,1,0,0,0,0,0,0
Maluku,Kota Ambon,Sirimau,https://sekolah.data.kemdikbud.go.id/index.php/Chome/profil/F5C43817-A1D2-4A44-8314-97598130E37E,https://referensi.data.kemdikbud.go.id/pendidikan/npsn/69945712,KB IMANUEL,69945712,Jl. Rijali No. 4 Belakang Soya Ambon,KEL KARANG PANJANG,KEC. SIRIMAU,KOTA AMBON,PROV. MALUKU,SWASTA,KB,"Kementerian Pendidikan, Kebudayaan, Riset dan Teknologi",,,123 Tahun 2015,22-10-2015,123 Tahun 2015,22-10-2015,Lihat SK Operasional,2016-06-27 14,C,64,1. Telkomsel Flash,2. Telkom Speedy,PLN,,,vhukunala@gmail.com,http,.000000000000,.000000000000,2,0,0,0,2013,Sehari Penuh/3 hari,,2022/2023-2,Telkomsel Flash,900,4,0,0,0,0,0,0,2,2,0,0,0,0,2,0,1,1,0,1,0,1,0,0,0,0,2,4,0,0,0,0,0,0,0
Maluku,Kota Ambon,Sirimau,https://sekolah.data.kemdikbud.go.id/index.php/Chome/profil/917A6C14-6F22-43E0-BE3A-8D3D46423175,https://referensi.data.kemdikbud.go.id/pendidikan/npsn/69946958,KB KADEWA-DEWA,69946958,Jln. Sudirman RT/RW 004/09,BATU MERAH,KEC. SIRIMAU,KOTA AMBON,PROV. MALUKU,SWASTA,KB,"Kementerian Pendidikan, Kebudayaan, Riset dan Teknologi",Lainnya,AM4795,42 TAHUN 2016,15-03-2016,42 TAHUN 2016,15-03-2016,Lihat SK Operasional,2016-08-03 14,B,150,1. Telkomsel Flash,2. Telkom Speedy,PLN,081343082629,,kbkadewadewa02@gmail.com,,.000000000000,.000000000000,2,0,0,0,2013,Sehari Penuh/3 hari,,2022/2023-2,Telkomsel Flash,"2,200",2,0,1,0,0,0,0,2,2,0,0,0,0,2,0,0,2,0,0,0,1,0,0,1,0,2,2,0,0,0,1,0,0,0
Maluku,Kota Ambon,Sirimau,https://sekolah.data.kemdikbud.go.id/index.php/Chome/profil/5D3931FF-AD44-4BE8-BADA-E006392C4D22,https://referensi.data.kemdikbud.go.id/pendidikan/npsn/69945874,KB KARMELITA,69945874,JL KAPTEN PIERE TENDEAN,GALALA,KEC. SIRIMAU,KOTA AMBON,PROV. MALUKU,SWASTA,KB,"Kementerian Pendidikan, Kebudayaan, Riset dan Teknologi",Lainnya,AM4794,114 TAHUN 2016,02-05-2016,25 TAHUN 2019,25-05-2019,Lihat SK Operasional,2019-07-02 07,B,150,1. Telkomsel Flash,2. Telkom Speedy,PLN,,,kelompokbermainkarmelita@gmail.com,,-3.660161000000,128.210278000000,2,0,0,0,2013,Sehari Penuh/6 hari,,2022/2023-2,Telkomsel Flash,"2,200",3,0,0,2,0,0,0,2,2,0,0,0,0,2,0,0,2,0,0,1,1,0,0,0,0,2,3,0,0,0,0,0,0,0
Maluku,Kota Ambon,Sirimau,https://sekolah.data.kemdikbud.go.id/index.php/Chome/profil/563B1470-E191-4519-8E7F-1A46408BB2E9,https://referensi.data.kemdikbud.go.id/pendidikan/npsn/69945928,KB KARYA ABADI,69945928,KARANG PANJANG,WAIHOKA,KEC. SIRIMAU,KOTA AMBON,PROV. MALUKU,SWASTA,KB,"Kementerian Pendidikan, Kebudayaan, Riset dan Teknologi",Lainnya,AK9011,45 TAHUN 2014,10-03-2014,45 TAHUN 2014,10-03-2014,Lihat SK Operasional,2016-07-01 09,B,50,1. Telkomsel Flash,2. Telkomsel Flash,PLN,,,,,.000000000000,.000000000000,2,0,0,0,2013,Sehari Penuh/5 hari,,2022/2023-2,Telkomsel Flash,900,2,0,0,0,0,0,3,0,2,0,0,0,0,2,0,0,2,0,0,0,2,0,0,0,0,2,2,0,0,0,0,0,0,0
Maluku,Kota Ambon,Sirimau,https://sekolah.data.kemdikbud.go.id/index.php/Chome/profil/EB54FEBE-4786-47A7-8895-6284CB417BE8,https://referensi.data.kemdikbud.go.id/pendidikan/npsn/69948388,KB KRISTEN CARITAS,69948388,JL CHRISTINA MARTHA TIAHAHU,KEL KARANG PANJANG,KEC. SIRIMAU,KOTA AMBON,PROV. MALUKU,SWASTA,KB,"Kementerian Pendidikan, Kebudayaan, Riset dan Teknologi",Lainnya,AM4769,267 TAHUN 2014,28-05-2014,267 TAHUN 2014,28-05-2014,Lihat SK Operasional,2016-08-31 06,A,50,,2.,,,0911351333,christian_caritas@yahoo.com,,.000000000000,.000000000000,1,0,0,0,,,,2022/2023-2,,,0,0,0,0,0,0,0,1,1,0,0,0,0,1,0,0,1,0,0,0,1,0,0,0,0,1,0,0,0,0,0,0,0,0
Maluku,Kota Ambon,Sirimau,https://sekolah.data.kemdikbud.go.id/index.php/Chome/profil/D7E7CCD2-6298-4BF5-8D3D-DFBA94234DE0,https://referensi.data.kemdikbud.go.id/pendidikan/npsn/69980139,KB KUNTUM CERIA,69980139,Jl. TANAH RATA,BATU MERAH,KEC. SIRIMAU,KOTA AMBON,PROV. MALUKU,SWASTA,KB,"Kementerian Pendidikan, Kebudayaan, Riset dan Teknologi",,,20 TAHUN 2018,20-01-2018,20 TAHUN 2018,20-01-2018,Lihat SK Operasional,2018-09-12 10,,150,1. -,2. -,PLN,,,,,.000000000000,.000000000000,0,0,0,0,2013,Pagi/6 hari,,2022/2023-2,Tidak Ada,"1,299",1,0,0,0,0,0,1,0,0,0,0,0,0,0,0,0,0,0,0,0,0,0,0,0,0,0,1,0,0,0,0,0,0,0
Maluku,Kota Ambon,Sirimau,https://sekolah.data.kemdikbud.go.id/index.php/Chome/profil/0966A3F1-EE47-4C11-8E7A-2F473152BF0D,https://referensi.data.kemdikbud.go.id/pendidikan/npsn/69975150,KB MARGRIET,69975150,JL.AIR BESAR RT/RW  003/016 KEC. SIRIMAU - 97128,BATU MERAH,KEC. SIRIMAU,KOTA AMBON,PROV. MALUKU,SWASTA,KB,"Kementerian Pendidikan, Kebudayaan, Riset dan Teknologi",Yayasan Asti Dharma Maluku,AC6610,144 TAHUN 2021,05-03-2018,50 TAHUN 2018,05-03-2018,Lihat SK Operasional,2022-11-14 08,B,100,1. Telkomsel Flash,2. -,PLN,,,paudmagrietahuru@gmail.com,,.000000000000,.000000000000,1,0,0,0,2013,Sehari Penuh/5 hari,,2022/2023-2,Telkomsel Flash,450,2,0,0,0,0,0,1,1,1,0,0,0,0,1,0,1,0,0,1,0,0,0,0,0,0,1,0,2,0,0,0,0,0,0
Maluku,Kota Ambon,Sirimau,https://sekolah.data.kemdikbud.go.id/index.php/Chome/profil/B1B6ADF7-2BDB-484E-92EC-6022E0AA7024,https://referensi.data.kemdikbud.go.id/pendidikan/npsn/69945871,KB MERPATI,69945871,JL TABAE JOU,SOYA,KEC. SIRIMAU,KOTA AMBON,PROV. MALUKU,SWASTA,KB,"Kementerian Pendidikan, Kebudayaan, Riset dan Teknologi",Lainnya,,313 TAHUN 2014,01-09-2014,313 TAHUN 2014,01-09-2014,Lihat SK Operasional,2016-06-29 16,B,0,1. Telkomsel Flash,2. Telkomsel Flash,PLN,,,felsolisa@gmail.com,,-3.695700000000,128.215473000000,4,0,0,0,2013,Sehari Penuh/5 hari,,2022/2023-2,Telkomsel Flash,450,1,0,0,0,0,0,0,4,4,0,0,0,0,4,0,1,3,1,0,0,0,1,1,1,1,3,0,0,1,0,0,0,0,0
Maluku,Kota Ambon,Sirimau,https://sekolah.data.kemdikbud.go.id/index.php/Chome/profil/175F3B70-6BD0-4579-9697-733385F74EA6,https://referensi.data.kemdikbud.go.id/pendidikan/npsn/69946956,KB NSIA IR INDAH,69946956,Jln. Imam Bonjol No.19,KEL AHUSEN,KEC. SIRIMAU,KOTA AMBON,PROV. MALUKU,SWASTA,KB,"Kementerian Pendidikan, Kebudayaan, Riset dan Teknologi",,,357 TAHUN 2014,18-11-2014,357 TAHUN 2014,18-11-2014,Lihat SK Operasional,2016-08-03 14,C,0,1. Telkom Speedy,2. Telkom Speedy,PLN,,,marthenkulalean@yahoo.com,,.000000000000,.000000000000,1,0,0,0,2013,Pagi/6 hari,,2022/2023-2,Telkom Speedy,"2,200",3,0,0,0,0,0,0,1,1,0,0,0,0,1,0,0,1,0,1,0,0,0,0,0,0,1,3,0,0,0,0,0,0,0
Maluku,Kota Ambon,Sirimau,https://sekolah.data.kemdikbud.go.id/index.php/Chome/profil/B30F1F65-4AD6-4156-A45D-F76314A934A3,https://referensi.data.kemdikbud.go.id/pendidikan/npsn/69969057,KB PELANGI,69969057,JL. KPT PIERE TANDEAN,HATIVE KECIL,KEC. SIRIMAU,KOTA AMBON,PROV. MALUKU,SWASTA,KB,"Kementerian Pendidikan, Kebudayaan, Riset dan Teknologi",Lainnya,AK9049,79 TAHUN 2017,27-05-2017,79 TAHUN 2017,27-05-2017,Lihat SK Operasional,2017-11-01 12,B,184,1. -,2. Telkomsel Flash,PLN,,,Paudpelangihative@gmail.com,,-3.666564000000,128.204688000000,3,0,0,0,2013,Pagi/6 hari,,2022/2023-2,Tidak Ada,900,2,0,0,0,0,0,0,3,3,0,0,0,0,3,0,0,3,0,0,0,3,0,0,0,0,3,2,0,0,0,0,0,0,0
Maluku,Kota Ambon,Sirimau,https://sekolah.data.kemdikbud.go.id/index.php/Chome/profil/7C53BEFE-8334-440E-97A3-931831287EFE,https://referensi.data.kemdikbud.go.id/pendidikan/npsn/69945380,KB RAFFLESSIA ARNOLDY,69945380,JL PERUMTEL KAYU TIGA,SOYA,KEC. SIRIMAU,KOTA AMBON,PROV. MALUKU,SWASTA,KB,"Kementerian Pendidikan, Kebudayaan, Riset dan Teknologi",Lainnya,AJ7366,59 TAHUN 2015,29-05-2015,59 TAHUN 2015,29-05-2015,Lihat SK Operasional,2016-06-20 11,C,156,1. -,2. Lainnya,PLN,,,paudrafflessiaarnoldy07@gmail.com,,.000000000000,.000000000000,3,0,0,0,2013,Pagi/6 hari,,2022/2023-2,Tidak Ada,"2,200",4,0,0,0,0,0,0,3,3,0,0,0,0,3,0,0,3,2,0,0,0,0,1,0,0,3,0,0,4,0,0,0,0,0
Maluku,Kota Ambon,Sirimau,https://sekolah.data.kemdikbud.go.id/index.php/Chome/profil/93D4C85F-27D7-426F-8B85-295AD01F4FFD,https://referensi.data.kemdikbud.go.id/pendidikan/npsn/69969112,KB TITIAN HARAPAN RINJANI,69969112,JL GETAH PERCA,BATU MERAH,KEC. SIRIMAU,KOTA AMBON,PROV. MALUKU,SWASTA,KB,"Kementerian Pendidikan, Kebudayaan, Riset dan Teknologi",Lainnya,AM4787,81 TAHUN 2017,26-05-2017,81 TAHUN 2017,26-05-2017,Lihat SK Operasional,2017-11-02 10,B,0,1. -,2. Telkomsel Flash,PLN,,,warnibelu@gmail.com,,-5.443757000000,114.421127000000,2,0,0,0,2013,Sehari Penuh/5 hari,,2022/2023-2,Tidak Ada,"1,200",4,0,0,0,0,0,1,2,2,0,0,0,0,2,0,0,2,0,2,0,0,0,0,0,0,2,4,0,0,0,0,0,0,0
Maluku,Kota Ambon,Sirimau,https://sekolah.data.kemdikbud.go.id/index.php/Chome/profil/ECC3168E-4700-4EBD-978D-1DD95CC8866F,https://referensi.data.kemdikbud.go.id/pendidikan/npsn/69945595,KB VICTORY,69945595,JL PITU INA,KEL KARANG PANJANG,KEC. SIRIMAU,KOTA AMBON,PROV. MALUKU,SWASTA,KB,"Kementerian Pendidikan, Kebudayaan, Riset dan Teknologi",Lainnya,AK8981,10 TAHUN 2016,02-02-2016,10 TAHUN 2016,02-02-2016,Lihat SK Operasional,2016-06-24 09,B,100,1. Telkomsel Flash,2. Telkom Speedy,PLN,,,paudvictory1@gmail.com,,-3.689712000000,128.194742000000,2,0,0,0,2013,Sehari Penuh/5 hari,,2022/2023-2,Telkomsel Flash,"1,300",3,0,0,1,0,0,0,2,2,0,0,0,0,2,0,0,2,0,0,1,0,0,1,0,0,2,2,0,1,0,0,0,0,0
Maluku,Kota Ambon,Sirimau,https://sekolah.data.kemdikbud.go.id/index.php/Chome/profil/F08FEC10-5CDE-44EB-9C50-0F896DCF7F56,https://referensi.data.kemdikbud.go.id/pendidikan/npsn/69945413,KELOMPOK BERMAIN  KASIH MANDIRI,69945413,Jl. Rijali No.9 Samping Pabrik Sarinda,KEL KARANG PANJANG,KEC. SIRIMAU,KOTA AMBON,PROV. MALUKU,SWASTA,KB,"Kementerian Pendidikan, Kebudayaan, Riset dan Teknologi",Yayasan Kasih Mandiri,AM4765,303 TAHUN 2014,24-06-2014,303 TAHUN 2014,24-06-2014,Lihat SK Operasional,2016-06-23 11,B,500,1. Telkomsel Flash,2. -,PLN,,0911344846,,,.000000000000,.000000000000,1,0,0,0,2013,Pagi/6 hari,,2022/2023-2,Telkomsel Flash,900,4,0,0,2,0,0,2,0,1,0,0,0,0,1,0,1,0,0,0,0,1,0,0,0,0,1,0,4,0,0,0,0,0,0
Maluku,Kota Ambon,Sirimau,https://sekolah.data.kemdikbud.go.id/index.php/Chome/profil/F6638E58-7F87-4542-A8E6-C69E4CB967B4,https://referensi.data.kemdikbud.go.id/pendidikan/npsn/69995911,NAFISAH,69995911,STAIN KAHENA,BATU MERAH,KEC. SIRIMAU,KOTA AMBON,PROV. MALUKU,SWASTA,KB,"Kementerian Pendidikan, Kebudayaan, Riset dan Teknologi",Lainnya,,321 TAHUN 2019,13-12-2019,321 TAHUN 2019,13-12-2019,Silakan Upload SK,,B,200,1. Telkomsel Flash,2. Telkom Speedy,PLN,,,,,.000000000000,.000000000000,4,0,0,0,2013,Sehari Penuh/6 hari,,2022/2023-2,Telkomsel Flash,450,4,0,0,0,0,0,0,4,4,0,0,0,0,4,0,3,1,1,2,1,0,0,0,0,0,4,0,0,4,0,0,0,0,0
Maluku,Kota Ambon,Sirimau,https://sekolah.data.kemdikbud.go.id/index.php/Chome/profil/C09DA958-7F60-4EB2-BC5E-7503E17072BF,https://referensi.data.kemdikbud.go.id/pendidikan/npsn/70004025,PAUD TITIAN HARAPAN KEBUN CENGKEH,70004025,Jl KEBUN CENGKEH,BATU MERAH,KEC. SIRIMAU,KOTA AMBON,PROV. MALUKU,SWASTA,KB,"Kementerian Pendidikan, Kebudayaan, Riset dan Teknologi",,,133 TAHUN 2020,31-08-2020,133 TAHUN 2020,31-08-2020,Lihat SK Operasional,2020-09-03 12,,0,1. -,2. Telkom Speedy,PLN,,,,,.000000000000,.000000000000,1,0,0,0,2013,Pagi/6 hari,,2022/2023-2,Tidak Ada,"2,300",2,0,0,0,0,0,0,1,1,0,0,0,0,1,0,0,1,0,0,0,0,1,0,0,0,1,0,2,0,0,0,0,0,0
Maluku,Kota Ambon,Sirimau,https://sekolah.data.kemdikbud.go.id/index.php/Chome/profil/01141B4E-5F73-4D5E-821C-272077E2608D,https://referensi.data.kemdikbud.go.id/pendidikan/npsn/70027852,RA Almeera Islamic School,70027852,"Jl.Air Kuning,LRG Alaka,RT 005/018,Batu Merah Ambon",BATU MERAH,KEC. SIRIMAU,KOTA AMBON,PROV. MALUKU,SWASTA,RA,Kementerian Agama,,,,,227 TAHUN 2021,09-11-2021,Silakan Upload SK (link file tidak valid) => [198982-190045-https,2022-04-10 08,,300,,2.,,,,,,.000000000000,.000000000000,0,0,0,0,,,,2022/2023-2,,,0,0,0,0,0,0,0,0,0,0,0,0,0,0,0,0,0,0,0,0,0,0,0,0,,,,,,,,,,
Maluku,Kota Ambon,Sirimau,https://sekolah.data.kemdikbud.go.id/index.php/Chome/profil/84BCA7FB-CC60-4415-A5FA-E775246B1183,https://referensi.data.kemdikbud.go.id/pendidikan/npsn/69958258,RA Iftitah Al Ikhlas,69958258,Lorong Aspun Desa Batu Merah,BATU MERAH,KEC. SIRIMAU,KOTA AMBON,PROV. MALUKU,SWASTA,RA,Kementerian Agama,Lainnya,,150 Tahun 2016,21-05-2016,13/KW.02.5/PP.03.2//6/2016,21-06-2016,Silakan Upload SK (link file tidak valid) => [389721-857306--],2020-10-15 08,C,0,,2.,,,,,,-3.683500000000,128.223700000000,0,0,0,0,,,,2022/2023-2,,,0,0,0,0,0,0,0,0,0,0,0,0,0,0,0,0,0,0,0,0,0,0,0,0,,,,,,,,,,
Maluku,Kota Ambon,Sirimau,https://sekolah.data.kemdikbud.go.id/index.php/Chome/profil/313D92C2-6B87-43D3-915E-9441D9E118A0,https://referensi.data.kemdikbud.go.id/pendidikan/npsn/69854717,RA PAUD Mutiara Mardika,69854717,Jl. Mushollah Ikhwan Gedung Putih Mardika,BATU MERAH,KEC. SIRIMAU,KOTA AMBON,PROV. MALUKU,SWASTA,RA,Kementerian Agama,Lainnya,,kd.25.03/1/PP.02.3/39/2014,09-02-2014,Kd.25.03/1/PP.00.1/21/2014,09-02-2014,Lihat SK Operasional,2022-02-07 10,,0,,2.,,,,,,-3.688100000000,128.183900000000,0,0,0,0,,,,2022/2023-2,,,0,0,0,0,0,0,0,0,0,0,0,0,0,0,0,0,0,0,0,0,0,0,0,0,,,,,,,,,,
Maluku,Kota Ambon,Sirimau,https://sekolah.data.kemdikbud.go.id/index.php/Chome/profil/78830D57-5DFA-493E-9BF4-9CEA6DB9324E,https://referensi.data.kemdikbud.go.id/pendidikan/npsn/69971392,RA Perkasa Ambon,69971392,Jl. Air Kuning Lorong Silale Perumahan Guru,KEL KARANG PANJANG,KEC. SIRIMAU,KOTA AMBON,PROV. MALUKU,SWASTA,RA,Kementerian Agama,Lainnya,,,,,,Silakan Upload SK,,B,0,,2.,,,,,,.000000000000,.000000000000,0,0,0,0,,,,2022/2023-2,,,0,0,0,0,0,0,0,0,0,0,0,0,0,0,0,0,0,0,0,0,0,0,0,0,,,,,,,,,,
Maluku,Kota Ambon,Sirimau,https://sekolah.data.kemdikbud.go.id/index.php/Chome/profil/2C4F2C29-6FBA-4C9D-9507-E8B81A7A4AD6,https://referensi.data.kemdikbud.go.id/pendidikan/npsn/69963360,RA Permata Hati,69963360,Batu Merah,BATU MERAH,KEC. SIRIMAU,KOTA AMBON,PROV. MALUKU,SWASTA,RA,Kementerian Agama,Lainnya,,2016-05-13,13-05-2016,Nomor 121.B Tahun 2016,13-05-2016,Lihat SK Operasional,2018-03-19 12,B,0,,2.,,,,,,.000000000000,.000000000000,0,0,0,0,,,,2022/2023-2,,,0,0,0,0,0,0,0,0,0,0,0,0,0,0,0,0,0,0,0,0,0,0,0,0,,,,,,,,,,
Maluku,Kota Ambon,Sirimau,https://sekolah.data.kemdikbud.go.id/index.php/Chome/profil/D2C767C8-600C-4479-9111-5AFC29E5803B,https://referensi.data.kemdikbud.go.id/pendidikan/npsn/69752056,RA/BA/TA AL HIKMAH,69752056,JALAN RAYA IAIN NO. 43 AMBON,BATU MERAH,KEC. SIRIMAU,KOTA AMBON,PROV. MALUKU,SWASTA,RA,Kementerian Agama,,,kd.25.03/1/PP.00.1/270/2012,12-03-2012,kd.25.03/1/PP.00.1/61/2012,12-03-2012,Lihat SK Operasional,2021-11-08 01,A,0,,2.,,,,,,-3.725900000000,128.227600000000,0,0,0,0,,,,2022/2023-2,,,0,0,0,0,0,0,0,0,0,0,0,0,0,0,0,0,0,0,0,0,0,0,0,0,,,,,,,,,,
Maluku,Kota Ambon,Sirimau,https://sekolah.data.kemdikbud.go.id/index.php/Chome/profil/11A7781D-90CD-4B33-ABD8-5D3CA6137031,https://referensi.data.kemdikbud.go.id/pendidikan/npsn/69752058,RA/BA/TA AS SALAM,69752058,BTN MANUSELA BLOK A NO 3-4  KEBUN CENGKEH,BATU MERAH,KEC. SIRIMAU,KOTA AMBON,PROV. MALUKU,SWASTA,RA,Kementerian Agama,,,Kd.25.03/1/PP.02.3/110/2012,25-03-2012,Kd.25.03/1/PP.00.1/106/2012,25-03-2012,Lihat SK Operasional,2016-08-15 15,B,0,,2.,,,,,,-3.721200000000,128.244200000000,0,0,0,0,,,,2022/2023-2,,,0,0,0,0,0,0,0,0,0,0,0,0,0,0,0,0,0,0,0,0,0,0,0,0,,,,,,,,,,
Maluku,Kota Ambon,Sirimau,https://sekolah.data.kemdikbud.go.id/index.php/Chome/profil/7263A7C2-A6B9-42F3-99DC-C9E1D8965A29,https://referensi.data.kemdikbud.go.id/pendidikan/npsn/69752059,RA/BA/TA ISHAKA,69752059,JL. AHURU NO. 40,KEL AHUSEN,KEC. SIRIMAU,KOTA AMBON,PROV. MALUKU,SWASTA,RA,Kementerian Agama,,,,,,,Silakan Upload SK,,B,0,,2.,,,,,,-3.692300000000,128.188800000000,0,0,0,0,,,,2022/2023-2,,,0,0,0,0,0,0,0,0,0,0,0,0,0,0,0,0,0,0,0,0,0,0,0,0,,,,,,,,,,
Maluku,Kota Ambon,Sirimau,https://sekolah.data.kemdikbud.go.id/index.php/Chome/profil/13523D2F-BAE6-40A0-9CEA-F1341E912C15,https://referensi.data.kemdikbud.go.id/pendidikan/npsn/69752060,RA/BA/TA ITTAQOLLAH,69752060,JL. KEBUN CENGKEH,KEL BATU MEJA,KEC. SIRIMAU,KOTA AMBON,PROV. MALUKU,SWASTA,RA,Kementerian Agama,,,,,,,Silakan Upload SK,,,0,,2.,,,,,,-3.676300000000,128.194200000000,0,0,0,0,,,,2022/2023-2,,,0,0,0,0,0,0,0,0,0,0,0,0,0,0,0,0,0,0,0,0,0,0,0,0,,,,,,,,,,
Maluku,Kota Ambon,Sirimau,https://sekolah.data.kemdikbud.go.id/index.php/Chome/profil/C931BF3B-406B-477E-89DE-2EAD40DA0E32,https://referensi.data.kemdikbud.go.id/pendidikan/npsn/69752063,RA/BA/TA YAA BUNAYYA HIDAYATULLAH,69752063,JL. POROS STAIN KAMPUNG WARA AMBON,KEL KARANG PANJANG,KEC. SIRIMAU,KOTA AMBON,PROV. MALUKU,SWASTA,RA,Kementerian Agama,,,,,,,Silakan Upload SK,,B,0,,2.,,,,,,-3.662400000000,128.197000000000,0,0,0,0,,,,2022/2023-2,,,0,0,0,0,0,0,0,0,0,0,0,0,0,0,0,0,0,0,0,0,0,0,0,0,,,,,,,,,,
Maluku,Kota Ambon,Sirimau,https://sekolah.data.kemdikbud.go.id/index.php/Chome/profil/7CFC677E-10B1-4683-A2ED-0872630C8586,https://referensi.data.kemdikbud.go.id/pendidikan/npsn/60103785,TK ADHIYAKSA,60103785,JL. IMAM BONJOL,SOYA,KEC. SIRIMAU,KOTA AMBON,PROV. MALUKU,SWASTA,TK,"Kementerian Pendidikan, Kebudayaan, Riset dan Teknologi",Yayasan ADHYAKSA DHARMA KARTINI,AK9051,P-1011/0-1/Bp.2/8/1987,10-08-1987,74 tahun 2013,06-02-2013,Lihat SK Operasional,2023-02-16 20,A,"1,290",1. -,2. Lainnya (Serat Optik),PLN,,,tkadhiyaksa27@gmail.com,,.000000000000,.000000000000,5,0,0,0,2013,Pagi/6 hari,,2022/2023-2,Tidak Ada,"1,300",6,0,1,1,0,0,4,1,5,0,0,0,1,4,1,4,0,0,1,2,1,1,0,0,0,5,2,2,2,0,1,0,0,0
Maluku,Kota Ambon,Sirimau,https://sekolah.data.kemdikbud.go.id/index.php/Chome/profil/41353A04-46D8-4776-9C24-C0F976E39498,https://referensi.data.kemdikbud.go.id/pendidikan/npsn/69929375,TK AL FATAH,69929375,JL SULTAN BABULAH,KEL HONIPOPU,KEC. SIRIMAU,KOTA AMBON,PROV. MALUKU,SWASTA,TK,"Kementerian Pendidikan, Kebudayaan, Riset dan Teknologi",Yayasan WAKAF AL FATAH,AM4804,09 TAHUN 2005,11-05-2005,09 TAHUN 2005,11-05-2005,Lihat SK Operasional,2016-01-08 13,A,"1,540",1. -,2. -,PLN,,,,,-5.443757000000,114.421127000000,5,0,0,0,2013,Pagi/6 hari,,2022/2023-2,Tidak Ada,"1,300",3,0,0,0,0,0,3,2,5,0,0,0,1,4,3,1,1,1,0,2,1,0,0,1,0,5,1,0,2,0,0,0,0,0
Maluku,Kota Ambon,Sirimau,https://sekolah.data.kemdikbud.go.id/index.php/Chome/profil/8EB5B847-D354-49C5-8FA1-8C9FD88D17CA,https://referensi.data.kemdikbud.go.id/pendidikan/npsn/60103754,TK ALHILAAL 2,60103754,BATU MERAH,SOYA,KEC. SIRIMAU,KOTA AMBON,PROV. MALUKU,SWASTA,TK,"Kementerian Pendidikan, Kebudayaan, Riset dan Teknologi",Yayasan MAPELWA,AM4760,04 tahun 2007,01-02-2007,04 tahun 2007,01-02-2007,Lihat SK Operasional,2023-02-18 22,B,200,1. -,2. -,PLN,,,,http,-3.680932000000,128.187951000000,2,0,0,0,2013,Pagi/6 hari,,2022/2023-2,Tidak Ada,900,1,0,0,0,1,0,1,0,1,0,0,1,1,1,1,1,0,0,1,0,0,0,0,1,0,2,1,0,0,0,0,0,0,0
Maluku,Kota Ambon,Sirimau,https://sekolah.data.kemdikbud.go.id/index.php/Chome/profil/32DC8F2D-C50E-45E0-A722-1D337B8F4279,https://referensi.data.kemdikbud.go.id/pendidikan/npsn/60103793,TK ANYELIR 1,60103793,JL. PIER TENDEAN,GALALA,KEC. SIRIMAU,KOTA AMBON,PROV. MALUKU,SWASTA,TK,"Kementerian Pendidikan, Kebudayaan, Riset dan Teknologi",Yayasan PERSATUAN KOTA AMBON,AM4761,40,28-08-2017,08/I 17.C1/M/94,05-01-1994,Silakan Upload SK (link file tidak valid) => [787893-410371--],2023-02-28 11,B,353,1. Lainnya,2. Telkomsel Flash,PLN,,,tkanyelirgalala@yahoo.com,,.000000000000,.000000000000,3,0,0,0,2013,Sehari Penuh/5 hari,,2022/2023-2,Lainnya,900,3,0,0,2,0,0,3,0,3,0,0,0,0,3,0,3,0,0,0,1,1,0,0,1,0,3,3,0,0,0,0,0,0,0
Maluku,Kota Ambon,Sirimau,https://sekolah.data.kemdikbud.go.id/index.php/Chome/profil/338B98CB-C044-4801-8614-C07711E42880,https://referensi.data.kemdikbud.go.id/pendidikan/npsn/69929374,TK AR ISRA,69929374,JL HATUMENA AIR BESAR,BATU MERAH,KEC. SIRIMAU,KOTA AMBON,PROV. MALUKU,SWASTA,TK,"Kementerian Pendidikan, Kebudayaan, Riset dan Teknologi",,,73 TAHUN 2013,06-02-2013,73 TAHUN 2013,06-02-2013,Lihat SK Operasional,2016-01-08 13,C,484,1. -,2. -,PLN,,,,,.000000000000,.000000000000,0,0,0,0,2013,Pagi/6 hari,,2022/2023-2,Tidak Ada,120,1,0,0,0,0,0,0,0,0,0,0,0,0,0,0,0,0,0,0,0,0,0,0,0,0,0,0,0,1,0,0,0,0,0
Maluku,Kota Ambon,Sirimau,https://sekolah.data.kemdikbud.go.id/index.php/Chome/profil/590FEAE9-4FCB-4459-89A8-03C3967CF86B,https://referensi.data.kemdikbud.go.id/pendidikan/npsn/60103795,TK BHAYANGKARI 1,60103795,JL. JENDERAL SOEDIRMAN,PANDAN KASTURI,KEC. SIRIMAU,KOTA AMBON,PROV. MALUKU,SWASTA,TK,"Kementerian Pendidikan, Kebudayaan, Riset dan Teknologi",Yayasan Kemala Bhayangkari,AA0760,73 TAHUN 2009,16-12-2009,73 TAHUN 2009,16-12-2009,Lihat SK Operasional,2023-02-16 06,B,"1,950",1. -,2. -,PLN,,,tkbhayangkari77@gmail.com,,.000000000000,.000000000000,2,0,0,0,2013,Pagi/6 hari,,2022/2023-2,Tidak Ada,120,2,0,0,1,0,0,1,1,2,0,0,0,1,1,0,2,0,0,0,1,0,1,0,0,0,2,0,2,0,0,0,0,0,0
Maluku,Kota Ambon,Sirimau,https://sekolah.data.kemdikbud.go.id/index.php/Chome/profil/2F942F10-3446-4C2E-9C11-8A2986AD8258,https://referensi.data.kemdikbud.go.id/pendidikan/npsn/69930451,TK CARITAS AMBON,69930451,JL CH. M TIAHAHU,KEL KARANG PANJANG,KEC. SIRIMAU,KOTA AMBON,PROV. MALUKU,SWASTA,TK,"Kementerian Pendidikan, Kebudayaan, Riset dan Teknologi",YAYASAN PENDIDIKAN KRISTEN CARITAS,AM4769,42 B TAHUN 2009,04-11-2009,42 B TAHUN 2009,04-11-2009,Lihat SK Operasional,2016-01-19 08,A,0,1. -,2. Telkomsel Flash,PLN,,0911351333,tkkristencaritas@gmail.com,http,-5.443757000000,114.421127000000,2,0,0,0,2013,Sehari Penuh/5 hari,,2022/2023-2,Tidak Ada,"16,500",2,0,1,0,0,0,2,0,2,0,0,0,0,2,0,2,0,0,0,0,1,0,1,0,0,2,2,0,0,0,1,0,0,0
Maluku,Kota Ambon,Sirimau,https://sekolah.data.kemdikbud.go.id/index.php/Chome/profil/07B39339-E911-454B-A6B7-C4C11C16DE06,https://referensi.data.kemdikbud.go.id/pendidikan/npsn/60103799,TK CIARYLENE,60103799,KARPAN,WAIHOKA,KEC. SIRIMAU,KOTA AMBON,PROV. MALUKU,SWASTA,TK,"Kementerian Pendidikan, Kebudayaan, Riset dan Teknologi",YAYASAN CIARYLENE,AK9046,02/Kpts/YC/2007,30-06-2007,04 TAHUN 2008,01-02-2008,Lihat SK Operasional,2021-08-22 11,A,"1,688",1. Telkomsel Flash,2. Telkomsel Flash,PLN,,,tkciarylene@gmail.com,,.000000000000,.000000000000,3,0,0,0,2013,Sehari Penuh/5 hari,,2022/2023-2,Telkomsel Flash,450,2,0,0,2,0,0,4,0,3,0,0,0,1,2,0,3,0,0,0,1,0,2,0,0,1,2,0,2,0,0,0,0,0,0
Maluku,Kota Ambon,Sirimau,https://sekolah.data.kemdikbud.go.id/index.php/Chome/profil/EC105983-72FD-4CE8-BF5D-492788F7D0BE,https://referensi.data.kemdikbud.go.id/pendidikan/npsn/60103801,TK CINTICHE,60103801,JL. Dr Setiabudhi,KEL AHUSEN,KEC. SIRIMAU,KOTA AMBON,PROV. MALUKU,SWASTA,TK,"Kementerian Pendidikan, Kebudayaan, Riset dan Teknologi",,,NOMOR 37,23-10-1996,04 TAHUN 2008,01-02-2008,Silakan Upload SK (link file tidak valid) => [783056-312180--],2023-02-21 08,A,"1,157",1. -,2. -,PLN,,,tksintiche01@gmail.com,,.000000000000,.000000000000,3,0,0,0,2013,Pagi/6 hari,,2022/2023-2,Tidak Ada,"1,300",3,0,0,1,1,0,1,2,2,0,1,0,0,3,1,1,1,0,0,1,0,0,1,1,0,3,3,0,0,0,0,0,0,0
Maluku,Kota Ambon,Sirimau,https://sekolah.data.kemdikbud.go.id/index.php/Chome/profil/122B400E-38D6-4F8A-842A-BDCE47D0B7E6,https://referensi.data.kemdikbud.go.id/pendidikan/npsn/60103802,TK ELSYADAY,60103802,JL. RIJALI,KEL RIJALI,KEC. SIRIMAU,KOTA AMBON,PROV. MALUKU,SWASTA,TK,"Kementerian Pendidikan, Kebudayaan, Riset dan Teknologi",Yayasan ELSHADDAI,AM4757,03,05-09-2005,04 tahun 2008,01-02-2007,Silakan Upload SK (link file tidak valid) => [789331-648724--],2023-03-01 05,B,170,1. Telkom Speedy,2. Telkomsel Flash,PLN,,0911354796,tkelshaddai05@gmail.com,,.000000000000,.000000000000,3,0,0,0,2013,Pagi/6 hari,,2022/2023-2,Telkom Speedy,0,2,0,0,0,0,0,2,2,3,0,0,0,0,3,1,2,0,0,0,2,1,0,0,0,0,3,2,0,0,0,0,0,0,0
Maluku,Kota Ambon,Sirimau,https://sekolah.data.kemdikbud.go.id/index.php/Chome/profil/E6380E20-6B90-4A43-9550-6DD3F8CB72CF,https://referensi.data.kemdikbud.go.id/pendidikan/npsn/69959915,TK HATUKAU,69959915,JL SULTAN HASSANUDIN,BATU MERAH,KEC. SIRIMAU,KOTA AMBON,PROV. MALUKU,SWASTA,TK,"Kementerian Pendidikan, Kebudayaan, Riset dan Teknologi",Lainnya,AM4827,692 TAHUN 2016,02-08-2016,692 TAHUN 2016,02-08-2016,Lihat SK Operasional,2017-02-27 15,B,0,1. -,2. -,PLN,,,ahlasilehu10@gmail.com,,.000000000000,.000000000000,2,0,0,0,2013,Pagi/6 hari,,2022/2023-2,Tidak Ada,"1,300",1,0,0,0,0,0,2,0,2,0,0,0,0,2,1,0,1,0,0,1,1,0,0,0,0,2,1,0,0,0,0,0,0,0
Maluku,Kota Ambon,Sirimau,https://sekolah.data.kemdikbud.go.id/index.php/Chome/profil/4B8B9604-F281-4BA1-90FA-5F312AC34BA4,https://referensi.data.kemdikbud.go.id/pendidikan/npsn/60103804,TK IHUWAKU,60103804,KAYU PUTIH,SOYA,KEC. SIRIMAU,KOTA AMBON,PROV. MALUKU,SWASTA,TK,"Kementerian Pendidikan, Kebudayaan, Riset dan Teknologi",Yayasan MAPELWA,AM4760,049/DSS/TK/IX/94,05-09-1976,70 TAHUN 2014,16-12-2014,Lihat SK Operasional,2023-02-16 06,C,0,1. -,2. -,PLN,,,,,-3.706050000000,128.193862000000,1,0,0,0,2013,Pagi/6 hari,,2022/2023-2,Tidak Ada,898,1,0,0,0,0,0,2,0,1,0,0,0,0,1,0,1,0,0,0,0,0,0,0,1,0,1,1,0,0,0,0,0,0,0
Maluku,Kota Ambon,Sirimau,https://sekolah.data.kemdikbud.go.id/index.php/Chome/profil/F2D8A146-2403-4B55-AF70-E1ED98EF8E66,https://referensi.data.kemdikbud.go.id/pendidikan/npsn/60103762,TK KARTIKA XVII-1,60103762,SLAMET RIYADI,URITETU,KEC. SIRIMAU,KOTA AMBON,PROV. MALUKU,SWASTA,TK,"Kementerian Pendidikan, Kebudayaan, Riset dan Teknologi",Yayasan Kartika Jaya Cabang XIII Pattimura,AM4751,1-XVII-PPAT-2009,12-02-2009,-118/I17.71/DS/97,24-11-2018,Lihat SK Operasional,2018-12-31 18,B,950,1. Telkom Speedy,2. Telkomsel Flash,PLN,,,tkkartikaxiii.1@gmail.com,,.000000000000,.000000000000,2,0,0,0,2013,Sehari Penuh/5 hari,,2022/2023-2,Telkom Speedy,900,2,0,1,0,0,0,3,0,2,0,0,0,0,2,0,1,1,1,0,0,1,0,0,0,0,2,0,1,1,0,0,0,1,0
Maluku,Kota Ambon,Sirimau,https://sekolah.data.kemdikbud.go.id/index.php/Chome/profil/10D28082-D501-4FBA-ABDA-44A532EAFEEF,https://referensi.data.kemdikbud.go.id/pendidikan/npsn/69922548,TK KASIH IBU,69922548,Jl.Ina Tuni Raya No.2,KEL KARANG PANJANG,KEC. SIRIMAU,KOTA AMBON,PROV. MALUKU,SWASTA,TK,"Kementerian Pendidikan, Kebudayaan, Riset dan Teknologi",Yayasan PENDIDIKAN KASIH IBU MALUKU,AM4753,69 TAHUN 2009,16-12-2009,69 TAHUN 2009,16-12-2009,Silakan Upload SK (link file tidak valid) => [586836-99968--],2022-02-07 10,A,"2,500",1. Telkomsel Flash,2. Telkom Speedy,PLN,,,paudkasihibukarpan@gmail.com,,.000000000000,.000000000000,6,0,0,0,2013,Pagi/6 hari,,2022/2023-2,Telkomsel Flash,"1,300",4,0,1,2,1,0,5,0,5,0,1,0,2,4,1,4,1,0,0,0,3,1,2,0,0,6,0,4,0,0,0,1,0,0
Maluku,Kota Ambon,Sirimau,https://sekolah.data.kemdikbud.go.id/index.php/Chome/profil/0A4801E1-D841-465F-98AB-6F7B25B111AC,https://referensi.data.kemdikbud.go.id/pendidikan/npsn/60103807,TK KRISTEN BELAKANG SOYA,60103807,JL. RIJALY,SOYA,KEC. SIRIMAU,KOTA AMBON,PROV. MALUKU,SWASTA,TK,"Kementerian Pendidikan, Kebudayaan, Riset dan Teknologi",YAYASAN PERSEKOLAHAN KRISTEN PROTESTAN MALUKU (YPKPM),AM4799,17/II7.71/DS/99,20-05-1999,074/B-2/YPKPM/95,21-04-1995,Lihat SK Operasional,2023-02-17 08,B,"1,600",1. -,2. -,Menumpang,,,,,.000000000000,.000000000000,1,0,0,0,2013,Pagi/6 hari,,2022/2023-2,Tidak Ada,"1,300",0,0,0,0,0,0,1,0,1,0,0,0,0,1,0,1,0,0,0,0,1,0,0,0,0,1,0,0,0,2,0,0,0,0
Maluku,Kota Ambon,Sirimau,https://sekolah.data.kemdikbud.go.id/index.php/Chome/profil/5AB28088-BC72-4D06-8ED2-4374616AF345,https://referensi.data.kemdikbud.go.id/pendidikan/npsn/60103808,TK KRISTEN KALAM KUDUS,60103808,JL. CENDRAWASIH,SOYA,KEC. SIRIMAU,KOTA AMBON,PROV. MALUKU,SWASTA,TK,"Kementerian Pendidikan, Kebudayaan, Riset dan Teknologi",Yayasan Kalam Kudus Indonesia Cabang Ambon,AM4774,23/117.71/99,08-06-1999,23/117.71/99,26-07-2022,Silakan Upload SK (link file tidak valid) => [788080-845928--],2023-02-28 11,A,625,1. Telkomsel Flash,2. Telkom Speedy,PLN,0911343332,0911353025,tkkalamkudusamq@gmail.com,http,.000000000000,.000000000000,7,0,0,0,2013,Sehari Penuh/5 hari,,2022/2023-2,Telkomsel Flash,"16,000",3,0,1,2,0,0,3,5,7,0,0,0,0,7,1,2,4,2,1,2,1,1,0,0,0,7,2,1,0,0,0,1,0,0
Maluku,Kota Ambon,Sirimau,https://sekolah.data.kemdikbud.go.id/index.php/Chome/profil/56998FD3-0681-40CF-8DDF-F7D0BE1806CF,https://referensi.data.kemdikbud.go.id/pendidikan/npsn/60103765,TK KRISTEN URIMESING,60103765,Jl. DIPONEGORO URIMESING,KEL AHUSEN,KEC. SIRIMAU,KOTA AMBON,PROV. MALUKU,SWASTA,TK,"Kementerian Pendidikan, Kebudayaan, Riset dan Teknologi",YAYASAN PERSEKOLAHAN KRISTEN PROTESTAN MALUKU (YPKPM),AM4799,17/117.71/DS/99,20-05-1999,17/117.71/DS/99,20-05-1999,Lihat SK Operasional,2023-03-01 16,B,300,1. -,2. Telkomsel Flash,PLN,,,,,.000000000000,.000000000000,3,0,0,0,2013,Sehari Penuh/5 hari,,2022/2023-2,Tidak Ada,750,2,0,0,1,0,0,2,1,2,0,1,0,0,3,1,0,2,1,0,0,0,0,1,1,0,3,0,2,0,0,0,0,0,0
Maluku,Kota Ambon,Sirimau,https://sekolah.data.kemdikbud.go.id/index.php/Chome/profil/E9A11D6A-838B-4E36-BFEF-5BC88DB73C57,https://referensi.data.kemdikbud.go.id/pendidikan/npsn/60103767,TK KUNTUM CERIA,60103767,TANA RATA NO 9,SOYA,KEC. SIRIMAU,KOTA AMBON,PROV. MALUKU,SWASTA,TK,"Kementerian Pendidikan, Kebudayaan, Riset dan Teknologi",Yayasan MAPELWA,AM4760,12,08-04-2005,10 Tahun 2005,13-05-2005,Lihat SK Operasional,2023-02-16 06,B,600,1. -,2. -,PLN,,,tkkuntumceria@gmail.com,,.000000000000,.000000000000,5,0,0,0,2013,Pagi/6 hari,,2022/2023-2,Tidak Ada,"1,300",2,0,0,0,1,0,4,0,4,1,0,0,0,5,1,3,1,0,1,1,0,2,1,0,0,5,2,0,0,0,0,0,0,0
Maluku,Kota Ambon,Sirimau,https://sekolah.data.kemdikbud.go.id/index.php/Chome/profil/F3AFCBBF-23E7-49AB-BD6E-01A4FBFB8B78,https://referensi.data.kemdikbud.go.id/pendidikan/npsn/69922463,TK NURUL INSAN,69922463,JL JENDERAL SUDIRMAN,HATIVE KECIL,KEC. SIRIMAU,KOTA AMBON,PROV. MALUKU,SWASTA,TK,"Kementerian Pendidikan, Kebudayaan, Riset dan Teknologi",Lainnya,AM4776,440 TAHUN 2015,30-06-2015,440 TAHUN 2015,30-06-2015,Lihat SK Operasional,2015-12-02 15,A,180,1. Telkomsel Flash,2. Telkom Speedy,PLN,,,nipaud@outlook.co.id,,-3.672897000000,128.200541000000,3,0,0,0,2013,Pagi/6 hari,,2022/2023-2,Telkomsel Flash,"2,499",4,0,0,2,1,0,2,0,3,0,0,0,1,2,1,1,1,0,1,0,2,0,0,0,0,3,2,1,1,0,0,0,0,0
Maluku,Kota Ambon,Sirimau,https://sekolah.data.kemdikbud.go.id/index.php/Chome/profil/17E733A4-5D6B-46B8-9CA4-8371FDB1F9F9,https://referensi.data.kemdikbud.go.id/pendidikan/npsn/69752062,TK PERKASA,69752062,LORONG SILALE AIR KUNING,BATU MERAH,KEC. SIRIMAU,KOTA AMBON,PROV. MALUKU,SWASTA,TK,"Kementerian Pendidikan, Kebudayaan, Riset dan Teknologi",Yayasan Perkasa,AM4758,45.C TAHUN 2009,09-11-2009,45.C TAHUN 2009,09-11-2009,Lihat SK Operasional,2016-06-01 09,B,200,,2.,,,,tkperkasa@yahoo.com,,-3.765500000000,128.106700000000,0,0,0,0,,,,2022/2023-2,,,0,0,0,0,0,0,0,0,0,0,0,0,0,0,0,0,0,0,0,0,0,0,0,0,,,0,0,0,0,0,0,0,0
Maluku,Kota Ambon,Sirimau,https://sekolah.data.kemdikbud.go.id/index.php/Chome/profil/8BC51BEE-5004-4694-9F13-CD57AC9ECF24,https://referensi.data.kemdikbud.go.id/pendidikan/npsn/60103816,TK PERTIWI 1,60103816,Jl. Ina Tuni No 3,KEL AMANTELU,KEC. SIRIMAU,KOTA AMBON,PROV. MALUKU,SWASTA,TK,"Kementerian Pendidikan, Kebudayaan, Riset dan Teknologi",,,C.69-HT.03.01 Th.1991,13-02-1996,279/I 17/M/95,05-10-1995,Lihat SK Operasional,2021-02-10 20,A,448,1. -,2. -,PLN,,,tkpertiwikarpan@gmail.com,http,-3.695279000000,128.190794000000,2,0,0,0,2013,Pagi/6 hari,,2022/2023-2,Tidak Ada,900,2,0,1,1,0,0,2,1,2,0,0,0,1,1,0,1,1,0,0,1,1,0,0,0,0,2,0,0,2,0,0,1,0,0
Maluku,Kota Ambon,Sirimau,https://sekolah.data.kemdikbud.go.id/index.php/Chome/profil/5FA265EA-9ACB-4BF0-AAFA-9A6161BE68E9,https://referensi.data.kemdikbud.go.id/pendidikan/npsn/60103823,TK SIRIMAU,60103823,SOYA,SOYA,KEC. SIRIMAU,KOTA AMBON,PROV. MALUKU,SWASTA,TK,"Kementerian Pendidikan, Kebudayaan, Riset dan Teknologi",Yayasan MAPELWA,AM4760,14/05/VIII/2005,20-08-2005,24 Tahun 2005,10-09-2005,Lihat SK Operasional,2023-02-17 09,B,81,1. -,2. -,PLN,,,,,.000000000000,.000000000000,3,0,0,0,2013,Pagi/6 hari,,2022/2023-2,Tidak Ada,899,1,0,0,0,0,0,0,3,3,0,0,0,0,3,0,0,3,3,0,0,0,0,0,0,0,3,1,0,0,0,0,0,0,0
Maluku,Kota Ambon,Sirimau,https://sekolah.data.kemdikbud.go.id/index.php/Chome/profil/8161C16D-75F8-49E5-8A21-01EA61DDDD23,https://referensi.data.kemdikbud.go.id/pendidikan/npsn/60103826,TK TABITHA 3,60103826,JL. SKIP NO. 2,KEL BATU MEJA,KEC. SIRIMAU,KOTA AMBON,PROV. MALUKU,SWASTA,TK,"Kementerian Pendidikan, Kebudayaan, Riset dan Teknologi",Yayasan TABITHA PWKI,AM4763,284/I 17/M/95,08-11-1995,284/I 17/M/95,08-11-1995,Lihat SK Operasional,2023-02-17 08,C,156,1. -,2. -,PLN,,,tktabitatiga@gmail.com,,.000000000000,.000000000000,1,0,0,0,2013,Pagi/6 hari,,2022/2023-2,Tidak Ada,120,0,0,0,0,0,0,1,0,1,0,0,0,0,1,0,1,0,0,0,0,0,1,0,0,0,1,0,0,0,1,0,0,0,0
Maluku,Kota Ambon,Sirimau,https://sekolah.data.kemdikbud.go.id/index.php/Chome/profil/45A808AD-BBF8-4B74-9DC0-82EDF2E2F9DD,https://referensi.data.kemdikbud.go.id/pendidikan/npsn/60103827,TK TALENTA,60103827,JL. RAYA PATTIMURA,SOYA,KEC. SIRIMAU,KOTA AMBON,PROV. MALUKU,SWASTA,TK,"Kementerian Pendidikan, Kebudayaan, Riset dan Teknologi",Yayasan YPP-AMGPM,AM4783,02,02-04-2014,284/I 17/M/95,08-11-1995,Lihat SK Operasional,2023-02-17 08,A,"93,517",1. -,2. Lainnya (Serat Optik),PLN,,,tktalenta60@gmail.com,,-.795131000000,113.917743000000,3,0,0,0,2013,Pagi/6 hari,,2022/2023-2,Tidak Ada,"1,300",3,0,0,1,1,0,2,0,2,1,0,0,0,3,1,2,0,0,0,1,0,1,0,1,0,3,3,0,0,0,0,0,0,0
Maluku,Kota Ambon,Sirimau,https://sekolah.data.kemdikbud.go.id/index.php/Chome/profil/75B43508-0CAB-42F0-96B4-CB6DF2F2171F,https://referensi.data.kemdikbud.go.id/pendidikan/npsn/69943714,TK TELADAN ALHILAAL,69943714,JL KENANGA,BATU MERAH,KEC. SIRIMAU,KOTA AMBON,PROV. MALUKU,SWASTA,TK,"Kementerian Pendidikan, Kebudayaan, Riset dan Teknologi",YAYASAN CIPTA ANAK NUSA,AK9047,B.1656/SET/SD/MAL/69,04-06-1969,04 TAHUN 2008,01-02-2007,Lihat SK Operasional,2016-05-11 12,B,260,1. -,2. -,PLN,,,tkteladanalhilaal@gmail.com,,.000000000000,.000000000000,1,0,0,0,2013,Pagi/6 hari,,2022/2023-2,Tidak Ada,120,1,0,0,0,0,0,1,0,1,0,0,0,0,1,1,0,0,0,0,1,0,0,0,0,0,1,0,0,1,0,0,0,0,0
Maluku,Kota Ambon,Sirimau,https://sekolah.data.kemdikbud.go.id/index.php/Chome/profil/4478C9AE-6417-48B3-9FEF-358AAF876F52,https://referensi.data.kemdikbud.go.id/pendidikan/npsn/60103829,TK XAVERIUS,60103829,JL. RAYA PATTIMURA NO. 15,URITETU,KEC. SIRIMAU,KOTA AMBON,PROV. MALUKU,SWASTA,TK,"Kementerian Pendidikan, Kebudayaan, Riset dan Teknologi",Yayasan Asti Dharma Maluku,AC6610,48/I 17.71/DS/98,20-05-1998,48/I 17.71/DS/98,20-05-1998,Silakan Upload SK (link file tidak valid) => [628997-207371--],2022-05-29 21,A,629,1. -,2. Telkom Speedy,PLN,,,tkxaverius.ambon21@gmail.com,,-3.702500000000,128.181400000000,5,0,0,0,2013,Sehari Penuh/5 hari,,2022/2023-2,Tidak Ada,"1,300",5,0,0,4,0,0,5,0,5,0,0,0,0,5,0,5,0,0,0,2,1,0,2,0,0,5,5,0,0,0,0,0,0,0
Maluku,Kota Ambon,Sirimau,https://sekolah.data.kemdikbud.go.id/index.php/Chome/profil/63F530DB-03D4-4BEC-9990-63D485B5FE1B,https://referensi.data.kemdikbud.go.id/pendidikan/npsn/69985845,TUNAS HARAPAN,69985845,Jl. PERUMTEL KAYU TIGA,SOYA,KEC. SIRIMAU,KOTA AMBON,PROV. MALUKU,SWASTA,KB,"Kementerian Pendidikan, Kebudayaan, Riset dan Teknologi",,,20 TAHUN 2019,11-02-2019,20 TAHUN 2019,11-02-2019,Lihat SK Operasional,2019-02-27 09,B,0,1. -,2. Telkomsel Flash,PLN,,,tunasharapankayutiga@gmail.com,http,.000000000000,.000000000000,2,0,0,0,2013,Pagi/6 hari,,2022/2023-2,Tidak Ada,"1,200",3,0,0,0,0,0,0,2,2,0,0,0,0,2,0,0,2,0,0,1,0,0,1,0,0,2,3,0,0,0,0,0,0,0
