prov_name,kab_name,kec_name,link_sekolah_kita,link_referensi,nama,npsn,alamat,desa/kelurahan,kecamatan/kota_(ln),kab.-kota/negara_(ln),propinsi/luar_negeri_(ln),status_sekolah,bentuk_pendidikan,kementerian_pembina,naungan,npyp,no._sk._pendirian,tanggal_sk._pendirian,nomor_sk_operasional,tanggal_sk_operasional,file_sk_operasional,tanggal_upload_sk_op.,akreditasi,luas_tanah,akses_internet,akses_internet_2,sumber_listrik,fax,telepon,email,website,lintang,bujur,guru,siswa_laki_laki,siswa_perempuan,rombongan_belajar,penyelenggaraan,manajemen_berbasis_sekolah,semester_data,daya_listrik,ruang_kelas,laboratorium,perpustakaan,sanitasi_siswa,guru_pns,guru_gtt,guru_gty,guru_honor,guru_gol_i,guru_gol_ii,guru_gol_iii,guru_gol_iv,guru_sertifikasi,guru_belum_sertifikasi,guru_kurang_dari_s1,guru_s1_atau_lebih,guru_data_kosong,guru_kurang_dari_30_tahun,guru_31_35_tahun,guru_36_40,guru_41_45_tahun,guru_46_50_tahun,guru_51_55_tahun,guru_lebih_dari_55_tahun,guru_laki_laki,guru_perempuan,ruang_kelas_baik,ruang_kelas_rusak_ringan,ruang_kelas_rusak_sedang,ruang_kelas_rusak_berat,perpustakaan_baik,perpustakaan_rusak_ringan,perpustakaan_rusak_sedang,perpustakaan_rusak_berat,kurikulum,akses_internet_sekolah_kita,rombel_tingkat_1,rombel_tingkat_2,rombel_tingkat_3,rombel_tingkat_4,rombel_tingkat_5,rombel_tingkat_6,rombel_tingkat_7,rombel_tingkat_8,rombel_tingkat_9
Jawa Barat,Kota Cimahi,Cimahi Utara,https://sekolah.data.kemdikbud.go.id/index.php/Chome/profil/A9CE1EAE-1B64-4EA4-A2D9-D40C50B5AEFF,https://referensi.data.kemdikbud.go.id/pendidikan/npsn/60710075,MI AL-FARISY,60710075,JL. CIhanjuang No. 237 RT 03 RW 11,CIBABAT,KEC. CIMAHI UTARA,KOTA CIMAHI,PROV. JAWA BARAT,SWASTA,MI,Kementerian Agama,,,Mi.30/IV/PP.03.2/075/2004,15-01-2004,Kd 10.24/4/PP.00.4/339/2010,28-07-2010,Lihat SK Operasional,2021-02-04 17,B,"1,400",,2.,,,,,,-6.865400000000,107.560700000000,0,50,39,0,,,2022/2023-2,,0,0,0,0,0,0,0,0,0,0,0,0,0,0,0,0,0,0,0,0,0,0,0,0,,,,,,,,,,,,,,,,,,,,,
Jawa Barat,Kota Cimahi,Cimahi Utara,https://sekolah.data.kemdikbud.go.id/index.php/Chome/profil/9592198B-FEF4-4202-B56A-859DBCB37170,https://referensi.data.kemdikbud.go.id/pendidikan/npsn/60710076,MI ASIH PUTERA,60710076,Jl. JEND. H. AMIR MACHMUD Gg. H. MUSTOFA NO. 205,CIBABAT,KEC. CIMAHI UTARA,KOTA CIMAHI,PROV. JAWA BARAT,SWASTA,MI,Kementerian Agama,Yayasan Asih Putera,AN9243,AHU-5127.AH.01.04.Tahun 2010,27-12-2010,Kd 10.24/4/PP.00.4/339/2010,28-07-2010,Lihat SK Operasional,2020-12-28 07,A,0,,2.,,,,,,-6.882700000000,107.555100000000,0,278,269,0,,,2022/2023-2,,0,0,0,0,0,0,0,0,0,0,0,0,0,0,0,0,0,0,0,0,0,0,0,0,,,,,,,,,,,,,,,,,,,,,
Jawa Barat,Kota Cimahi,Cimahi Utara,https://sekolah.data.kemdikbud.go.id/index.php/Chome/profil/D2A19648-E866-402B-BA71-F6BB62870B34,https://referensi.data.kemdikbud.go.id/pendidikan/npsn/69956198,MI HIJRATUL FATH,69956198,"Kp. Lebak Saat, Jl. Karya Bakti RT 01 RW 18",CIPAGERAN,KEC. CIMAHI UTARA,KOTA CIMAHI,PROV. JAWA BARAT,SWASTA,MI,Kementerian Agama,Lainnya,,,31-12-2017,,31-12-2017,Silakan Upload SK,,C,0,,2.,,,,,,-6.844300000000,107.541200000000,0,43,33,0,,,2022/2023-2,,0,0,0,0,0,0,0,0,0,0,0,0,0,0,0,0,0,0,0,0,0,0,0,0,,,,,,,,,,,,,,,,,,,,,
Jawa Barat,Kota Cimahi,Cimahi Utara,https://sekolah.data.kemdikbud.go.id/index.php/Chome/profil/F0AB1320-3473-48D6-90CF-2C08805E49B4,https://referensi.data.kemdikbud.go.id/pendidikan/npsn/69819536,MI ROUDHOTUL ILMI,69819536,Jl. Cikendal No. 10 Rt. 05 Rw. 04 Kel. Cipageran,CIPAGERAN,KEC. CIMAHI UTARA,KOTA CIMAHI,PROV. JAWA BARAT,SWASTA,MI,Kementerian Agama,,,,15-07-2013,,,Silakan Upload SK,,B,0,,2.,,,,,,-6.857900000000,107.543100000000,0,78,72,0,,,2022/2023-2,,0,0,0,0,0,0,0,0,0,0,0,0,0,0,0,0,0,0,0,0,0,0,0,0,,,,,,,,,,,,,,,,,,,,,
Jawa Barat,Kota Cimahi,Cimahi Utara,https://sekolah.data.kemdikbud.go.id/index.php/Chome/profil/1BDF0DC1-9E8E-4842-BBA0-BFCFDE3F5156,https://referensi.data.kemdikbud.go.id/pendidikan/npsn/20279757,MTs AL-FARISY,20279757,JL. CIHANJUANG 240/237 CIMAHI,CIBABAT,KEC. CIMAHI UTARA,KOTA CIMAHI,PROV. JAWA BARAT,SWASTA,MTs,Kementerian Agama,Lainnya,,,01-01-1900,,,Silakan Upload SK,,B,0,,2.,,,,,,-6.865700000000,107.560800000000,0,43,27,0,,,2022/2023-2,,0,0,0,0,0,0,0,0,0,0,0,0,0,0,0,0,0,0,0,0,0,0,0,0,,,,,,,,,,,,,,,,,,,,,
Jawa Barat,Kota Cimahi,Cimahi Utara,https://sekolah.data.kemdikbud.go.id/index.php/Chome/profil/5A990F57-7CC7-4CA7-8154-EB1B4E9EFA4B,https://referensi.data.kemdikbud.go.id/pendidikan/npsn/20279756,MTs AL-MUSDARIYAH 2,20279756,JL. KAMARUNG NO.42 RT.02 RW.04,CITEUREUP,KEC. CIMAHI UTARA,KOTA CIMAHI,PROV. JAWA BARAT,SWASTA,MTs,Kementerian Agama,,,WI/I/PP.00.5/426/2003,26-02-2003,32-77/MTS/0005/2010,28-07-2010,Lihat SK Operasional,2019-11-28 13,B,0,,2.,,,,,,-6.857100000000,107.550100000000,0,35,30,0,,,2022/2023-2,,0,0,0,0,0,0,0,0,0,0,0,0,0,0,0,0,0,0,0,0,0,0,0,0,,,,,,,,,,,,,,,,,,,,,
Jawa Barat,Kota Cimahi,Cimahi Utara,https://sekolah.data.kemdikbud.go.id/index.php/Chome/profil/283C5AD4-68E2-43A1-9CF8-B358E227D918,https://referensi.data.kemdikbud.go.id/pendidikan/npsn/20279754,MTs ASIH PUTERA,20279754,Jl. Daeng Muhammad Ardiwinata No. 199,CIBABAT,KEC. CIMAHI UTARA,KOTA CIMAHI,PROV. JAWA BARAT,SWASTA,MTs,Kementerian Agama,Lainnya,AN9243,,01-01-1900,,,Silakan Upload SK,,A,0,,2.,,,,,,-6.867700000000,107.559800000000,0,118,96,0,,,2022/2023-2,,0,0,0,0,0,0,0,0,0,0,0,0,0,0,0,0,0,0,0,0,0,0,0,0,,,,,,,,,,,,,,,,,,,,,
Jawa Barat,Kota Cimahi,Cimahi Utara,https://sekolah.data.kemdikbud.go.id/index.php/Chome/profil/359492A6-9209-4BB7-AC5E-D12100D868F3,https://referensi.data.kemdikbud.go.id/pendidikan/npsn/70027027,MTs Inovatif Daarul Ihsan,70027027,Jalan Martasik Kampung Cimenteng RT 01 RW 11,CIPAGERAN,KEC. CIMAHI UTARA,KOTA CIMAHI,PROV. JAWA BARAT,SWASTA,MTs,Kementerian Agama,,,691 TAHUN 2021,28-05-2021,691 TAHUN 2021,28-05-2021,Lihat SK Operasional,2022-10-11 09,,0,,2.,,,,,,.000000000000,.000000000000,0,92,72,0,,,2022/2023-2,,0,0,0,0,0,0,0,0,0,0,0,0,0,0,0,0,0,0,0,0,0,0,0,0,,,,,,,,,,,,,,,,,,,,,
Jawa Barat,Kota Cimahi,Cimahi Utara,https://sekolah.data.kemdikbud.go.id/index.php/Chome/profil/09233048-29AA-47B4-A491-D360328746E5,https://referensi.data.kemdikbud.go.id/pendidikan/npsn/20279758,MTs MISBAHUNNUR,20279758,JL. KOLONEL MASTURI KM 03,CIPAGERAN,KEC. CIMAHI UTARA,KOTA CIMAHI,PROV. JAWA BARAT,SWASTA,MTs,Kementerian Agama,Lainnya,,Kw.10.4/4/PP.07/6675/2011,09-09-2011,D/Kw.10/MTs/0085/2011,09-09-2011,Lihat SK Operasional,2016-08-02 15,A,"7,260",,2.,,,,,,-6.851027000000,107.548071000000,0,245,233,0,,,2022/2023-2,,0,0,0,0,0,0,0,0,0,0,0,0,0,0,0,0,0,0,0,0,0,0,0,0,,,,,,,,,,,,,,,,,,,,,
Jawa Barat,Kota Cimahi,Cimahi Utara,https://sekolah.data.kemdikbud.go.id/index.php/Chome/profil/0AF14FC1-54CD-42B5-B46F-A72BD5A790B7,https://referensi.data.kemdikbud.go.id/pendidikan/npsn/20279755,MTs NURUL IMAN,20279755,JL. CIPAGERAN NO.160 CIMAHI,CIPAGERAN,KEC. CIMAHI UTARA,KOTA CIMAHI,PROV. JAWA BARAT,SWASTA,MTs,Kementerian Agama,Lainnya,,32-77/MTS/0004/2010,27-07-2010,MI.15/PP/0302/1180/1996,04-03-1986,Lihat SK Operasional,2022-10-13 13,B,0,,2.,,,,,,-6.854900000000,107.537800000000,0,90,84,0,,,2022/2023-2,,0,0,0,0,0,0,0,0,0,0,0,0,0,0,0,0,0,0,0,0,0,0,0,0,,,,,,,,,,,,,,,,,,,,,
Jawa Barat,Kota Cimahi,Cimahi Utara,https://sekolah.data.kemdikbud.go.id/index.php/Chome/profil/E7C0376D-D751-4AE5-8021-0BC7095A9CD2,https://referensi.data.kemdikbud.go.id/pendidikan/npsn/20279759,MTs PASUNDAN,20279759,JL. ENCEP KARTAWIRIA NO.97/A CIMAHI,CITEUREUP,KEC. CIMAHI UTARA,KOTA CIMAHI,PROV. JAWA BARAT,SWASTA,MTs,Kementerian Agama,Lainnya,,030/YPDMP/SK/P/1998,23-07-1998,W.I/I/PP.005.1/310/1991,04-03-1991,Lihat SK Operasional,2021-04-26 10,B,0,,2.,,,,,,-6.861600000000,107.551100000000,0,25,36,0,,,2022/2023-2,,0,0,0,0,0,0,0,0,0,0,0,0,0,0,0,0,0,0,0,0,0,0,0,0,,,,,,,,,,,,,,,,,,,,,
Jawa Barat,Kota Cimahi,Cimahi Utara,https://sekolah.data.kemdikbud.go.id/index.php/Chome/profil/A0A6FE05-2DF5-E011-B91C-0B15FC51AF49,https://referensi.data.kemdikbud.go.id/pendidikan/npsn/20253356,SD BINA PERSADA,20253356,Komplek Setraduta Jl.Cemara Raya Blok K RT.004 RW.005,PASIRKALIKI,KEC. CIMAHI UTARA,KOTA CIMAHI,PROV. JAWA BARAT,SWASTA,SD,"Kementerian Pendidikan, Kebudayaan, Riset dan Teknologi",Yayasan Adi Citra Putra Buana,AA5829,503.60/0003/1212-PPTSP-Di,27-09-2005,503.60/0003/IZ12-PPTSP-DI,23-10-2007,Silakan Upload SK,,A,"1,674",1. -,2. Lainnya (Serat Optik),PLN,0222005818,022005828,admin@sbpindo.org,http,-6.879300000000,107.568500000000,19,78,94,8,Sehari Penuh/5 hari,,2022/2023-2,"33,000",14,1,1,2,0,0,20,0,19,0,0,0,1,18,0,19,0,1,7,6,2,0,1,2,7,12,14,0,0,0,1,0,0,0,SD 2013,Tidak Ada,1,1,2,1,1,2,,,
Jawa Barat,Kota Cimahi,Cimahi Utara,https://sekolah.data.kemdikbud.go.id/index.php/Chome/profil/C0B3FE05-2DF5-E011-902E-ABEADC164DC7,https://referensi.data.kemdikbud.go.id/pendidikan/npsn/20228568,SD IT AL-MAQOM,20228568,Jl. Pasantren VI No.225 RT.006 RW.015,CIBABAT,KEC. CIMAHI UTARA,KOTA CIMAHI,PROV. JAWA BARAT,SWASTA,SD,"Kementerian Pendidikan, Kebudayaan, Riset dan Teknologi",YAYASAN AL MAQOM,AX2602,421.1/0451-DISDIK/2007,31-01-2007,421.1/0451-DISDIK/2007,31-01-2007,Lihat SK Operasional,2017-12-18 08,B,"3,970",1. Lainnya (Serat Optik),2. Lainnya (Serat Optik),PLN,,,sdsitalmaqom@gmail.com,,-6.887800000000,107.557800000000,16,196,190,14,Sehari Penuh/5 hari,,2022/2023-2,"2,300",13,0,1,5,0,0,23,0,16,0,0,0,2,14,0,11,5,5,1,3,1,2,4,0,5,11,0,13,0,0,0,1,0,0,SD 2013,Lainnya (Serat Optik),2,2,3,3,2,2,,,
Jawa Barat,Kota Cimahi,Cimahi Utara,https://sekolah.data.kemdikbud.go.id/index.php/Chome/profil/862BE1BB-9A93-4D78-8A85-F0BE85067278,https://referensi.data.kemdikbud.go.id/pendidikan/npsn/69849613,SD IT CIPTA CENDIKIA INDONESIA,69849613,Jl. Martasik Kp. Cimenteng RT.001 RW.011,CIPAGERAN,KEC. CIMAHI UTARA,KOTA CIMAHI,PROV. JAWA BARAT,SWASTA,SD,"Kementerian Pendidikan, Kebudayaan, Riset dan Teknologi",Yayasan Cipta Cendikia Indonesia,AD7818,503.60/03/1611/KPPT/2014,08-07-2014,503.60/03/1611/KPPT/2014,08-07-2014,Lihat SK Operasional,2015-09-04 16,B,"1,000",1. -,2. Telkom Speedy,PLN,,,cci.cimahi@gmail.com,http,-6.844600000000,107.546700000000,6,115,122,11,Sehari Penuh/5 hari,,2022/2023-2,"3,500",11,0,1,12,0,0,8,1,6,0,0,0,2,4,2,3,1,1,3,0,2,0,0,0,2,4,11,0,0,0,1,0,0,0,SD 2013,Tidak Ada,2,2,2,2,2,1,,,
Jawa Barat,Kota Cimahi,Cimahi Utara,https://sekolah.data.kemdikbud.go.id/index.php/Chome/profil/708BFE05-2DF5-E011-AE6B-1572EB3926FF,https://referensi.data.kemdikbud.go.id/pendidikan/npsn/20224155,SD IT NUR AL RAHMAN,20224155,Jl. Daeng Muhammad Ardiwinata No.77/A RT.002 RW.002,CIBABAT,KEC. CIMAHI UTARA,KOTA CIMAHI,PROV. JAWA BARAT,SWASTA,SD,"Kementerian Pendidikan, Kebudayaan, Riset dan Teknologi",Yayasan Nur Al Rahman,AA5813,421.2/0489-Disdik/2003,23-04-2003,421.2/0489-DISDIK/2003,23-04-2003,Lihat SK Operasional,2016-03-14 14,A,"2,363",1. Lainnya,2. Telkom Speedy,PLN,0226649115,0226649115,ops.sditnuralrahman@gmail.com,http,-6.872500000000,107.552100000000,28,318,290,22,Sehari Penuh/5 hari,,2022/2023-2,"13,200",23,1,1,16,0,0,27,2,27,0,1,0,14,14,0,26,2,2,3,5,10,7,1,0,8,20,23,0,0,0,1,0,0,0,SD 2013,Lainnya,3,3,4,4,4,4,,,
Jawa Barat,Kota Cimahi,Cimahi Utara,https://sekolah.data.kemdikbud.go.id/index.php/Chome/profil/C4C27184-C311-4927-BE27-9CB4C92FC836,https://referensi.data.kemdikbud.go.id/pendidikan/npsn/70001582,SD IT ULUL AZMI,70001582,KP. CIMEKAR NO.14 A RT. 001 RW. 029,CIPAGERAN,KEC. CIMAHI UTARA,KOTA CIMAHI,PROV. JAWA BARAT,SWASTA,SD,"Kementerian Pendidikan, Kebudayaan, Riset dan Teknologi",YAYASAN PANTI ASUHAN ULUL AZMI CIMAHI,AW7718,503.52/004/2406/DPMPTSP/2022,24-09-2019,421.3/Kep.0050/DISDIK,21-05-2021,Silakan Upload SK (link file tidak valid) => [780282-728765--],2023-02-17 08,B,"1,400",1. -,2. Telkom Speedy,PLN,0226648425,,sditululazmi1496@gmail.com,http,-6.860704000000,107.541454100000,6,41,33,6,Sehari Penuh/5 hari,,2022/2023-2,"3,600",6,0,0,5,0,0,11,0,6,0,0,0,0,6,0,5,1,6,0,0,0,0,0,0,0,6,6,0,0,0,0,0,0,0,SD 2013,Tidak Ada,1,1,1,1,1,1,,,
Jawa Barat,Kota Cimahi,Cimahi Utara,https://sekolah.data.kemdikbud.go.id/index.php/Chome/profil/E077C505-2DF5-E011-9930-0DE737B5B7A8,https://referensi.data.kemdikbud.go.id/pendidikan/npsn/20224165,SD NEGERI CIBABAT 2,20224165,Jl. Daeng Muhammad Ardiwinata No.169 RT.005 RW.018,CIBABAT,KEC. CIMAHI UTARA,KOTA CIMAHI,PROV. JAWA BARAT,NEGERI,SD,"Kementerian Pendidikan, Kebudayaan, Riset dan Teknologi",Pemerintah Daerah,,01/Kel/T/1987,01-01-1954,01/Kel/T/1987,30-12-1987,Lihat SK Operasional,2022-10-12 14,B,439,1. Indosat IM3,2. Telkom Speedy,PLN,,02286617655,sdn_cibabat2@yahoo.com,http,-6.870700000000,107.557500000000,8,102,110,6,Sehari Penuh/5 hari,,2022/2023-2,"1,300",6,0,0,3,5,1,0,2,6,0,2,0,4,4,0,8,0,2,1,3,2,0,0,0,3,5,0,5,1,0,0,0,0,1,SD 2013,Indosat IM3,1,1,1,1,1,1,,,
Jawa Barat,Kota Cimahi,Cimahi Utara,https://sekolah.data.kemdikbud.go.id/index.php/Chome/profil/405CC505-2DF5-E011-8198-AB90E3118622,https://referensi.data.kemdikbud.go.id/pendidikan/npsn/20224163,SD NEGERI CIBABAT 4,20224163,Jl. Daeng Muhammad Ardiwinata No.88 RT.003 RW.011,CIBABAT,KEC. CIMAHI UTARA,KOTA CIMAHI,PROV. JAWA BARAT,NEGERI,SD,"Kementerian Pendidikan, Kebudayaan, Riset dan Teknologi",Pemerintah Daerah,,01/kel/T/1987,01-01-1960,01/kel/T/1987,01-01-1960,Silakan Upload SK,,A,980,1. Telkomsel Flash,2. Telkom Speedy,PLN,,02286616242,sdncibabat4@yahoo.co.id,http,-6.865500000000,107.560100000000,8,109,93,6,Sehari Penuh/5 hari,,2022/2023-2,"1,300",6,0,1,4,5,2,0,1,6,0,1,1,4,4,1,7,0,3,1,2,1,0,0,1,3,5,3,1,2,0,0,1,0,0,SD 2013,Telkomsel Flash,1,1,1,1,1,1,,,
Jawa Barat,Kota Cimahi,Cimahi Utara,https://sekolah.data.kemdikbud.go.id/index.php/Chome/profil/2085C505-2DF5-E011-AAC0-F13C7154CDD6,https://referensi.data.kemdikbud.go.id/pendidikan/npsn/20224162,SD NEGERI CIBABAT 5,20224162,Jl. Pasantren No.109 RT.006 RW.016,CIBABAT,KEC. CIMAHI UTARA,KOTA CIMAHI,PROV. JAWA BARAT,NEGERI,SD,"Kementerian Pendidikan, Kebudayaan, Riset dan Teknologi",Pemerintah Daerah,,,01-01-1984,,10-01-1986,Silakan Upload SK,,B,"1,632",1. -,2. Telkom Speedy,PLN,,002220222639,sdncibabat5cibabat@gmail.com,,-6.874200000000,107.561400000000,17,197,190,12,Sehari Penuh/5 hari,,2022/2023-2,"2,200",6,0,0,2,9,3,0,5,10,2,3,2,7,10,0,14,3,4,2,4,3,0,1,3,7,10,0,0,6,0,0,0,0,0,SD 2013,Tidak Ada,2,2,2,2,2,2,,,
Jawa Barat,Kota Cimahi,Cimahi Utara,https://sekolah.data.kemdikbud.go.id/index.php/Chome/profil/E094C405-2DF5-E011-B88C-D93D8621166C,https://referensi.data.kemdikbud.go.id/pendidikan/npsn/20227979,SD NEGERI CIBABAT MANDIRI 1,20227979,Jl. Daeng Muhammad Ardiwinata Komplek Nata Endah No.171 RT.007 RW.002,CIBABAT,KEC. CIMAHI UTARA,KOTA CIMAHI,PROV. JAWA BARAT,NEGERI,SD,"Kementerian Pendidikan, Kebudayaan, Riset dan Teknologi",Pemerintah Daerah,,860/Kep.95-Disdik/2006,16-08-2006,860/Kep.95-Disdik/2006,16-08-2006,Lihat SK Operasional,2018-01-29 15,A,"4,275",1. 3 (Tri),2. Telkom Speedy,PLN,0226651707,0226651707,sdncibabatmandirisatu@yahoo.co.id,http,-6.873800000000,107.549700000000,27,377,335,20,Sehari Penuh/5 hari,,2022/2023-2,"3,100",40,0,2,2,20,4,0,3,9,0,8,10,17,10,0,27,0,3,1,2,6,3,3,9,5,22,38,0,2,1,2,0,0,0,SD 2013,3 (Tri),4,3,4,3,3,3,,,
Jawa Barat,Kota Cimahi,Cimahi Utara,https://sekolah.data.kemdikbud.go.id/index.php/Chome/profil/600CC505-2DF5-E011-87D2-3F0E7653B30E,https://referensi.data.kemdikbud.go.id/pendidikan/npsn/20227980,SD NEGERI CIBABAT MANDIRI 2,20227980,Jl. Pasantren No.107 RT.002 RW.016,CIBABAT,KEC. CIMAHI UTARA,KOTA CIMAHI,PROV. JAWA BARAT,NEGERI,SD,"Kementerian Pendidikan, Kebudayaan, Riset dan Teknologi",Pemerintah Daerah,,860/Kep.95-Disdik/2006,16-08-2006,860/Kep.95-Disdik/2006,16-08-2006,Lihat SK Operasional,2018-01-29 15,A,"3,000",1. Smartfren,2. Telkom Speedy,PLN,,0226654635,cibabatmandiridua@yahoo.co.id,http,-6.874800000000,107.560600000000,23,285,282,18,Sehari Penuh/5 hari,,2022/2023-2,"4,400",12,1,1,7,13,7,0,3,10,1,9,3,13,10,0,21,2,3,2,8,2,3,2,3,9,14,0,4,8,2,0,1,0,0,SD 2013,Smartfren,3,3,3,3,3,3,,,
Jawa Barat,Kota Cimahi,Cimahi Utara,https://sekolah.data.kemdikbud.go.id/index.php/Chome/profil/A019C505-2DF5-E011-9B1B-4F97BF9CD34F,https://referensi.data.kemdikbud.go.id/pendidikan/npsn/20224036,SD NEGERI CIBABAT MANDIRI 3,20224036,Jl. Daeng Muhammad Ardiwinata Kp.Babut Girang RT.006 RW.011,CIBABAT,KEC. CIMAHI UTARA,KOTA CIMAHI,PROV. JAWA BARAT,NEGERI,SD,"Kementerian Pendidikan, Kebudayaan, Riset dan Teknologi",Pemerintah Daerah,,860/Kep.95-Disdik/2006,16-08-2006,860/Kep.95-Disdik/2006,16-08-2006,Lihat SK Operasional,2022-03-15 11,A,"1,800",1. -,2. Lainnya (Serat Optik),PLN,,86616256,cibabatmandiri3sdn@yahoo.com,,-6.868000000000,107.561700000000,28,387,359,22,Sehari Penuh/5 hari,,2022/2023-2,"8,800",26,0,1,7,13,12,0,3,17,2,6,3,14,14,0,18,10,2,4,7,6,4,1,4,6,22,5,7,14,0,0,1,0,0,SD 2013,Tidak Ada,4,4,3,3,4,4,,,
Jawa Barat,Kota Cimahi,Cimahi Utara,https://sekolah.data.kemdikbud.go.id/index.php/Chome/profil/D0A1C405-2DF5-E011-8732-F1EB2B95B8D1,https://referensi.data.kemdikbud.go.id/pendidikan/npsn/20224004,SD NEGERI CIBABAT MANDIRI 4,20224004,Jl. Sentral Utara No.102 RT.002 RW.005,CIBABAT,KEC. CIMAHI UTARA,KOTA CIMAHI,PROV. JAWA BARAT,NEGERI,SD,"Kementerian Pendidikan, Kebudayaan, Riset dan Teknologi",Pemerintah Daerah,,860/Kep.95-Disdik/2006,16-08-2006,860/Kep.95-Disdik/2006,16-08-2006,Lihat SK Operasional,2022-03-15 11,A,"1,146,600",1. -,2. Telkom Speedy,PLN,,0226646378,mandiricibabat4@gmail.com,,-6.879000000000,107.555800000000,14,216,202,12,Sehari Penuh/5 hari,,2022/2023-2,"2,199",10,0,1,2,6,5,0,3,9,0,2,3,8,6,0,13,1,3,1,2,1,1,3,3,3,11,10,0,0,0,1,0,0,0,SD 2013,Tidak Ada,2,2,2,2,2,2,,,
Jawa Barat,Kota Cimahi,Cimahi Utara,https://sekolah.data.kemdikbud.go.id/index.php/Chome/profil/6092C505-2DF5-E011-B211-77907BCEAF43,https://referensi.data.kemdikbud.go.id/pendidikan/npsn/20224023,SD NEGERI CIBABAT MANDIRI 5,20224023,Jl. Pasantren No.86/A RT.003 RW.008,CIBABAT,KEC. CIMAHI UTARA,KOTA CIMAHI,PROV. JAWA BARAT,NEGERI,SD,"Kementerian Pendidikan, Kebudayaan, Riset dan Teknologi",Pemerintah Daerah,,860/Kep.179-Disdik/2008,16-10-2008,860/Kep.179-Disdik/2008,16-10-2008,Lihat SK Operasional,2018-01-26 18,A,"1,102",1. XL (GSM),2. Telkom Speedy,PLN,,02220661608,sdncibabatmandiri5@ymail.com,,-6.880800000000,107.558500000000,24,353,319,19,Sehari Penuh/5 hari,,2022/2023-2,"6,396",16,0,1,8,13,8,0,3,16,1,5,2,13,11,0,19,5,3,6,4,4,1,2,4,5,19,16,0,0,0,1,0,0,0,SD 2013,XL (GSM),3,3,3,3,3,4,,,
Jawa Barat,Kota Cimahi,Cimahi Utara,https://sekolah.data.kemdikbud.go.id/index.php/Chome/profil/A07AC405-2DF5-E011-8BC9-DF1E39661D0D,https://referensi.data.kemdikbud.go.id/pendidikan/npsn/20254725,SD NEGERI CIPAGERAN MANDIRI 1,20254725,Jl. Cipageran No.99/101 RT.005 RW.015,CIPAGERAN,KEC. CIMAHI UTARA,KOTA CIMAHI,PROV. JAWA BARAT,NEGERI,SD,"Kementerian Pendidikan, Kebudayaan, Riset dan Teknologi",Pemerintah Daerah,,860/Kep.95-Disdik/2006,16-08-2006,860/Kep.95-Disdik/2006,16-08-2006,Lihat SK Operasional,2022-03-15 11,A,"5,362",1. Telkom Speedy,2. Lainnya (Serat Optik),PLN,,0226627764,sdncipman1@gmail.com,,-6.854600000000,107.539500000000,57,794,807,43,Sehari Penuh/5 hari,,2022/2023-2,"22,700",31,0,1,12,36,14,0,7,27,1,16,13,37,20,0,50,7,4,7,9,6,5,9,17,12,45,13,11,7,8,0,0,1,0,SD 2013,Telkom Speedy,8,7,7,7,7,7,,,
Jawa Barat,Kota Cimahi,Cimahi Utara,https://sekolah.data.kemdikbud.go.id/index.php/Chome/profil/A06DC405-2DF5-E011-851F-C17923BB4F79,https://referensi.data.kemdikbud.go.id/pendidikan/npsn/20227991,SD NEGERI CIPAGERAN MANDIRI 2,20227991,Jl. Purbasari No.67 RT.002 RW.005,CIPAGERAN,KEC. CIMAHI UTARA,KOTA CIMAHI,PROV. JAWA BARAT,NEGERI,SD,"Kementerian Pendidikan, Kebudayaan, Riset dan Teknologi",Pemerintah Daerah,,860/Kep.95-Disdik/2006,16-08-2006,860/Kep.95-Disdik/2006,16-08-2006,Lihat SK Operasional,2018-01-29 15,A,"2,867",1. XL (GSM),2. Telkom Speedy,PLN,,02220673760,sdncpm2@gmail.com,,-6.866330500000,107.534382300000,30,389,380,24,Sehari Penuh/5 hari,,2022/2023-2,"2,200",20,0,1,11,12,11,0,7,23,0,5,2,13,17,0,27,3,9,7,5,4,0,2,3,9,21,20,0,0,0,1,0,0,0,SD 2013,XL (GSM),4,4,4,4,4,4,,,
Jawa Barat,Kota Cimahi,Cimahi Utara,https://sekolah.data.kemdikbud.go.id/index.php/Chome/profil/C087C405-2DF5-E011-8DEC-2B700E141DD9,https://referensi.data.kemdikbud.go.id/pendidikan/npsn/20227992,SD NEGERI CIPAGERAN MANDIRI 3,20227992,Jl. Kolonel Masturi No.96 RT.001 RW.002,CIPAGERAN,KEC. CIMAHI UTARA,KOTA CIMAHI,PROV. JAWA BARAT,NEGERI,SD,"Kementerian Pendidikan, Kebudayaan, Riset dan Teknologi",Pemerintah Daerah,,860/Kep.95-Disdik/2006,16-08-2006,860/Kep.95-Disdik/2006,16-08-2006,Lihat SK Operasional,2021-02-01 10,A,"1,268",1. Lainnya,2. Telkom Speedy,PLN,0,0226646762,sdncipageranmandiritiga@yahoo.co.id,http,-6.865100000000,107.542600000000,19,241,228,16,Sehari Penuh/5 hari,,2022/2023-2,0,12,0,1,2,12,5,0,2,12,1,5,1,11,8,0,16,3,3,3,5,3,1,1,3,4,15,6,0,6,0,1,0,0,0,SD 2013,Lainnya,3,2,2,3,3,3,,,
Jawa Barat,Kota Cimahi,Cimahi Utara,https://sekolah.data.kemdikbud.go.id/index.php/Chome/profil/F04EC505-2DF5-E011-873B-8FD16C6C0D67,https://referensi.data.kemdikbud.go.id/pendidikan/npsn/20227993,SD NEGERI CIPAGERAN MANDIRI 4,20227993,Jl. Kolonel Masturi No.125/C RT.001 RW.002,CIPAGERAN,KEC. CIMAHI UTARA,KOTA CIMAHI,PROV. JAWA BARAT,NEGERI,SD,"Kementerian Pendidikan, Kebudayaan, Riset dan Teknologi",Pemerintah Daerah,,860/Kep.95-Disdik/2006,16-08-2006,860/Kep.95-Disdik/2006,16-08-2006,Lihat SK Operasional,2018-01-29 15,A,0,1. 3 (Tri),2. Telkom Speedy,PLN,,6653722,sdcpm4@gmail.com,,-6.864800000000,107.542900000000,13,145,147,11,Sehari Penuh/5 hari,,2022/2023-2,900,10,0,2,2,8,0,0,5,11,0,0,2,10,3,0,12,1,4,7,0,0,0,0,2,3,10,0,7,3,0,0,2,0,0,SD 2013,3 (Tri),1,2,2,2,2,2,,,
Jawa Barat,Kota Cimahi,Cimahi Utara,https://sekolah.data.kemdikbud.go.id/index.php/Chome/profil/40ADC505-2DF5-E011-A055-DD031DF8C847,https://referensi.data.kemdikbud.go.id/pendidikan/npsn/20227994,SD NEGERI CITEUREUP MANDIRI 1,20227994,Jl. Encep Kartawiria No.49 RT.002 RW.015,CITEUREUP,KEC. CIMAHI UTARA,KOTA CIMAHI,PROV. JAWA BARAT,NEGERI,SD,"Kementerian Pendidikan, Kebudayaan, Riset dan Teknologi",Pemerintah Daerah,,860/Kep.95-Disdik/2006,16-08-2006,860/Kep.95-Disdik/2006,16-08-2006,Lihat SK Operasional,2022-03-15 11,A,"1,794",1. Lainnya (Kabel),2. Telkom Speedy,PLN,,02286616405,sdnciteureupmandiri1@yahoo.com,,-6.861500000000,107.549600000000,34,424,420,26,Sehari Penuh/5 hari,,2022/2023-2,"2,200",13,0,2,3,15,6,0,13,26,1,4,3,18,16,0,30,4,6,5,11,7,0,2,3,7,27,0,10,3,0,0,1,1,0,SD 2013,Lainnya (Kabel),4,4,4,4,4,6,,,
Jawa Barat,Kota Cimahi,Cimahi Utara,https://sekolah.data.kemdikbud.go.id/index.php/Chome/profil/4034C505-2DF5-E011-BDBE-915AFC067261,https://referensi.data.kemdikbud.go.id/pendidikan/npsn/20224065,SD NEGERI CITEUREUP MANDIRI 2,20224065,Jl. Ciawitali No.51 RT.004 RW.009,CITEUREUP,KEC. CIMAHI UTARA,KOTA CIMAHI,PROV. JAWA BARAT,NEGERI,SD,"Kementerian Pendidikan, Kebudayaan, Riset dan Teknologi",Pemerintah Daerah,,860/Kep.179-Disdik/2008,16-10-2008,860/Kep.179-Disdik/2008,16-10-2008,Lihat SK Operasional,2018-01-26 19,A,"1,120",1. Lainnya (Serat Optik),2. Lainnya (Serat Optik),PLN,,0226649925,sdnciteureupmandiri2@yahoo.co.id,,-6.866600000000,107.554500000000,25,352,322,20,Sehari Penuh/5 hari,,2022/2023-2,"2,600",11,0,1,5,11,9,0,5,16,0,4,5,10,15,0,22,3,8,4,4,0,2,1,6,5,20,0,4,7,0,0,0,1,0,SD 2013,Lainnya (Serat Optik),3,3,4,4,3,3,,,
Jawa Barat,Kota Cimahi,Cimahi Utara,https://sekolah.data.kemdikbud.go.id/index.php/Chome/profil/30C9C405-2DF5-E011-9C06-A5FCACA9B7D5,https://referensi.data.kemdikbud.go.id/pendidikan/npsn/20224167,SD NEGERI CITEUREUP MANDIRI 3,20224167,Jl. Encep Kartawiria No.49 RT.002 RW.015,CITEUREUP,KEC. CIMAHI UTARA,KOTA CIMAHI,PROV. JAWA BARAT,NEGERI,SD,"Kementerian Pendidikan, Kebudayaan, Riset dan Teknologi",Pemerintah Daerah,,420/Kep.1010-Disdik/2020,13-05-2020,420/Kep.1010-Disdik/2020,13-05-2020,Lihat SK Operasional,2020-08-26 10,A,224,1. Telkom Speedy,2. Telkom Speedy,PLN,,02287774326,sdnciteureupmandiri3@gmail.com,,-6.861605700000,107.549463300000,26,361,349,22,Sehari Penuh/5 hari,,2022/2023-2,"2,200",12,0,1,1,16,5,0,5,14,1,10,1,16,10,1,20,5,5,6,2,2,3,4,4,10,16,0,9,3,0,0,0,1,0,SD 2013,Telkom Speedy,4,4,3,4,3,4,,,
Jawa Barat,Kota Cimahi,Cimahi Utara,https://sekolah.data.kemdikbud.go.id/index.php/Chome/profil/7041C505-2DF5-E011-9E87-190ACE95DAD9,https://referensi.data.kemdikbud.go.id/pendidikan/npsn/20224051,SD NEGERI PAMBUDI DHARMA,20224051,Jl. Kolonel Masturi Km.3 RT.002 RW.014,CIPAGERAN,KEC. CIMAHI UTARA,KOTA CIMAHI,PROV. JAWA BARAT,NEGERI,SD,"Kementerian Pendidikan, Kebudayaan, Riset dan Teknologi",Pemerintah Daerah,,1989.6 / 1984,12-05-1989,421.2/SK-XXXXX.196/1989,01-01-1910,Lihat SK Operasional,2019-04-29 22,B,"1,500",1. Telkom Speedy,2. Telkom Speedy,PLN,,0226648229,pambudidharmasdn@gmail.com,http,-6.851400000000,107.546600000000,9,96,91,6,Sehari Penuh/5 hari,,2022/2023-2,"1,300",6,0,1,2,3,1,0,5,8,0,1,0,4,5,0,7,2,5,2,1,0,0,1,0,4,5,6,0,0,0,0,0,1,0,SD 2013,Telkom Speedy,1,1,1,1,1,1,,,
Jawa Barat,Kota Cimahi,Cimahi Utara,https://sekolah.data.kemdikbud.go.id/index.php/Chome/profil/A0FEC405-2DF5-E011-9039-CB8D286DC13F,https://referensi.data.kemdikbud.go.id/pendidikan/npsn/20254724,SD NEGERI PASIRKALIKI MANDIRI 1,20254724,Jl. Gunung Batu No.209 RT.002 RW.011,PASIRKALIKI,KEC. CIMAHI UTARA,KOTA CIMAHI,PROV. JAWA BARAT,NEGERI,SD,"Kementerian Pendidikan, Kebudayaan, Riset dan Teknologi",Pemerintah Daerah,,860/Kep.179-Disdik/2008,16-10-2008,860/Kep.179-Disdik/2008,16-10-2008,Lihat SK Operasional,2018-01-26 19,A,"2,400",1. -,2. Telkom Speedy,PLN,,0222002354,sdn_pasirkaliki_mandiri_1@yahoo.com,,-6.887900000000,107.568900000000,17,202,205,13,Sehari Penuh/5 hari,,2022/2023-2,"2,600",14,0,1,9,12,4,0,1,7,0,7,3,13,4,0,16,1,2,2,2,4,2,2,3,5,12,0,12,2,0,0,0,1,0,SD 2013,Tidak Ada,2,2,2,2,2,3,,,
Jawa Barat,Kota Cimahi,Cimahi Utara,https://sekolah.data.kemdikbud.go.id/index.php/Chome/profil/E0AEC405-2DF5-E011-B06B-CF08150EEDE3,https://referensi.data.kemdikbud.go.id/pendidikan/npsn/20224063,SD NEGERI PASIRKALIKI MANDIRI 2,20224063,Jl. Babakan Loa No.11 RT.006 RW.003,PASIRKALIKI,KEC. CIMAHI UTARA,KOTA CIMAHI,PROV. JAWA BARAT,NEGERI,SD,"Kementerian Pendidikan, Kebudayaan, Riset dan Teknologi",Pemerintah Daerah,,421.2/Kep.2035-Disdik/2019,27-12-2019,421.2/Kep.2035-Disdik/2019,27-12-2019,Lihat SK Operasional,2020-03-12 10,B,"1,448",1. Telkom Speedy,2. Telkom Speedy,PLN,,02282001910,sdn.pasirkalikimandiri2@gmail.com,,-6.886100000000,107.564700000000,30,368,402,24,Sehari Penuh/5 hari,,2022/2023-2,"4,400",16,0,1,8,20,4,0,6,15,2,8,5,17,13,0,21,9,6,3,3,3,3,6,6,10,20,0,16,0,0,1,0,0,0,SD 2013,Telkom Speedy,4,4,4,4,4,4,,,
Jawa Barat,Kota Cimahi,Cimahi Utara,https://sekolah.data.kemdikbud.go.id/index.php/Chome/profil/00A0C505-2DF5-E011-8015-1771AC31DA3A,https://referensi.data.kemdikbud.go.id/pendidikan/npsn/20224006,SD NEGERI SETIAWARGA,20224006,Jl. Torobosan Kp.Cimenteng RT.001 RW.012,CIPAGERAN,KEC. CIMAHI UTARA,KOTA CIMAHI,PROV. JAWA BARAT,NEGERI,SD,"Kementerian Pendidikan, Kebudayaan, Riset dan Teknologi",Pemerintah Daerah,,1981,01-02-1981,119/PSD/1985,02-01-1985,Lihat SK Operasional,2019-09-18 11,B,"1,200",1. -,2. Telkom Speedy,PLN,0,02286600079,sdnsetiawargacimahi81@gmail.com,,-6.843900000000,107.547800000000,16,229,239,12,Sehari Penuh/5 hari,,2022/2023-2,"1,300",5,0,1,4,7,7,0,2,11,0,5,0,6,10,0,13,3,3,3,4,1,1,1,3,5,11,4,0,1,3,0,0,1,0,SD 2013,Tidak Ada,2,2,2,2,2,2,,,
Jawa Barat,Kota Cimahi,Cimahi Utara,https://sekolah.data.kemdikbud.go.id/index.php/Chome/profil/7099FE05-2DF5-E011-9BE8-13BFF86A0AEB,https://referensi.data.kemdikbud.go.id/pendidikan/npsn/20224154,SD PLUS NURUL AULIA,20224154,Jl. Sukarasa No.26 RT.004 RW.011,CITEUREUP,KEC. CIMAHI UTARA,KOTA CIMAHI,PROV. JAWA BARAT,SWASTA,SD,"Kementerian Pendidikan, Kebudayaan, Riset dan Teknologi",Yayasan Nurul Aulia,AD7858,642.2/377/PPB-DP,13-10-2002,421.2/0361-DISDIK/2003,07-03-2003,Lihat SK Operasional,2015-05-13 07,A,"2,162",1. -,2. Telkom Speedy,PLN,6651788,6643888,sdpna@nurulaulia.sch.id,http,-6.861600000000,107.556000000000,32,294,279,24,Sehari Penuh/5 hari,,2022/2023-2,"7,500",48,3,2,38,0,0,16,19,23,0,9,0,8,24,1,25,6,5,10,7,5,3,2,0,10,22,48,0,0,0,2,0,0,0,SD 2013,Tidak Ada,5,4,4,4,4,3,,,
Jawa Barat,Kota Cimahi,Cimahi Utara,https://sekolah.data.kemdikbud.go.id/index.php/Chome/profil/526C942D-4C7E-4E04-8D00-DF2C971CEB84,https://referensi.data.kemdikbud.go.id/pendidikan/npsn/69901029,SD TRIDAYA TUNAS BANGSA,69901029,Jl. Encep Kartawiria No.157-B RT.002 RW.018,CITEUREUP,KEC. CIMAHI UTARA,KOTA CIMAHI,PROV. JAWA BARAT,SWASTA,SD,"Kementerian Pendidikan, Kebudayaan, Riset dan Teknologi",YAYASAN BANGUN TUNAS BANGSA,AA4935,503.60/01/1803/KPPT/2015,11-08-2015,503.60/01/1803/KPPT/2015,11-08-2015,Lihat SK Operasional,2015-09-04 14,A,"2,168",1. Lainnya (Serat Optik),2. Lainnya (Serat Optik),PLN,0226641922,0226641922,tridayatunasbangsa@gmail.com,http,-6.868000000000,107.546400000000,7,173,157,14,Sehari Penuh/5 hari,,2022/2023-2,"23,000",14,1,1,8,0,0,5,3,7,0,0,0,2,5,0,6,1,1,3,3,0,0,0,0,2,5,14,0,0,0,1,0,0,0,SD 2013,Lainnya (Serat Optik),3,3,2,2,2,2,,,
Jawa Barat,Kota Cimahi,Cimahi Utara,https://sekolah.data.kemdikbud.go.id/index.php/Chome/profil/30C1FE05-2DF5-E011-A126-17DD45F6975D,https://referensi.data.kemdikbud.go.id/pendidikan/npsn/20224201,SDK BPK PENABUR,20224201,Jl. Encep Kartawiria No.75 RT.000 RW.000,CITEUREUP,KEC. CIMAHI UTARA,KOTA CIMAHI,PROV. JAWA BARAT,SWASTA,SD,"Kementerian Pendidikan, Kebudayaan, Riset dan Teknologi",Yayasan BPK PENABUR Cimahi,AD7854,AHU-AH.01.08-303,01-01-1965,,01-01-1965,Silakan Upload SK,,Sertifikat Kedaluwarsa,"57,600",1. -,2. Telkom Speedy,PLN,,0226629163,sdkbpkpenaburcimahi@gmail.com,http,-6.867000000000,107.546100000000,21,219,234,19,Sehari Penuh/5 hari,,2022/2023-2,"23,000",23,1,1,5,0,0,23,3,19,0,2,0,12,9,0,20,1,0,3,4,3,5,2,4,3,18,23,0,0,0,1,0,0,0,SD 2013,Tidak Ada,3,3,3,3,3,4,,,
Jawa Barat,Kota Cimahi,Cimahi Utara,https://sekolah.data.kemdikbud.go.id/index.php/Chome/profil/264EBADD-5F7C-44CE-8250-C17EB38B8955,https://referensi.data.kemdikbud.go.id/pendidikan/npsn/70030413,SMP AL MAQOM,70030413,Jl. Pasantren No.225 RT.006 RW.015,CIBABAT,KEC. CIMAHI UTARA,KOTA CIMAHI,PROV. JAWA BARAT,SWASTA,SMP,"Kementerian Pendidikan, Kebudayaan, Riset dan Teknologi",YAYASAN AL MAQOM,AX2602,503.52/001/0192/DPMPTSP/2022,31-01-2022,421.3/Kep.0052/DISDIK,04-03-2022,Lihat SK Operasional,2022-07-06 22,,"258,000",1. -,2. Lainnya (Serat Optik),PLN,,,,,-6.887800000000,107.557800000000,3,9,12,2,Siang/6 hari,,2022/2023-2,"2,200",2,0,0,0,0,0,5,0,3,0,0,0,0,3,0,2,1,2,1,0,0,0,0,0,1,2,2,0,0,0,0,0,0,0,SMP 2013,Tidak Ada,,,,,,,1,1,0
Jawa Barat,Kota Cimahi,Cimahi Utara,https://sekolah.data.kemdikbud.go.id/index.php/Chome/profil/40880B98-6CA2-49C6-B806-7B2A182280F6,https://referensi.data.kemdikbud.go.id/pendidikan/npsn/70004650,SMP BAITUL IZZAH BOARDING SCHOOL,70004650,Jl. Karya Bakti Kp. Pasirkiara RT.001 RW.016,CIPAGERAN,KEC. CIMAHI UTARA,KOTA CIMAHI,PROV. JAWA BARAT,SWASTA,SMP,"Kementerian Pendidikan, Kebudayaan, Riset dan Teknologi",YAYASAN BAITUL 'IZZAH CIMAHI,AW7867,503.60/004/0721/DPMPTSP/2020,28-08-2020,503.60/004/0721/DPMPTSP/2020,28-08-2020,Silakan Upload SK (link file tidak valid) => [389687-189038--],2020-10-14 12,A,"5,745",1. -,2. Lainnya,PLN,02220670152,02220670152,bibs.cimahi@gmail.com,,-6.853700000000,107.539000000000,9,129,110,8,Pagi/6 hari,,2022/2023-2,"4,395",9,1,1,35,0,0,12,0,9,0,0,0,0,9,0,7,2,5,2,0,1,0,1,0,2,7,1,0,8,0,0,1,0,0,SMP 2013,Tidak Ada,,,,,,,2,3,3
Jawa Barat,Kota Cimahi,Cimahi Utara,https://sekolah.data.kemdikbud.go.id/index.php/Chome/profil/80E7A57B-68F9-E111-88FA-039956025C81,https://referensi.data.kemdikbud.go.id/pendidikan/npsn/20275353,SMP BINA PERSADA,20275353,Komplek Setraduta Jl.Cemara Raya Blok K RT.004 RW.005,PASIRKALIKI,KEC. CIMAHI UTARA,KOTA CIMAHI,PROV. JAWA BARAT,SWASTA,SMP,"Kementerian Pendidikan, Kebudayaan, Riset dan Teknologi",Yayasan Adi Citra Putra Buana,AA5829,127/MPK.D/KS/2018,16-11-2011,503.60/01/1879/KPPT/2011,16-11-2011,Lihat SK Operasional,2023-02-15 01,A,"3,025",1. -,2. Lainnya (Serat Optik),PLN,0222005818,0222021766,admin@sbpindo.org,http,-6.879200000000,107.568500000000,8,38,40,3,Sehari Penuh/5 hari,,2022/2023-2,"64,000",4,2,1,2,0,0,9,0,8,0,0,0,0,8,0,5,3,1,2,1,2,0,0,2,3,5,4,0,0,0,1,0,0,0,SMP 2013,Tidak Ada,,,,,,,1,1,1
Jawa Barat,Kota Cimahi,Cimahi Utara,https://sekolah.data.kemdikbud.go.id/index.php/Chome/profil/44206E0B-FD2D-47F0-8C3C-6C83B6D62990,https://referensi.data.kemdikbud.go.id/pendidikan/npsn/70001661,SMP ISLAM SABIILUL WAFAA,70001661,Jl. Permana E3 No. 28 RT.005 RW.006,CITEUREUP,KEC. CIMAHI UTARA,KOTA CIMAHI,PROV. JAWA BARAT,SWASTA,SMP,"Kementerian Pendidikan, Kebudayaan, Riset dan Teknologi",Yayasan SABIILUL WAFFA,AA5793,503.60/002/0374/DPMPTSP/2020,31-03-2020,503.60/002/0374/DPMPTSP/2020,31-03-2020,Lihat SK Operasional,2020-05-13 20,B,825,1. -,2. Telkom Speedy,PLN,,02220662609,smpi.sabiilulwafaa@gmail.com,,-6.857100000000,107.553300000000,7,56,53,4,Sehari Penuh/5 hari,,2022/2023-2,"4,400",7,0,1,2,0,0,10,0,7,0,0,0,1,6,0,5,2,5,1,0,0,1,0,0,3,4,7,0,0,0,1,0,0,0,SMP 2013,Tidak Ada,,,,,,,1,1,2
Jawa Barat,Kota Cimahi,Cimahi Utara,https://sekolah.data.kemdikbud.go.id/index.php/Chome/profil/E5389590-9396-405E-AB2F-29919324DC4F,https://referensi.data.kemdikbud.go.id/pendidikan/npsn/69990469,SMP IT NUR AL RAHMAN,69990469,Jl. Daeng Muhammad Ardiwinata No.77/A RT.002 RW.002,CIBABAT,KEC. CIMAHI UTARA,KOTA CIMAHI,PROV. JAWA BARAT,SWASTA,SMP,"Kementerian Pendidikan, Kebudayaan, Riset dan Teknologi",Yayasan Nur Al Rahman,AA5813,503.60/001/1174/DPMPTSP/2019,08-08-2019,503.60/001/1174/DPMPTSP/2019,08-08-2019,Lihat SK Operasional,2019-09-10 09,A,"2,170",1. Lainnya,2. Lainnya,PLN,,6634472,nuralrahman@gmail.com,http,-6.872900000000,107.552600000000,13,131,115,9,Sehari Penuh/5 hari,,2022/2023-2,66,9,1,1,2,0,0,15,1,13,0,0,0,1,12,0,10,3,4,1,5,0,2,1,0,4,9,9,0,0,0,1,0,0,0,SMP 2013,Lainnya,,,,,,,3,3,3
Jawa Barat,Kota Cimahi,Cimahi Utara,https://sekolah.data.kemdikbud.go.id/index.php/Chome/profil/295B13EA-6C7B-44A9-9C02-89D2DD58D956,https://referensi.data.kemdikbud.go.id/pendidikan/npsn/69989800,SMP IT PLUS BOARDING TAHFIDZUL QURAN ULUL AZMI,69989800,Kp. Cimekar RT. 001 RW. 029,CIPAGERAN,KEC. CIMAHI UTARA,KOTA CIMAHI,PROV. JAWA BARAT,SWASTA,SMP,"Kementerian Pendidikan, Kebudayaan, Riset dan Teknologi",YAYASAN PANTI ASUHAN ULUL AZMI CIMAHI,AW7718,503.60/001/1349/DPMPTSP/2018,30-08-2018,503.60/001/1349/DPMPTSP/2018,30-08-2018,Lihat SK Operasional,2019-08-20 16,B,0,1. -,2. Telkom Speedy,PLN,,0226648425,smpitululazmi83@gmail.com,http,-6.860200000000,107.542900000000,7,67,61,5,Pagi/6 hari,,2022/2023-2,"3,500",10,0,2,5,0,0,13,0,7,0,0,0,0,7,0,5,2,3,1,2,1,0,0,0,1,6,10,0,0,0,2,0,0,0,SMP 2013,Tidak Ada,,,,,,,2,2,1
Jawa Barat,Kota Cimahi,Cimahi Utara,https://sekolah.data.kemdikbud.go.id/index.php/Chome/profil/508B2806-2DF5-E011-940D-61622B500EDE,https://referensi.data.kemdikbud.go.id/pendidikan/npsn/20224079,SMP NEGERI 10 CIMAHI,20224079,"Jl. Daeng Muhammad Ardiwinata Km.2,5 RT.001 RW.011",CIBABAT,KEC. CIMAHI UTARA,KOTA CIMAHI,PROV. JAWA BARAT,NEGERI,SMP,"Kementerian Pendidikan, Kebudayaan, Riset dan Teknologi",Pemerintah Daerah,,420/Kep.29-Disdik/2003,28-02-2003,420/KEP.29-DISDIK/2003,28-02-2003,Lihat SK Operasional,2023-01-30 09,A,"2,760",1. Lainnya,2. Lainnya (Serat Optik),PLN,,0226646527,smpn10cimahijuara@gmail.com,http,-6.867600000000,107.561900000000,45,524,537,28,Sehari Penuh/5 hari,,2022/2023-2,"16,500",28,2,0,1,37,2,0,6,10,0,18,17,35,10,1,40,4,5,4,1,2,8,12,13,11,34,9,0,19,1,0,0,0,1,SMP 2013,Lainnya,,,,,,,9,9,10
Jawa Barat,Kota Cimahi,Cimahi Utara,https://sekolah.data.kemdikbud.go.id/index.php/Chome/profil/90A14A06-2DF5-E011-8179-5D6C2532A557,https://referensi.data.kemdikbud.go.id/pendidikan/npsn/20253267,SMP NEGERI 11 CIMAHI,20253267,Jl. Torobosan Kp.Cimenteng RT.001 RW.012,CIPAGERAN,KEC. CIMAHI UTARA,KOTA CIMAHI,PROV. JAWA BARAT,NEGERI,SMP,"Kementerian Pendidikan, Kebudayaan, Riset dan Teknologi",Pemerintah Daerah,,860/KEP. 75/DISDIK/2008,30-05-2008,860/KEP. 75/DISDIK/2008,30-05-2008,Lihat SK Operasional,2019-05-14 15,A,"1,338",1. Indosat IM3,2. Telkom Speedy,PLN,02286600105,02286600105,smp11_cmh@yahoo.com,,-6.844200000000,107.547900000000,24,261,216,12,Sehari Penuh/5 hari,,2022/2023-2,"23,000",12,3,1,16,19,2,0,3,6,0,12,6,21,3,1,18,5,3,2,1,2,6,4,6,7,17,12,0,0,0,1,0,0,0,SMP 2013,Indosat IM3,,,,,,,4,4,4
Jawa Barat,Kota Cimahi,Cimahi Utara,https://sekolah.data.kemdikbud.go.id/index.php/Chome/profil/F6D90C9E-181C-4391-85A9-66E96E494669,https://referensi.data.kemdikbud.go.id/pendidikan/npsn/69988299,SMP NEGERI 12 CIMAHI,69988299,Jl. Babakan Loa No.11 RT.006 RW.003,PASIRKALIKI,KEC. CIMAHI UTARA,KOTA CIMAHI,PROV. JAWA BARAT,NEGERI,SMP,"Kementerian Pendidikan, Kebudayaan, Riset dan Teknologi",Pemerintah Daerah,,642.2/Kep.1166-Disdik/2019,26-06-2019,642.2/Kep.1166-Disdik/2019,26-06-2019,Lihat SK Operasional,2019-06-27 13,A,0,1. -,2. Telkom Speedy,PLN,,,smpn12cimahi@gmail.com,,-6.886100000000,107.564500000000,22,295,254,15,Sehari Penuh/5 hari,,2022/2023-2,"4,400",15,3,1,2,16,0,0,6,7,0,8,7,17,5,0,22,0,4,1,0,3,2,4,8,14,8,0,15,0,0,0,1,0,0,SMP 2013,Tidak Ada,,,,,,,5,5,5
Jawa Barat,Kota Cimahi,Cimahi Utara,https://sekolah.data.kemdikbud.go.id/index.php/Chome/profil/7C4D84FE-0749-49EC-9301-A978BB3189D6,https://referensi.data.kemdikbud.go.id/pendidikan/npsn/69988300,SMP NEGERI 13 CIMAHI,69988300,Jl. Encep Kartawiria No.49 RT.002 RW.015,CITEUREUP,KEC. CIMAHI UTARA,KOTA CIMAHI,PROV. JAWA BARAT,NEGERI,SMP,"Kementerian Pendidikan, Kebudayaan, Riset dan Teknologi",Pemerintah Daerah,,642.2/Kep.1167-Disdik/2019,26-06-2019,642.2/Kep.1167-Disdik/2019,26-06-2019,Lihat SK Operasional,2019-06-27 13,A,0,1. XL (GSM),2. Lainnya (Serat Optik),PLN,,,smpnegeri13cimahi@gmail.com,,-6.861400000000,107.549200000000,25,294,272,15,Sehari Penuh/5 hari,,2022/2023-2,"3,300",10,0,1,6,18,1,1,5,7,0,6,12,19,6,0,22,3,4,1,0,3,4,7,6,7,18,10,0,0,0,1,0,0,0,SMP 2013,XL (GSM),,,,,,,5,5,5
Jawa Barat,Kota Cimahi,Cimahi Utara,https://sekolah.data.kemdikbud.go.id/index.php/Chome/profil/007E2806-2DF5-E011-871F-35CA6257EE5B,https://referensi.data.kemdikbud.go.id/pendidikan/npsn/20224077,SMP NEGERI 5 CIMAHI,20224077,Jl. Cipageran No.146 RT.005 RW.015,CIPAGERAN,KEC. CIMAHI UTARA,KOTA CIMAHI,PROV. JAWA BARAT,NEGERI,SMP,"Kementerian Pendidikan, Kebudayaan, Riset dan Teknologi",Pemerintah Pusat,,0557/0/1984,20-11-1984,0557/0/1984,20-11-1984,Lihat SK Operasional,2016-09-06 15,A,"9,520",1. Lainnya,2. Lainnya (Kabel),PLN,,0226611106,smpn5_cmi@yahoo.co.id,http,-6.855200000000,107.538700000000,50,533,529,30,Sehari Penuh/5 hari,,2022/2023-2,"33,000",31,1,2,0,36,1,0,13,17,0,14,19,35,15,0,39,11,13,2,1,6,5,9,14,8,42,12,6,13,0,1,1,0,0,SMP 2013,Lainnya,,,,,,,10,11,9
Jawa Barat,Kota Cimahi,Cimahi Utara,https://sekolah.data.kemdikbud.go.id/index.php/Chome/profil/805F4A06-2DF5-E011-B0D2-1946CEDB45B8,https://referensi.data.kemdikbud.go.id/pendidikan/npsn/20224101,SMP PASUNDAN 1,20224101,Jl. Ciawitali No.162 RT.007 RW.009,CITEUREUP,KEC. CIMAHI UTARA,KOTA CIMAHI,PROV. JAWA BARAT,SWASTA,SMP,"Kementerian Pendidikan, Kebudayaan, Riset dan Teknologi",Yayasan YPDM Pasundan Bandung,AA4902,151/102.KEP/E.80,08-10-1980,151/102.KEP/E.80,08-10-1980,Lihat SK Operasional,2020-08-27 13,A,"2,109",1. -,2. Telkom Speedy,PLN,0,0226643540,smppasundan1cimahi@yahoo.co.id,http,-6.868100000000,107.551400000000,23,221,195,14,Sehari Penuh/5 hari,,2022/2023-2,"5,500",29,0,1,1,0,0,18,8,23,0,0,0,13,10,0,19,4,6,2,2,7,2,1,3,10,13,29,0,0,0,1,0,0,0,SMP 2013,Tidak Ada,,,,,,,4,5,5
Jawa Barat,Kota Cimahi,Cimahi Utara,https://sekolah.data.kemdikbud.go.id/index.php/Chome/profil/E0514A06-2DF5-E011-B869-0D075CDA3954,https://referensi.data.kemdikbud.go.id/pendidikan/npsn/20224098,SMP PGRI 4 CIMAHI,20224098,Jl. Daeng Muhammad Ardiwinata Kavling IPTN RT.003 RW.003,CIBABAT,KEC. CIMAHI UTARA,KOTA CIMAHI,PROV. JAWA BARAT,SWASTA,SMP,"Kementerian Pendidikan, Kebudayaan, Riset dan Teknologi",Yayasan Perwakilan YPLP PGRI Kota Cimahi,AD7825,07/YPLP-PGRI/KPT/1985,31-01-1985,165/I02/KEP/E/86,28-06-1986,Lihat SK Operasional,2020-08-30 19,A,658,1. Lainnya (Serat Optik),2. Lainnya (Serat Optik),PLN,0226631420,0226631420,smpgri4cimahi@gmail.com,http,-6.875500000000,107.551600000000,17,225,229,13,Sehari Penuh/5 hari,,2022/2023-2,"4,500",9,1,1,2,2,0,10,5,15,0,2,0,8,9,0,15,2,3,3,3,3,2,2,1,5,12,9,0,0,5,1,0,0,0,SMP 2013,Lainnya (Serat Optik),,,,,,,5,4,4
Jawa Barat,Kota Cimahi,Cimahi Utara,https://sekolah.data.kemdikbud.go.id/index.php/Chome/profil/26BA9377-DB39-426E-9D54-42546523AC5C,https://referensi.data.kemdikbud.go.id/pendidikan/npsn/70030409,SMP PLUS NURUL AULIA,70030409,Jl. Sukarasa No.26 RT.004 RW.011,CITEUREUP,KEC. CIMAHI UTARA,KOTA CIMAHI,PROV. JAWA BARAT,SWASTA,SMP,"Kementerian Pendidikan, Kebudayaan, Riset dan Teknologi",Yayasan Nurul Aulia,AD7858,503.52/002/0560/DPMPTSP/2022,31-03-2022,421.3/Kep.0115/DISDIK,14-04-2022,Lihat SK Operasional,2022-07-06 22,,"3,150",1. -,2. Lainnya,PLN,0226651788,0226643888,smppnurulaulia@gmail.com,http,-6.862260000000,107.555360000000,9,13,13,1,Sehari Penuh/5 hari,,2022/2023-2,"7,700",1,1,1,3,0,0,1,9,9,0,0,0,0,9,0,6,3,5,3,1,0,0,0,0,3,6,1,0,0,0,1,0,0,0,SMP 2013,Tidak Ada,,,,,,,1,0,0
Jawa Barat,Kota Cimahi,Cimahi Utara,https://sekolah.data.kemdikbud.go.id/index.php/Chome/profil/B06C4A06-2DF5-E011-A765-1568B39808D5,https://referensi.data.kemdikbud.go.id/pendidikan/npsn/20224090,SMP TARUNA MANDIRI,20224090,Jl. Komplek Sangkuriang No.36 RT.002 RW.005,CIPAGERAN,KEC. CIMAHI UTARA,KOTA CIMAHI,PROV. JAWA BARAT,SWASTA,SMP,"Kementerian Pendidikan, Kebudayaan, Riset dan Teknologi",YAYASAN PENDIDIKAN DARMA BAKTI MANDIRI,AD7835,019/I02.Kep/E 84,20-01-1984,1901/I.02.4/R.83,10-11-1983,Silakan Upload SK (link file tidak valid) => [433037-999299--],2021-03-27 21,A,"38,012",1. XL (GSM),2. Telkom Speedy,PLN,0226626874,0226626874,smptarunamandiricimahi2015@gmail.com,,-6.866600000000,107.536200000000,12,79,75,7,Sehari Penuh/5 hari,,2022/2023-2,"22,000",7,1,0,3,0,0,9,4,12,0,0,0,6,6,0,10,2,2,1,2,3,0,1,3,4,8,7,0,0,0,0,0,0,0,SMP 2013,XL (GSM),,,,,,,2,2,3
Jawa Barat,Kota Cimahi,Cimahi Utara,https://sekolah.data.kemdikbud.go.id/index.php/Chome/profil/8F469F72-9416-40B5-9716-62145A3277AA,https://referensi.data.kemdikbud.go.id/pendidikan/npsn/70032335,SMP TRIDAYA TUNAS BANGSA,70032335,Jl. Encep Kartawiria No.163 RT.002 RW.018,CITEUREUP,KEC. CIMAHI UTARA,KOTA CIMAHI,PROV. JAWA BARAT,SWASTA,SMP,"Kementerian Pendidikan, Kebudayaan, Riset dan Teknologi",YAYASAN BANGUN TUNAS BANGSA,AA4935,503.52/003/0561/DPMPTSP/2022,31-03-2022,421.3/Kep.0143/DISDIK,23-05-2022,Lihat SK Operasional,2022-08-22 10,,"20,090",1. Lainnya,2. Lainnya,PLN,,86002410,smptridayatunasbangsa@gmail.com,http,.000000000000,.000000000000,4,33,49,3,Sehari Penuh/5 hari,,2022/2023-2,"10,600",3,2,1,1,0,0,2,3,4,0,0,0,0,4,0,3,1,3,0,1,0,0,0,0,0,4,3,0,0,0,1,0,0,0,SMP 2013,Lainnya,,,,,,,1,1,1
Jawa Barat,Kota Cimahi,Cimahi Utara,https://sekolah.data.kemdikbud.go.id/index.php/Chome/profil/00AF4A06-2DF5-E011-959D-2175A2D5D757,https://referensi.data.kemdikbud.go.id/pendidikan/npsn/20224089,SMP TUTWURI HANDAYANI,20224089,Jl. Encep Kartawiria No.93 RT.005 RW.002,CITEUREUP,KEC. CIMAHI UTARA,KOTA CIMAHI,PROV. JAWA BARAT,SWASTA,SMP,"Kementerian Pendidikan, Kebudayaan, Riset dan Teknologi",Yayasan Tut Wuri Handayani,AD7865,943/102/KEP/E/88,15-02-1988,369/102/07/R.87,24-04-1987,Lihat SK Operasional,2022-11-02 07,A,912,1. XL (GSM),2. Lainnya (Serat Optik),PLN,,0226654909,smp.tutwurihandayani@yahoo.com,,-6.865100000000,107.547200000000,14,125,104,8,Sehari Penuh/5 hari,,2022/2023-2,"6,400",13,1,1,5,0,0,15,1,14,0,0,0,8,6,1,9,4,0,1,1,4,3,4,1,6,8,2,11,0,4,0,1,0,0,SMP 2013,XL (GSM),,,,,,,2,3,3
Jawa Barat,Kota Cimahi,Cimahi Utara,https://sekolah.data.kemdikbud.go.id/index.php/Chome/profil/80874A06-2DF5-E011-90F7-055F03DE80F2,https://referensi.data.kemdikbud.go.id/pendidikan/npsn/20224081,SMPK BPK PENABUR,20224081,Jl. Encep Kartawiria No.75 RT.005 RW.001,CITEUREUP,KEC. CIMAHI UTARA,KOTA CIMAHI,PROV. JAWA BARAT,SWASTA,SMP,"Kementerian Pendidikan, Kebudayaan, Riset dan Teknologi",Yayasan BPK PENABUR Cimahi,AD7813,VI / 170 / 491,05-09-1963,1893A/102/107/R.86,23-12-1986,Lihat SK Operasional,2021-04-13 14,A,"5,670",1. -,2. Telkom Speedy,PLN,0226629036,0226654991,smpkbpkpenaburcimahi@gmail.com,http,-6.866900000000,107.545800000000,11,105,98,8,Sehari Penuh/5 hari,,2022/2023-2,"23,000",11,1,1,3,0,0,12,2,11,0,0,0,9,2,0,8,3,0,2,0,1,3,4,1,7,4,11,0,0,0,1,0,0,0,SMP 2013,Tidak Ada,,,,,,,3,2,3
